262.5,94.5,16,26
261.0904779664743,91.07079882267053,15.848903015524597,25.947979200078244
260.5556775503912,90.68839246280669,15.611708878615001,26.059394435268022
260.18970617313477,89.7407852600959,15.692590543343558,26.001425571337077
259.2851897152407,88.96870686831173,15.546937681824767,26.24245850336741
257.6628384909348,87.92236464269168,15.528190594853042,26.377073233257445
256.0332921828923,86.40426318429952,15.515417357628099,26.79578346739371
253.72939224483753,84.69606504112272,15.500616656045397,26.91032219825287
253.06767517966418,83.6070631337043,15.500413088877545,27.102869466817882
251.6830425206747,79.44930042493375,15.611003634111652,27.442370566124293
250.8773308377747,77.65764293237311,15.879276767991314,27.667809971444953
250.43876323749492,76.1205356107812,16.07694209668817,28.024145127177977
248.33292122302853,73.9606396615348,16.15999827583773,28.215309175887537
247.2171206066382,73.41363343216648,16.31455907187751,28.61697482237722
245.3868361919636,70.49709954617693,16.470522656828198,28.842674203318786
243.52379736801782,70.33112643483284,16.662036923083516,29.17462042600696
241.9867750463921,67.60259118084227,16.875754873504775,29.626119221535216
241.21209212492315,66.5481228631607,16.97432393348208,30.284259073937747
238.80421362809227,63.79685994345253,17.369199721593,30.629090173544803
237.84007896507615,63.45712854939062,17.800203170936957,30.559920023324477
235.0081364428745,62.50091693575838,18.17964512749214,30.96250236834663
232.56288920865768,61.1180019005989,18.466227142739427,31.42637621207239
230.8398617386537,59.27156742410362,18.79606186271697,32.00302494503254
229.4792193856392,56.651569691635316,19.13775328428014,32.48383384103758
228.65666306701328,56.3450423836844,19.170630852115174,33.0968884569394
228.50210274094516,54.51642811501097,19.479751504251396,33.49102247000394
228.09676450849838,51.385943193209016,19.46357023580638,33.96398818023795
227.55066618708028,49.8216049101767,19.7221709754211,34.59187703663802
226.53608984269485,47.57545819998772,20.05674802266169,34.84773135319026
225.5899355449785,47.72528668359899,20.235540944875822,35.404832222577014
224.06510033893048,44.08741123369007,20.68106978078887,35.73620558590689
223.0225995396444,41.56584599656466,21.005037329063953,36.3767509344151
219.7886304513639,38.23746323327879,21.204422871828683,36.76496382719059
219.18261621132513,37.497846281530535,21.511807168384486,37.33955354716535
217.9553089109214,34.57023566770752,22.12967105383441,37.68452262873856
216.2228253240472,32.9779562837031,22.7927609295701,38.067204098734734
215.41928891625867,30.846067848634764,23.44898536644816,38.52758745407551
213.7814398854954,28.534648828553262,23.818401786787874,39.2753833059894
212.09531293123163,27.139910903046204,24.232293968624656,40.09261800587637
207.88278055829403,22.911263683248006,24.61525305921637,40.5078067901892
206.59250186517636,22.296663720610553,25.16001700303886,40.71910999425768
205.39207306156675,21.39082838446047,25.500459550949103,41.500573136903384
204.11393449505925,20.42047422080239,25.96156481696662,42.393695530720805
203.37771352097246,19.028560367036956,26.36535018789371,43.0402100837587
202.58027371303461,18.766292272546846,26.875143686759337,43.56474627273892
201.79249560699787,16.744276656531692,27.349221919501623,44.304343566775835
203.85209224347275,15.23957223863453,27.711936962371723,45.07279824466022
203.11981412242676,14.862028232744663,28.038457613893517,45.82788625643995
203.54335927568806,14.517980652584917,28.346152408118158,46.515981416759445
205.76265359561833,14.281201678419535,28.58843545514189,46.98953936509021
205.61116254562424,14.609102644555325,28.89141755513008,47.515089650133895
207.16361234095262,14.360690700791988,29.369366328457446,48.01191353766057
208.18744018390169,13.023410273430198,29.74116930701512,48.267015727928346
208.1094713690474,12.867862021555887,29.897106936723667,48.57811223167697
209.2843185042009,12.189968333689201,30.001502754140983,48.70685456354818
211.04815279940723,10.695329001746519,30.165993537606873,49.234693644847844
211.1846399322515,9.468538120038566,31.134376301491848,49.20556134911669
214.67087371889266,5.915093551845189,31.704921419193596,48.769437794519405
214.52093602639283,6.45187354759846,32.00479680419323,48.95604735319317
217.50794753833662,5.60900861044005,32.370614249672975,48.10584103976305
219.9069063358632,6.535372922640914,32.617795962981944,47.51438724245184
221.05832171000918,9.993252286016887,32.82788717716055,48.13739440311178
224.1101780251222,16.889662655964713,33.07083715691602,48.307231405175315
230.83479792476413,38.45262206568332,32.38076201901694,49.83838890058472
235.13041509894657,42.51937178264396,31.51436134757083,50.71719542306872
245.42626653017837,64.22723957729947,31.500699160000366,51.02979626790539
264.9992622096635,65.48311900805658,32.362192849033804,49.80860144019775
274.2919519506925,51.10306104599419,33.077551277777616,50.2609684284799
278.08661266619674,44.43048634543864,33.32077719813014,49.24644768542916
296.7872019331764,6.694607752911438,33.45169892752731,48.3597939898617
309.2707809993105,-3.7607310361767254,34.144763431326396,46.17627119557745
315.8626173624903,-3.7767706514764043,34.83589111858078,43.68565944188336
324.2734772491832,-5.050955658848576,35.298499652525805,41.29564994024745
339.57920111145916,-6.476954217600797,36.02439402381613,39.3265175045454
338.355876614316,-2.2897765588715053,37.28469938621626,38.07022397840411
353.81962108882914,0.3244103537438576,36.02410011699986,39.961903676327736
354.63944087784535,-3.347271380500441,35.58068874424133,41.324126118447026
360.42977455573924,-2.90588655623365,34.8923145369942,40.441356469913444
369.52155463590225,-1.2622226632655398,34.492036549820966,39.52513297373095
369.7208916366245,6.946954108275314,34.09336254837654,38.25113996124155
372.9794038339344,20.580114088165132,33.27040326476838,38.31633253431757
373.0658410149278,47.69411156732174,33.09752890278148,37.040878676830175
373.7233458884307,49.96562362015257,31.78251915577578,36.914275927246244
377.3024577508804,64.88902950694099,32.19188625164516,35.17565863081101
378.7682375548795,66.58486784016823,32.44226476617292,33.90527404604035
383.7035799174351,63.80805217597312,31.974596659811866,33.19022762859711
385.981551310871,62.59380074651773,31.52334612939308,32.540211295168085
389.18847079637067,56.00526411134925,31.162566040564485,31.593480507106726
391.88823777525374,52.471265951961186,30.70442394793579,30.755249841662923
396.86000026157114,49.04044655420571,30.43958693366349,29.873938270483915
398.45787291628676,47.55325805831496,30.093268179454455,29.049079855302566
402.7497263194605,45.205819089339414,29.89161478683171,28.155922184103865
403.4041522990796,46.107438171172056,29.49679509831754,27.26671629116261
405.84960789576627,46.9684628302892,29.074589309811085,26.438408053901718
407.84543666001247,47.33657728192274,28.57882764929696,25.70217915063462
408.07947420524846,48.480637236333465,28.110752558825,25.12309695140512
407.88728258826455,48.320015341131466,27.657137591660852,24.606342540677222
408.4110513474898,49.00829525874557,27.432296368392098,24.052479000630687
407.3593002135592,48.867316850364745,27.1047576803671,23.524088832096943
406.69560471431356,49.01623096267764,26.838536654990495,23.226260607471158
405.6989278538682,48.266967517894415,26.468164035859783,23.14896993702328
405.42573013491193,49.16467636487853,26.233624496577995,22.915422197443558
405.20117457247875,49.30805794954209,25.909175999943304,22.628659028116445
404.595507026214,51.39165523303951,25.59263354427732,22.281158331610158
403.3050831225503,51.534273586860486,25.15961356724407,21.995921623968204
398.32630003334395,53.87803605840483,24.72653496170839,21.761530159714514
397.0803444702778,55.10251402520691,24.291553449131783,21.50774370514201
397.2429051648097,55.91780684078083,23.96643206006792,21.31898929596229
397.04117052887204,57.0614785117531,23.657049826164965,21.170200471352487
397.54264123416624,57.80794233004007,23.359777735787326,21.088611475200096
399.143151818302,60.58991717905182,22.957741178783184,21.122630999711205
399.6437038704299,62.31559091042464,22.65066575891769,21.141426958917254
399.3940427613798,63.80696158685571,22.460451118977627,20.916833038215977
399.50715227634026,65.9335045661855,22.23423208905673,20.761739259809087
398.59730307659936,67.38592309102681,22.02292258521439,20.56491274789206
398.0562111853615,68.81108570680817,21.76395375541672,20.39689274087597
397.5380522844874,69.20242271237674,21.472545406584118,20.278081805029267
396.3465873424809,69.30021825919928,21.225783613700663,20.082490711384207
395.13193485488426,70.68198673009589,21.053241738004733,19.92080062048015
393.27135412214346,70.76638195940014,20.903209830047878,19.752010161871652
392.4265821941414,71.8393765788996,20.672227146196033,19.52654746272866
389.3289529264524,71.95817776591583,20.537612789324417,19.288945088696206
388.48957897729446,72.98378341121968,20.335022233364175,19.119072252364642
386.08759593948736,73.0783562611139,20.168983917490717,18.929926552576212
386.543436577926,73.69586353280904,19.872956213761338,18.926219155481768
386.9633631543005,73.75898277241379,19.644068220072832,18.79998067627226
386.18526287250853,75.29790638417778,19.384123955271846,18.749041500052545
386.59034606377486,76.1831378486533,19.174459042393252,18.780082980063447
385.4736122617426,76.85077828621922,19.017121620552828,18.640204617884052
385.2507387237625,77.21026536436561,18.869847363297968,18.514251794806466
383.83538535457126,78.17613385098653,18.75695753829924,18.348672759593292
382.43223695334575,78.84904638690509,18.64159538538744,18.17151126990133
381.6691073643731,79.49514877491961,18.428688123650385,18.038750786993866
380.6531788262366,80.96533782072189,18.163416524714535,17.969783539400336
379.6464252176757,81.56882960538597,17.900824821696304,17.900849430142205
376.94568684358177,81.62246815973657,17.664242632587108,17.793572321441026
376.76274538515764,82.49786961710787,17.471735691341653,17.71793898097956
375.7816826143092,83.06485964839638,17.217202376181397,17.692288346831138
375.595485064542,83.05300378440455,17.03985444377213,17.7160000748148
374.8558649138967,84.19643563240201,16.877163552157846,17.618377969359617
374.09656547425806,83.98593442657881,16.76614586617303,17.496174859251994
373.85577941618425,84.56096564059979,16.708184496892454,17.425179402066345
