197.5,203.5,170,149
190.81764467550707,200.60366362021588,172.3229107268857,148.77177279851816
190.06310657628978,198.13122940072844,173.83198692532028,148.66343356837334
207.58473797472655,200.67065165606263,174.31232389238272,148.65938902398153
222.90821232345175,200.75914699327865,174.1583123161817,148.48239834954947
238.2269698943722,200.7390014337803,173.98239056157112,148.52268946854622
250.9901484711438,198.17472018718075,173.83034420700594,148.57638980194963
263.6841749988108,200.84983601032178,173.80917091169903,148.29953410767305
258.42178951929225,192.7824071882824,174.19674268542127,149.22859297377948
223.08520944754753,171.01024208185396,173.61667001800856,146.96727352248502
183.47876402037073,171.199715843803,172.12230769197555,146.58832599858692
159.18802379876644,170.90042802366014,170.55342288199932,147.18690163887268
151.38636772153234,168.87805282706194,171.1555323878322,146.2312511491906
163.9327170996113,163.80816362212985,171.03464679685922,146.3823042929808
197.00133932290572,172.81060111713543,169.83138512960238,148.35711631199487
242.79545714904037,177.52573189461594,168.38694817345325,148.94283238993606
295.99824979808676,187.030723893032,166.8758065793968,149.91274243196796
310.954991807902,187.68384319652307,166.88436872574042,148.6065038249858
287.40431026424295,195.1405749847601,164.3229791399045,148.5918660504579
231.91196249631258,195.3081536148985,162.00425115469463,148.2567087901811
187.6525158559965,195.86160446726024,162.5967424318735,147.1498070854576
162.4599321739994,194.3394197846992,164.21809200185484,145.31779467117838
157.0719005400962,184.7318611159534,165.2495380650111,145.04367759936974
164.9421798127762,172.9332815443011,164.16072912018916,144.2212540751109
179.39867683167793,171.1747558743001,164.37095879863642,142.88443479573777
193.34900858348112,169.1465525369182,165.48454874949596,142.10513256142391
200.93409495563128,172.37727040346857,164.83567388957658,140.48412945645015
215.30002608623852,183.958047275778,164.92997819111596,141.34438118079288
220.65145327901908,199.7416571053928,163.86640695518548,138.69501097045512
218.08437009014443,231.4750801322577,164.23995065735815,137.11625969922216
232.027351904986,260.525406015257,164.79974096242753,135.90711580272878
244.22096853976925,262.95510210121864,164.06287362622157,135.77779681747757
232.4095768511148,255.9328951100236,164.10243217852923,135.67227590486684
215.6289837685062,239.98840973846606,164.65476177799815,134.55239008223367
199.72420446388014,231.9389101274196,163.52261274099712,136.53351459878954
193.07613028680893,196.94119750867983,162.6572244450594,135.72125658586816
191.15963009552752,178.46249118907843,161.79614022634402,135.1259924148454
204.69473442573792,190.21339822319229,162.75325776918191,134.98028351599993
226.15018172706118,218.2593821144339,161.99489463126417,135.09169101982175
249.67692851745227,239.39042104935817,161.67870750434278,134.8931889584479
261.51864364410517,251.02426108607966,161.32357199789652,134.9538036318644
257.02303418056664,241.95019347366053,160.99246479821977,134.45728660319529
240.68203418162256,205.35344287403558,161.13805679700894,133.28185523307602
209.1591812838396,182.23032468932422,159.34496077105712,133.21466172998606
171.16920773877348,174.5662530125183,157.079999834046,134.73488013763142
134.46379573321394,183.88157206673355,157.01657562314958,134.47280408470473
129.55665818827268,195.58605670621535,157.65694972326747,133.99858728015283
131.84506560901377,210.01998252784298,157.6693561404005,132.66606318858902
145.40455419248332,205.73737640468755,157.95820305894588,132.09533407307177
164.19166125961596,203.2489610639716,156.88983247446603,132.50893431078046
194.07680554503543,198.808029294452,156.3139489227215,132.28396630842045
211.9817475587102,207.86051555583796,156.83133431000007,132.34262849296255
238.84464502163297,225.93828227451297,157.70357746113845,132.58578710693521
261.8827116559395,246.58874409088168,157.2995020325084,132.38971553018246
277.96412061697015,246.5286078589162,157.0413999671,132.50998799411346
291.9896015910571,246.2720611563287,156.3250657770952,133.0230813992884
269.103087289398,238.87141575971083,156.56841239867435,134.16546759800232
213.2966017635415,217.74536133588475,153.8042128989954,135.24179504715346
167.09847082453115,190.5010032700464,155.20930606962426,135.1358099543951
178.41870061250845,189.81926887011127,155.41700297550807,136.49927875426536
215.59264538196658,190.60113494214136,154.58419888382014,134.93554661020517
244.83446993302852,188.7631684977062,155.33817431867843,134.05473915007684
258.4968736037647,202.65106927705807,155.33908531040922,133.60465592457626
272.0210556655292,211.9599774713448,155.57317569215334,133.17514253951822
274.2782064857003,225.98437763213252,155.60267029205838,132.38911965942657
269.46190327889065,255.0299954112402,156.17203877985833,133.20893061903706
251.35232124278093,263.38147813931425,155.96246494523677,134.72033411630952
248.75687503243833,265.1309722580253,156.578732228379,135.79597101643031
248.40674537199016,258.0655762392158,157.27899154927536,136.12251187729177
230.04273465891117,251.019062819982,157.06707615245122,136.36306240714106
209.5128922247056,243.86303119389746,156.5641266299553,136.82091419567445
205.1648827944547,238.4948986201388,156.02490399487323,138.3219378476079
208.0798582177059,222.57632212286876,154.8282401180184,137.72608205461486
222.13441253717318,218.99852840546203,154.35024885835486,135.67129702967134
231.27524565917687,208.42205942202543,154.32818127425736,133.99973667165716
226.636371566736,174.86122331661784,154.5303796593514,133.05478538406405
239.7287730107327,157.33277275739013,155.5000302143103,131.90574857858297
253.10420451784339,166.9847843810159,155.88273175343062,130.69076836689248
266.8567965155375,192.17085665893705,155.42918989397688,129.91330106026336
264.9261201945391,221.80075657500072,154.8014537465424,129.01165549074128
265.07708067411437,251.07197527565594,154.49953278739193,128.51268704351304
256.2728158272686,271.3813885148696,154.29931975049624,127.96353170890686
220.50667520759737,266.90790831167385,154.78768658588945,128.03000281480485
195.36799299975053,242.59785298774375,156.12785854690387,127.71292100798576
172.7467794172827,219.70760023044235,156.7269811960145,128.85012200676346
159.26265840995916,189.61113034649452,156.74371952151026,130.6481371148313
166.07627478024204,173.16323954971244,156.68005439179183,131.89559428308502
179.73370377927876,186.3245742502487,156.60703397319958,132.81476246149361
193.57904528609026,210.03116292441487,156.2401817313173,130.94130306606252
191.70497212561025,242.09064847311222,155.47017426368325,130.07648500898455
189.5201293362466,269.49664275451596,155.34750965765465,129.17269866324767
189.5680927353134,264.99760539700395,155.25158285952108,129.21899225499752
201.04008622279736,256.72799039194166,154.6833935945947,127.85758409708886
214.34851424678124,236.43498152848184,154.733223522099,128.44357286080051
227.68155891461922,212.6587282407744,154.79515428763847,126.99470925065387
225.45121293819042,219.1881732756077,154.82361289610998,127.23251921414536
219.35338204908595,221.49679702052637,153.70973661623677,127.0517844103354
215.2302521589598,217.30717074949212,153.12308457958625,126.59812513550105
204.34864170475095,201.3399405314969,152.8857838764219,127.73185531527668
181.81087706716022,184.30877074604797,153.81396592696566,126.47631710646439
162.2581117000913,179.86948014374784,153.24058110378377,126.53736152054915
175.45027023064955,190.56780496790572,153.2618555846906,127.14537149058623
209.37500376552285,205.81371155122503,151.57845348961672,127.53105531212819
240.20503687277125,216.74788076703555,151.3972168010707,127.61944171120379
240.306747816133,228.19652335380607,151.19379491434722,126.67201881720248
218.69909703457532,238.49308274626276,150.69332092047415,127.93678781078336
173.55089902935833,253.39400691168265,148.9211902750595,128.8244483652264
135.81525628021996,247.06427617940997,150.0840535218547,128.37065884421628
128.8899145575769,214.57260683746978,150.78939907104726,127.62730804762852
137.50605597198995,191.27648270943212,151.079997486565,126.03163288175821
165.93917325539505,188.43118373688793,150.8873074934046,127.36272739810428
205.84323258535568,199.2360350526943,149.88271084300663,127.64289199135914
236.48907381041414,210.95565858849523,149.7286396583344,126.03850608598748
247.04506676062311,204.12384785511242,150.31056217141096,126.6857825046563
240.47634727145874,193.70099529768405,150.37346431867468,125.74059290107124
216.85388365156956,172.3658677120725,149.83521873725306,124.97160005302172
182.08839964226013,165.34238538716798,150.19441290976127,126.04885710668496
164.46994761643515,174.1831337121792,150.66226713007578,125.75188537233024
161.8591885833025,169.85409902533294,151.53522779221217,125.71283993776503
179.37302652193827,149.80531264934103,151.39854696341024,126.5580432602205
231.01540678889407,142.14996031717453,148.69041667535117,128.75005702292057
280.89187155725705,137.24365007546396,149.36282910555698,129.8300390744346
293.325542997747,133.11299320067678,150.8597694668214,129.30325840992754
288.55180403636933,129.2301092005406,151.58974742177023,128.25152644239333
253.49797256716937,140.31684393456948,151.24755267201195,128.09363750188504
216.09476899077055,163.21160426894653,151.3339560486045,126.25706023089865
194.09727596988597,194.18861704838352,151.65843839079085,125.44173985144046
189.53328552343868,213.57028692276026,152.06862538147186,125.90847266264777
189.21798878423527,213.64073826738277,152.69921885987864,125.76756997340279
200.11819313804187,199.0291491840945,152.79967745103042,128.70970738146133
213.16874883657042,176.6869944923739,153.27351863463963,129.1024291304588
228.61860068551968,164.52374365822345,153.47334898030903,131.21497791049697
237.11996743668098,160.93944552835075,154.39003026445215,129.4238667770095
233.3471700564947,172.18474487108705,153.0052552497002,129.2591925293481
213.79041268791065,182.31758722593403,152.14819299095748,131.1993839284935
193.81965983666328,171.55352074890106,151.95764859549521,130.43193349480555
173.2936252695121,149.69746546032655,153.0150780163869,129.7055555014982
153.3137239299416,137.59872555652422,152.93830192275055,131.66049154644884
133.12449007108282,137.2435294271293,153.00812642794318,132.3708838052387
128.89766044353323,159.97985837618907,152.47934785915544,131.8104150265538
145.47262860797053,170.8792777603081,150.64772704451,132.3818016256223
176.83719218214105,166.28208862865583,150.2863150068721,132.66650630168357
217.64981532160408,161.28321343875305,148.8292808611258,133.75667755558027
248.9822886051898,158.89962853749734,148.44459043662766,134.075257633615
277.74750401163305,175.56987300233988,148.73416297096313,131.86861666012632
272.9472635732949,191.10283202730784,149.50075286559345,131.7213170473515
252.58630504702884,201.63525404475104,150.38434307998097,132.78887681143428
232.3129197604799,197.35094382387496,150.8157011939341,132.44296115115432
210.43560757799784,194.70285342610663,149.9861269072947,133.28072208153068
170.42637930330812,198.89733066338394,149.74338454143518,133.80967859755816
147.39762222597142,197.9732945998416,151.16450174504686,131.19411102953663
162.98316472556593,193.6478756222736,151.10009409826915,130.95732688398368
193.70855746186515,182.64719456185802,151.79554120478429,130.7636059408457
208.5141392278987,154.5990722632902,153.31105098590496,129.05317152777542
210.46713517262168,127.30157741102899,153.84763552587677,130.337244079285
226.34093933027043,113.22319821423288,153.40068165096145,131.6648700954067
253.75096900905376,123.08894301345649,152.41211415936385,129.87721111894916
265.042765995272,145.64816975168404,152.0383129438219,129.17834315628306
266.8296788160565,163.21106538611494,152.8894365237115,129.4521456590905
273.02944381913966,172.17775783808386,153.81738454726425,129.28873146144468
270.6725644704022,169.95026026168637,154.07696462629798,129.2895479957985
268.57372713041764,170.2847409429802,153.81644483815472,128.62058663321088
262.04722893975605,180.6861948348541,153.53923979424178,130.03468122485663
239.50421056897872,193.48512701115902,154.00633340038104,131.20818275349598
216.960437242594,218.10124417466142,154.21409524088386,131.34371171998444
214.44541382871463,224.63228776176388,154.75077587367315,131.7617231306877
227.56534554673942,210.70501004215387,155.56116438179015,132.56602662574113
231.99768464805874,188.4324792884015,155.76413018844406,131.77286808678312
234.30586094138752,171.74523937195846,155.67197711435682,133.4779513316767
247.9402232137724,164.52416268832488,155.70437783642146,134.26954206552665
261.80795794451507,165.28803287262417,155.34929842258327,132.74180169692806
259.9176347282858,178.6457004713073,154.59657078060957,133.22671094615507
246.77443405461156,191.84917181543543,153.705817753867,133.9969226319899
223.8636355726702,207.43874135396973,154.2464820130451,134.51443644821444
208.19795044048288,219.26214932331732,153.76452519301805,133.59142556980623
203.09015928824448,219.5769819585842,154.93510368631382,132.96176029927247
193.36858915656123,220.60793573792847,156.256218636484,130.89985274058392
189.16753051906065,216.17257006308188,155.62286949844867,130.73511767724062
209.69132362351615,193.5945576859698,155.12311523900112,130.83799582094977
241.70793317849217,171.95018430252827,154.0795767810766,133.63337645438654
289.4009815749031,167.2763607764675,153.78256166707305,133.9249204894778
304.94786436150036,162.06963741945987,154.38568996713207,135.28211181113494
298.8275115024389,165.96633446614823,152.94874494828716,136.60715154240341
262.4980638185288,174.28311804032774,152.67772781674137,138.20606251888586
215.31440999917749,172.84518099477808,150.87701388282676,141.08193660998518
173.46525542067963,182.50718849995235,151.82695041089093,140.14644885051027
152.15957973118657,194.7639358157926,153.0645246603104,138.61838595747793
162.9866619085597,195.3893765763543,154.37047549583608,137.36750443635452
192.4300661035822,190.95514498437376,155.18418813137535,137.05127207791804
211.11191443585352,170.6661286276829,154.6198344844904,136.2300438964348
238.7709150641545,156.4105089784925,154.23811647614048,137.2731415706896
268.70998621697834,154.0554842809065,154.014173305314,137.39440641702916
298.00488049868704,160.34703248691474,155.05857275509027,138.57304570036513
321.1243158528024,169.94067838366115,155.0426786000948,137.8749445281664
314.69587509874384,174.29106963758574,154.0668755933238,138.39595169690938
258.30329418792394,167.67119691338277,151.75052272671581,137.8235153827256
199.58606925565348,160.59881860843683,150.6535116197967,138.291564957449
161.83503781320144,157.3863035613921,153.36717543282475,135.61804516755393
175.13896855524547,157.49940917870595,154.05212548915054,135.39183393292623
206.36225436401972,155.145095241771,155.38680744800382,135.5446579799103
210.9390237624885,148.58108828689865,155.39113500007855,134.93587236613675
206.28181299898415,146.79865362207457,155.56707457145254,133.93150071796754
212.55553223898312,177.63271973705753,156.68718201965797,131.48940084354953
225.70741732686398,226.31663792518654,157.58666005161973,129.33293319432397
241.67620456483786,271.4298001696253,157.23965619132375,129.3653818930232
251.29947401560793,297.71765175863885,156.02561917016297,130.88718435613384
247.08358722967512,291.1027102119211,155.429444645369,130.57514530458
236.12919845757477,263.8641532494682,154.83944446241867,131.05519268432326
218.04895205002757,227.09947751307436,155.0128888945331,132.61044739115093
206.5810135610805,202.62518655314202,155.31843965100566,131.77231162388813
208.8812481000466,188.5489609147694,155.23528165724346,132.8208963956134
238.3962208997944,183.76909495635368,155.13281709141805,133.31486199957249
268.20808032046494,183.93393731214073,154.51913199114838,132.9851772879984
290.63393390338325,192.96576854859538,154.91193317096915,133.019318153352
290.0314462316761,204.72847099010204,156.11690851438348,132.14927568954943
285.315349996123,211.44778236440504,156.47770002248927,132.31775438544392
264.2080802223252,222.63268903301326,157.79642406271745,132.66783855232052
243.45091395270418,231.58089573227483,158.18112574417262,133.05126109059154
243.6205919258414,224.42539055745476,157.84176979789817,133.61607255132685
236.9301643486583,203.94512509794913,157.4648596859174,133.3033076712973
216.49494083354608,196.8471769031434,157.15965557531442,133.77398701396626
209.7776886502919,174.23978209592582,156.86036895552115,133.20947334072932
202.45496227436092,153.66938814530013,157.81312747591087,133.27217854756384
209.28784419867395,151.26893158621888,157.8872013380943,133.49314576212316
238.9381469669574,163.41329927709813,158.18698020730986,132.12763515181942
252.73618024426008,177.6134663999764,157.99457420730698,131.13096146066542
264.15898936309077,207.28504725262195,157.89016610527602,130.91494610801317
275.8197189497835,234.25211638490015,157.28445456995257,131.49860217480588
270.9814821142755,247.94469493751785,157.87446820232398,131.37282518550455
248.3222818786307,263.4027478711609,157.68993722870934,132.30877132965145
225.59134481050384,263.0011995501826,157.52647273523866,133.11186797160798
205.14681651023693,255.27920904228654,157.25904469454417,134.83702077365737
198.0433450772859,241.15358938172398,157.67634158317682,135.5089681402437
193.07204623852928,209.27096379425893,158.39135724799536,134.6811452263105
206.83626364400942,177.378422293751,158.53214715360616,133.9047038886605
218.2843295443884,140.84906018993644,158.64211671803523,133.34390372769084
245.99640899946564,117.1141197939074,158.34461725430177,134.87490164773146
271.6976406448194,117.29890526521997,157.69539280548318,134.50533070510633
285.15356165423543,129.00669136931765,158.37132188082137,134.0795677420529
294.49029811959764,137.66076058398278,158.1040576745023,135.17763803712802
291.7720739411449,152.2220664768787,158.9254259598116,133.74550668091274
286.9543820202366,170.323213630177,159.35136056645968,134.38100931499025
268.27564045328097,190.3160438839968,159.7366349441175,135.98908365813583
249.92929286065777,210.73155854406878,159.2025901462149,137.03813681903455
228.52429600490615,226.27847106783943,160.05509920493787,138.57791094587782
211.88659177369118,231.16047293651278,160.43162411238595,138.21358822424025
188.8532643977031,224.3059426101267,159.5000861177944,137.82319105304214
156.88977548640622,201.72558613011591,157.91904390370922,136.19246112972158
151.59386689795858,184.80951040188634,159.25382758448586,137.6249953497653
182.38370136022917,172.23127294787622,158.41216270257462,139.4206994721586
212.42360379553065,151.38625314594677,159.27501661137308,138.919667613355
226.3721787656969,149.61154167551518,159.53732619694804,137.77584729990025
240.42729147730944,161.57868418929348,159.50086513329043,137.23636590531655
237.77288193216356,175.45829782155084,160.13994656242372,137.49556460775244
226.43200123409287,189.00537585667368,159.4028038211727,138.50409350237754
204.67322558540917,189.8621073213129,160.72331219780486,136.79063057309912
202.16942741562156,194.71942650471163,161.04944088991306,136.4389275012356
235.25471302652937,191.72162352645014,160.41072297191602,137.7536867932002
265.7542390303258,186.7074358492081,160.40912922728896,138.3978377995357
279.86123553863956,174.92433877668716,160.409708037464,138.4518887555755
291.5145025825216,163.11352237784158,160.61969909808778,138.55699640487893
305.52169148608897,153.28304814031927,160.85476226806804,139.38498422851353
317.2748248851379,149.4589359350795,160.97430455810328,137.58288500373988
298.961668233587,157.45109835837104,160.01598578032394,140.3908761975974
261.81906754451916,178.57751906072096,158.64851074888435,140.69266527328364
238.50183963336727,193.3808645620408,158.16383089093625,139.3574556787951
238.05190436914415,197.78708845063298,159.06370141938248,139.91107578003272
235.75724737400012,199.17885836250798,158.9471670509467,137.12753595628274
212.52125289327648,199.52216790877418,158.82488337021255,136.44091686375032
205.002367784263,203.5569640267936,159.92311299637646,137.66435168895353
214.9914686607209,206.22661649867354,158.67746429852352,137.00818500895934
249.01863640941886,201.1315036949041,155.76988635138417,137.89173096646152
315.31709075937215,198.05197724785364,152.60155902123316,139.42833452592836
369.05037539725123,190.77151349316745,150.88268917776236,140.1960838484806
405.21944153853553,188.61354172558853,151.87488147326303,139.92888209750907
402.9580323100989,190.38679387189228,151.8033278702907,140.97674986474726
353.01776363037754,190.0480664120862,150.2655872633521,141.65420478435942
296.4036182384241,193.79390641706192,148.57732813599984,143.35584876730877
250.68915448217086,203.03581151865126,148.06247522926685,143.26079464797797
224.33738782497517,203.60948474641174,150.30227396939804,142.113448192457
218.85010956170322,209.13316938869855,152.06778937101421,140.2751200328111
215.94668275023525,204.73731041908655,153.27175415840563,139.86106030094618
213.09584995042556,200.73028702561223,154.35836286391356,138.64499329967185
210.0546047398803,195.54785012932484,155.82828633373575,139.78473318971
228.75796791462,191.38397071482035,155.6504305002843,138.80527438971194
258.9710679842246,198.1111414732138,155.48183466030457,139.2565338650549
291.83115696734706,197.76998948591756,154.71872382377938,139.9388378396474
305.29100543919003,195.81295991918705,155.63192874427227,139.21407999574527
297.97833201195175,194.0788851397906,156.33294271853345,138.04078526113304
272.55179273152885,193.57245078705148,156.21676581381647,139.05365396661128
227.22652399969343,188.9997186785925,153.90803117286953,138.9031909730675
174.70575401674756,166.39145406910643,152.92678164890745,138.02285519645102
150.48194684155357,143.79037709809324,155.5705866631057,137.4211998022877
161.60702382522658,120.143621740651,156.37958385264164,138.5964082034083
165.4610753380627,104.54146367691574,157.95784146092885,137.2984621120206
156.20046511664287,116.31680513297647,157.89162545882522,136.98207475607825
135.27764041831225,165.5789777943054,157.97042856242064,135.91370411724074
130.62359056941733,209.41446648714236,158.0288547680734,136.11462490686895
132.448545491709,241.0617533639552,159.0079107113344,137.62557218306398
146.1897867326187,255.20265728871652,159.5355784435384,137.35391454756473
143.4012947775673,247.7276712771534,160.4404007497365,138.28740175897673
145.63317989071658,245.3157437075917,160.67777036041193,138.4101170611261
159.89926086373168,242.2911593480701,160.38629332930964,139.75250496101464
173.9766395641423,218.74854385046388,160.5743482821838,139.59971536673484
188.01711115052433,189.82651578861888,160.8389932348562,140.7525952395519
197.14762398754462,159.90526053411963,161.56532627014286,143.6330296205687
204.63760805836498,157.3014256171665,160.99795450263042,144.0365006630988
218.94297324259475,178.06879379097686,161.19823574798636,145.71828173620133
228.66455027897874,196.5060234575127,161.08225689548652,142.66637903859882
221.31976043867274,203.0125551071828,161.4281025178036,143.99704979755353
213.5700724107692,179.0963605623267,162.50381990820682,143.75057666925264
208.80220323396284,152.11279801285608,162.39827257869155,144.69063051099016
223.3680806363153,136.7173600561131,162.2707296417076,146.47729455675506
237.7497685175377,122.59830595653781,162.67085203768582,145.55190459748275
225.14638409031517,111.89530714070241,163.6174725735904,147.54978357432122
219.9666287232419,110.65596040929411,164.1797068257089,145.12983879612383
220.14462458004047,105.46429805004314,163.82371511211176,145.7757507723182
229.329758195742,90.28636422326771,164.94749044292712,146.89055458254145
219.6904138475899,110.55763261909385,164.59107239278234,145.618231283787
213.16078386574515,182.68600914748103,163.00162909598282,142.96560974507264
211.2075726230976,225.6737186613613,162.09225332097736,143.67455940272222
217.5371403469125,232.19509025831826,163.8722411246864,145.0709394601472
214.70832100514724,226.53347916083845,164.66688572918645,146.66817349704584
209.90860451187203,209.35999691687272,164.46458751174924,146.7090787710208
207.62259157297305,192.2699017518758,164.13823544043152,146.60062345720485
207.29956703529487,166.54550257858074,164.78428451578787,144.2420799390788
204.71556727157957,139.4253599541457,165.08841590004803,144.97981561307404
216.5704922827103,133.32891523140705,165.7805483836356,147.41191205621175
233.8363234642556,132.94278065678367,165.7591910612816,148.18418120545851
263.4726701853547,130.48496276730307,165.79113330137363,148.1577640108955
282.6611694397498,128.662113058981,166.95115181367024,146.8613362999038
282.17771015213754,126.8866686094059,167.91807038889476,145.47282863456607
279.9341189870985,136.21015017014395,167.47312843750936,146.55436263894407
274.7314185967507,147.6873027478549,167.99338728895006,148.3129123066592
266.72930719560617,148.10757108648258,169.06123851093764,147.4723756294038
242.15849736168013,162.25352153116495,168.3840385393313,149.07176652371413
202.24486835079517,176.1366932351588,168.25944409483154,151.28736779057755
179.3633054899108,202.67226082034887,168.7484436545887,153.55127570710047
178.56496809550887,218.11749401575878,170.34511844339255,153.10586137269112
177.76102190238933,219.2649327942849,171.95301082963164,150.8109838156389
175.38344804904696,213.95193889755404,171.62798783105012,151.27663019856823
173.1157238187502,193.0637754692932,171.08084975072458,152.39226472773746
169.85220017151136,194.1819110085202,172.5159581440889,150.15599364928352
184.62557272391945,198.45858596408073,173.43959516654976,151.75943778058812
202.13494235271253,201.59406470163356,174.24964630795205,150.60687893390931
236.05190969506577,195.54996165948646,172.87772367426723,152.47016008727718
275.51207666879446,187.3378606866833,170.7734138418,153.53115720988544
321.42170012973736,181.89357971708796,170.85053387805715,154.20901170928252
339.347831351711,171.68341495552244,170.8198655309027,154.1598588913891
333.8028461037854,157.7329893198683,171.67761719268648,156.48016307752886
305.00437565288996,152.08308717606107,172.443570589451,157.44706054604762
260.6592113408144,151.92875413094487,172.83953901658907,157.75572663628003
220.88594449078312,151.6114581804329,174.31302690037458,158.39031853730398
196.3550583738193,149.69782200762924,176.23349687820414,156.97966841001153
190.7639023290185,153.36274896769646,176.92528708100383,154.89507543327807
182.323059223757,151.42113786921476,178.139060688035,153.55566009574423
171.62626283247866,163.10073787665672,178.65284911637644,156.29621552362937
168.5744194304874,168.34518230180288,179.48468576820756,156.35102697763972
183.79646896859919,164.6515802934705,180.7542681111553,158.45261742444262
213.43066848888165,155.58901285963557,180.21435877108394,160.5608914647051
234.39874984445686,146.33873754835017,181.19265740498892,162.9685190828801
266.73897002821303,143.01968894374025,181.5277500775384,164.18865520542812
282.667582616672,126.47314316277398,182.3263691386416,164.62590252933936
295.7851033574932,107.61962383959418,183.40151468026943,164.09867934312084
273.45067776594755,107.90646962050803,184.3077025989293,163.52498778129313
265.0256016213477,118.95136249690232,184.73214920380596,163.33614294093528
262.04201041380765,143.63417514941375,185.2205308341838,163.27972469823274
259.1370737074394,173.4930719808436,185.544931102808,163.90213562060836
253.56948912432694,208.8039931118816,185.67917200660736,164.78632706429858
242.47049586384486,230.9377065314556,185.81040106199964,164.6524151562943
228.15324733856008,227.81250139163885,186.86197588729152,165.3862409908723
222.23371001162803,216.19300649398076,187.61177453211772,166.44667876811263
216.170604341392,204.98888029155938,188.59152081245645,166.5620010526886
210.06096079784885,193.35163799733903,189.63025122402632,167.47537229009637
206.63994788271827,173.62799000280737,190.8512727909833,167.57563843603037
203.7123478329858,167.7426824703864,191.06493074259902,168.06316920517378
197.65262374917978,152.91035150321326,191.87905928806697,169.46453208415988
191.36130642832725,150.15086002530307,193.0862687349591,169.29580244257377
196.42116237080512,169.75053487208652,194.37401471966007,170.02255529280527
213.68919780274493,192.38782010846768,194.24989002127,170.63057970736236
