400.5,48.5,87,319
393.6945017169969,43.13220901972366,87.35663977592856,322.60840356551387
378.200208307499,54.23741150361428,87.42174130816369,325.13678682714124
347.68784544831635,56.56371465957406,86.23129229971502,326.7056979879031
304.5222450025665,62.067535809493705,85.46611933362034,328.1403948105773
264.40379356545424,70.02415272601539,84.75331121551942,330.9078635142244
229.84806842408705,73.43038481350106,85.08935631672168,330.3477089012105
201.72462372079164,83.26369224215222,85.07905472640006,329.43349104287904
182.5837088316265,102.87059879034874,85.93433136461887,327.64623108659754
172.6539079400443,103.81505454349985,87.10755169818681,325.7573195802953
178.23125096919722,123.36842495298674,88.40154155964244,323.99660652060606
181.08198182419937,126.33814857219917,88.92395958787031,324.2810390204134
190.52462493546028,126.26946431533159,88.75175636499063,324.41840753414857
216.1378148874971,125.46462881840304,87.41655463511258,326.02807852800566
250.44706684658928,112.06137393728977,87.37166824738814,327.898727370065
281.5929706360531,105.37698546202012,87.67431108131126,328.7486142380342
306.3422600790445,102.07753237562358,88.3925631992209,329.0704165353407
325.00522158723555,92.40036532193801,88.83756330319227,329.5392890825351
346.9449921001436,89.42589431118535,89.12890143868384,329.1781055095679
371.4821232995186,89.21842581215475,90.53878574340906,329.5930425076291
389.9788218653888,82.47747634358493,91.60243704615394,330.3892586332737
395.08801655900635,83.1840585920981,94.13206523295482,328.97609413624735
399.8687725046351,80.13717918777397,97.3733285169724,328.66846535725807
399.3811755248729,79.55415366380265,98.34852247649684,329.8345164052007
392.4388704707941,75.64537330815293,99.24910176128255,331.1600617048142
391.51909636012556,75.47670796288949,101.0886499826196,331.4973923953411
387.4720276002266,71.6175394171295,102.61643172550278,332.6493737099465
389.9107804904365,71.75710504089258,104.34986502655512,332.3702424624203
382.63651885487945,80.58377696916568,105.62041131584692,334.6338640786074
375.7041821239195,89.5857589110706,106.09603332305278,336.71347737686875
371.97860849435995,105.40711073082505,106.81438304429433,338.73476142674764
372.0765807049819,114.5837758534795,106.61843862305048,340.7055789664428
355.03864829282827,113.3538039574234,106.69901401482912,343.16552275855497
358.41006848251163,104.80575649014324,106.7915993866369,346.5907661907664
369.1048817981732,98.64536589408468,106.05902610331815,352.0258629335487
400.105393652229,100.13923356791025,106.59982674052117,355.9872191798214
432.51533180254205,101.23083572969782,104.91659338700389,360.8191974059251
485.84627553985155,92.21399988843524,104.03778123971537,364.74845904480617
527.4806923788353,94.19386186179253,105.86457718282774,367.88003756651494
515.5743777563748,89.45212036650545,108.1683791384159,370.19391146064476
489.3184080103723,111.85051956471128,109.96373326545559,368.8684719484891
448.6361811417561,96.68769653753779,111.46966285940184,370.15465467800476
426.11840298710933,92.28459145789492,112.66916527451477,371.65485585492706
407.09178172330985,88.22218816098729,113.97501149156636,372.4301831866328
392.00835085556866,84.6564050784969,114.60331816602064,372.17711058635655
384.73822132224075,104.20567446233767,114.35822619103175,370.0419494227867
369.84351951717156,121.18052921167816,114.71608062326237,365.52378910201355
362.84593544720406,123.32895592494378,114.11037897609444,361.2269356754823
366.6776308169282,125.13432427129518,113.67529891796764,357.6161989827795
373.6908351130988,125.9145469982318,113.98699987300733,356.0557535289063
388.47504734959625,113.75104143010486,113.02912953489167,358.9248490640007
428.43775705942,107.44286886733877,112.03662407832141,364.36547473834406
464.30966152562684,98.40435445710153,112.63809561826056,367.97344746434794
470.62496883408403,102.85500586843403,114.60101855919626,366.368913420608
465.67777366514156,88.88555842764845,117.18511047099699,365.066614597842
456.3276653730961,59.3701827658642,121.20649181806193,365.38202497330684
458.70758256631933,32.80284288214398,123.8643474090767,366.5928748985197
419.9119388941392,29.063761278356225,126.6203325214711,366.58750788289865
384.8120189791697,25.8593562133525,129.01672891829168,365.46260207589296
368.99494076696095,23.62536616943396,130.40592951483995,362.3693432067627
353.43727801279607,43.59296321396431,131.3523198440416,360.1453180916122
353.60679277395735,60.67973275993015,131.01329032171907,356.0819736482565
338.58244456478985,54.45387212160276,131.20891445686487,353.60715878331666
324.19132290763457,67.68676276074365,130.26572281307378,349.43545372361103
321.194423703371,69.53586386223296,128.9049312645485,345.7372515206324
314.8606902849025,63.958910325115966,127.01824706318786,342.3370075565688
283.6062016381916,64.34771007671549,124.77808862402672,341.55940805336974
245.27832927344963,61.26670156394755,122.86334338133267,340.57865326325305
224.95052541650952,56.12717554791584,120.95430345453492,336.6694894150905
239.27125539966784,50.357010480041026,120.32743808761538,334.20252225114154
268.24364816113757,41.03166234171263,118.03887440776253,331.98213533664085
278.9427073265943,32.75488477675563,117.29220733772169,327.88423920568215
265.3718244492693,44.50217454427002,117.18707013136566,324.8248368914079
265.8800410830208,45.66562231230009,116.17063686386268,322.4979413553478
279.41637351005625,57.01615708488782,115.95562968726573,319.94011506827775
283.1779947212823,61.81775185941336,115.10633320401573,317.0108714584288
270.2478243850592,72.34654730317081,114.49994027943801,315.8033307686819
254.1727046499877,73.34687118298342,113.7079720737665,313.8026830090567
254.5885715972276,80.98648710561807,112.87623817928669,311.61444740267825
265.26718636481513,82.58702355835271,111.01646517751068,308.41337449720896
269.61308592982107,83.58889617143953,108.74437973105677,306.4096292710353
267.36125614621767,77.74795829425523,106.89814547369801,305.3917173762728
264.97158900253396,68.80019409346073,105.37564946860651,304.38175490048513
258.6294004816721,59.73145428982198,105.54057827068371,303.74006214829285
237.03027791127198,62.940201638793155,104.96381570081977,303.5761399804454
222.26247758305612,71.78040606323327,103.2957359181777,304.61793939500944
225.9927852475557,65.89816266938249,102.06029391716204,303.93207952674396
225.71749359384583,56.596973560260835,102.61087722458177,303.9559464306412
207.8934469248761,53.28012603436534,101.03954365145962,304.3864036639219
223.0184944788818,68.78497397450616,101.69259930208409,304.27985854227614
251.86947385077139,72.59395910418633,99.71022092949907,302.85295276860404
288.6982845795569,88.80663680996963,99.66620422228996,301.0999326696882
289.0474739242507,96.04071847107326,98.96782553290238,298.8492220850464
265.66896961030153,96.98227016525223,97.21349242867234,296.96611869668845
235.97430281960294,104.28239103061028,96.5529804488192,294.3758460782224
219.11114648353004,119.19431815634584,94.54303111843467,294.3322101621933
210.96231356195528,128.6229782253422,93.08514783802147,293.23043914776326
205.67436000595433,141.15644716824667,91.9089626692236,291.6676858235539
223.84939111621378,138.03659775339173,90.55209554777537,292.07518547008533
267.7013961096497,128.88469196972625,90.04216162912992,292.940181823771
291.1124250900164,115.33594338130186,89.74627277654908,290.9588233080245
308.7440729786408,110.25440621904482,89.17632612402095,289.5574479242983
322.78420917166017,93.91608687460774,89.8552021514508,287.72310851701025
319.9497488216154,65.45972810213047,89.78575423761549,287.2521399227161
294.32598808448523,45.64919539976614,89.45960077949796,286.7603470467064
257.7952091213182,36.22149802113813,88.19476342714212,288.4634967396494
209.75893648106927,31.891729965452384,87.05834954048296,285.6866847137083
161.3981229000203,32.69888597884312,87.5972246081938,284.0723726869268
149.85426157601916,43.115433454447015,88.10530844848984,285.8189165434253
184.60230150469678,48.530800059184855,86.75785697592273,286.3462880647476
223.65801111445455,59.81466678121916,87.90860074995258,286.42488690454917
242.27149676154312,61.18170656984856,90.4696338318889,283.6908073272904
243.52682949976182,71.5153048049095,93.65145002097807,280.1010558537481
251.85300589139698,69.19095252452416,94.09859269732699,279.04992859464573
259.4771089936189,72.70374898136328,95.92950693690187,277.7173758289738
239.74386156066006,78.37632096237868,95.44388216009936,277.78712319343447
217.18567415087142,89.77492671036649,94.96350869197536,277.7882858413095
226.1516398983666,97.4777277022853,94.10413631260114,279.45524297308805
278.6082685591352,105.44998500690303,91.77131739263724,280.60746809744813
312.9290469430832,103.43346790664057,91.20092673055277,278.9679051224888
309.8301577090389,101.82871556218805,91.75987947721626,276.53858408996865
312.5917621498646,108.52167660645856,91.8511909290905,274.3817026684791
331.967386537769,103.83801680303603,92.19841341050602,272.5780304875458
329.11573367375024,103.707713688052,92.3355606990096,272.83863671751385
298.75325971960217,109.45028115940133,91.76438475238854,272.4982515666183
279.2728482794319,107.28770107571853,91.8255513598473,271.2663179807151
301.9830363729136,115.57867280109255,90.73050270908806,271.30637235604365
329.76775666764183,115.60250023445752,90.37330743299978,271.2587174893137
324.90145728817447,121.65641547423837,89.07788283855209,270.1789103631344
309.0029066914213,121.90098332800508,88.02541426305234,269.68977465560096
298.612709575094,122.03952077127926,87.0111089972535,269.4126997690526
282.7326995796258,129.60238938249034,86.21444960708952,270.56530223718073
248.13762934798234,136.54973422957957,84.84280009794088,272.9541025366412
215.4770466030581,136.54068479041578,84.92682418373542,272.97220141496877
196.60419783613614,143.64041906470442,84.60486514709339,275.08744282517125
180.2948409685825,140.90474443540484,84.44997857629384,275.0965253661193
183.21386836499326,140.56749167761907,84.07145451426607,275.7710308816908
211.20930909384248,132.22087342194368,82.70137395156084,276.0780271245436
244.20276860643253,124.0708497818506,82.00682620850819,276.0549815841979
273.93561815394247,126.95859803054162,82.24703203704391,275.70729462532086
301.5208202419366,117.20011975710301,81.35015286910135,273.51484116897984
328.39088169229865,112.62030460698992,81.40686999806877,271.9151034632677
338.57064882130743,102.15386126458378,82.47975933507078,271.41556655306044
328.33481987681154,93.98181644273649,81.46771122039408,271.6468766940037
299.58436760992595,81.8539635913082,80.05878102861425,274.4808243148417
254.37048177780434,73.20214412943932,79.20803202624333,275.6764890032946
206.68441252039196,66.86717765888096,77.91374092171355,277.6057075422608
174.50586557558177,66.89510720332606,77.79004046767201,277.5498484533706
158.11410212369088,77.7194908548407,78.35178688629108,277.38226814044975
161.0782934750627,83.34036054517946,77.80184537806264,276.8974111488025
180.04201400904722,88.91579448955008,77.40361305143716,276.4691743290166
201.67125451994067,97.11083162572245,76.92771738745394,276.1225695658482
222.61524585469044,103.00332273549972,77.71193392748476,275.00563714867627
245.9161988559475,101.2236456362734,79.10654848796155,273.2320446179077
255.93040120948177,107.19827439777288,80.41391320975484,271.95067180933967
255.17865445554227,105.33358923728505,81.91740671763382,270.3398751691001
248.96630484096704,103.64937371790884,83.65154987724475,268.36302817308274
251.04303714552123,109.9474862461955,84.84742709880126,266.4654867778392
269.47458133227656,110.44050746460118,85.39560873019674,265.47944434102783
309.00471752896175,105.2056432125479,86.4436006683153,265.2680709342692
336.87956999907874,94.70672720674617,89.61867117250534,264.838711875173
345.9204024810347,84.2597287428147,93.17225879387902,264.09745621775033
347.11203603560915,82.2084205913483,96.2519425789051,262.7371216265082
337.55845408906725,77.12400415687318,98.86125359650345,261.90738591180155
311.6617454258275,74.77662384265807,100.84469516622926,261.06770478948135
281.1577849355918,72.32505263887037,100.71436348289161,260.4128242276196
237.3996479608584,74.75882486883083,99.49015408599432,261.09155997684644
198.34243940317867,86.05682345955572,100.12790188643697,260.63175402823003
195.51522004656613,88.59485006812218,100.24343850015956,261.0946029105996
212.51841097708208,99.68546919519966,99.52278018138821,261.10384701795164
209.8197635004949,102.19148266400137,99.38526476300225,261.6266304519085
207.45650139840302,111.03532620128797,98.57194969529256,260.5584611930157
216.42647744569155,114.68515008023431,97.16167564632971,258.76870611699445
206.0890585146455,114.94729701180552,96.00111022370876,258.24441225385203
182.21236226250636,115.30931597337701,94.88066368579514,257.52037433070905
155.06748871946246,112.58151618233455,95.17198083867206,257.57613091947286
154.81050908571012,117.71756362173147,95.68594010617673,258.1158345738177
168.63444348383027,123.24082276542748,95.15257673951123,257.9151184582556
202.30762126806982,119.59536735017215,92.73105904144951,259.7956261328982
223.35670006993536,111.84892287588295,93.78088395616757,259.10802163705813
234.11226092731135,109.71331130369975,93.88049745118255,257.9765609789828
242.69387579971033,115.68431343044699,92.88217206866432,256.8111596336748
256.10946548012055,112.7666555385976,92.81885348550622,257.2929032618411
264.48861899452663,110.62539619381067,92.13849090670283,256.21610713474536
248.81652011587195,112.82586942295791,91.49309026372286,257.14676040983244
224.4339125518475,113.15334899572858,92.25948772176336,256.4918012642911
218.71472972397984,124.07076006662578,93.02238846440373,256.0079089486866
214.81138217221425,135.33195283760256,95.48446341230688,254.86400402924505
256.06920857960665,137.1525600978754,93.55897912907135,256.59546741080266
293.6822769388451,135.34107352899383,93.41104507113934,254.8557117870984
301.98900027615883,138.85465819363156,92.8030747786337,253.16370125186347
312.5118971293293,133.53581191359166,92.95711495681196,253.2014768696837
326.54337500991755,123.05970539391319,91.41056710634464,252.9405635804734
313.4993862650662,117.79062494643813,91.14061162844504,252.9355512883826
264.8506226578657,106.38107306925454,88.37220992826916,254.6881436923125
209.439859997404,97.48265616665296,89.12429446312916,251.5193697287417
191.33653179924477,105.07461500010976,88.8620723463574,251.96497142458105
181.37791872719663,119.3623059136366,87.93352648382724,249.4468046058104
194.62524701789562,132.3487967105644,87.23199339501043,249.26694650453598
239.70441725348064,141.59317517645738,84.50993284401167,251.35143190690798
276.4319008619323,137.32585226730663,82.78269677469173,249.6392589898404
289.6092844171168,140.5280467633099,81.76514678027314,248.30231342102394
315.6881528875983,139.8945900059402,79.90526932035611,249.5692269357634
346.1627101777906,142.3152775105276,79.1198287911805,249.74149143085592
357.8811278905886,153.5028638439339,80.69112397942533,247.3728232551161
350.6999516010287,154.27559700049045,80.06285344265595,245.82735694200304
330.8077213084933,159.56202340296983,80.14029118131077,245.1812598486483
304.10926869059483,154.5931130362792,79.02543093651403,245.20785049464894
277.64807808261764,149.19236150719357,77.65707787033756,246.13831095606912
253.00861179163363,144.12193744739648,77.70055815893642,246.43206861698948
250.67682579980257,133.7083746751169,77.43561570174897,247.54513639815022
288.47661253487644,117.21975794181533,75.92729174443151,250.88587005962123
336.1658117980641,111.59230682693122,74.76723785766434,252.22305180100963
368.15172338389516,118.56649014081461,75.22671329472308,253.14344639064
402.4589412457211,120.20640377638365,76.30157976803287,254.8414264192849
439.86733493640264,120.96654703181403,76.811560728373,258.3429244645377
472.35746082896185,121.57581960242129,77.8815461282241,257.1243793233232
477.439099122383,120.83650562378304,77.88505874583075,258.6030072805997
470.3176759808647,112.51300341096965,76.81473371361828,259.9368403909773
455.1856724628103,104.25651227801603,76.45841530003457,261.1396599320383
420.1355420274816,96.14336311175089,74.9659853978104,262.0246673846654
377.3087846381385,96.26502260766966,73.94589974161349,261.78134839282785
324.972986540005,100.18935892440626,72.02242144032368,264.0845876162648
284.73048054572223,107.67485119469933,71.34933948208234,264.330745690705
262.1812795267166,110.08281155336218,70.87895782595648,264.5780231616167
243.9798137674141,117.46217654197056,71.87708469025289,264.99278089338935
238.63957048114546,133.0843842471085,72.39268897859559,264.2430123356972
261.3526866570261,136.25209466115018,72.7005368155615,262.9891559730279
289.18995778289144,133.14823125628646,72.79237517794726,264.1272118178356
311.4818496388357,130.06002023229027,73.99547999351498,265.2162018072217
310.99817036339573,127.0061593597029,74.96283854439493,266.19859311627374
289.77182193684973,121.47675984979196,76.15721356535036,266.9428116780615
260.2893280409336,116.7306005747487,78.03095248436692,266.0549031603633
220.40732181018487,113.51605893201145,79.60747850248212,267.27148734961236
166.83761807296537,109.06028092180432,81.56674118782135,270.9240361305716
112.90421760003699,107.23835163306168,82.49260286328195,269.2208477445371
96.52809511021607,104.11748115405854,83.20436523768369,270.1225082683367
90.7225807512394,103.53133949173005,84.08335455977067,271.29479159299365
101.37705126571228,103.45900397255232,84.36992942068741,271.4394626313491
136.97005103049855,100.61000215761084,83.46482999013173,271.7312431766923
164.9537955228752,107.06981304179897,81.43364534232661,274.9925127094005
190.04357570218426,111.95430710280635,79.87328828250452,276.0277919871182
225.01594314111142,98.59928231578135,79.96896925719973,275.7992200794184
251.40248160620183,101.47024064774342,81.05867999009317,275.4435821818017
272.526722577846,99.15408983969499,82.0225192292967,274.67434365008705
282.7394081876522,97.31247958264862,83.23143310357877,272.94899289070617
287.3760472846822,95.60406796972038,84.77127708231816,270.9592550301629
279.32224571141256,90.15604477891969,84.65841171539896,271.0416557361253
249.85315543633567,83.7347994561645,84.13159783849008,273.07232921307883
220.24435383888084,81.27153875054927,83.67461391864961,272.573888159332
193.5345773609212,81.52798624329137,82.99967609974256,272.0609931738478
164.1118323206729,83.57674028826091,82.55853117769657,273.353179175049
147.39701380464396,94.00352487248071,83.58925858431215,274.09888309023756
158.62264921855845,96.07723022606262,82.85587205960967,275.38094345885537
186.00945554533988,105.66870241032555,82.4225849758896,277.9341293182666
218.6600750020057,105.15160127647593,82.66667167812062,278.96833158596587
246.00027003378446,116.09316567998619,82.79899916226616,279.0102897980266
268.2716754307827,124.97922238016923,82.13077957652266,277.6911481007553
273.3446390014555,126.13667351787922,82.89135536989662,275.37624582533533
275.8328015640765,126.92106946914441,83.34965437051352,273.80745392280494
268.3083853892117,127.10440098360039,82.13576435898841,273.440790893893
244.38192970971835,123.93599281215234,81.4497070018973,274.3843884905582
227.70753782222425,121.15301594202816,82.43549902582765,274.5565102722969
233.04328811361853,120.44813587061077,82.59313428625342,275.9662704151317
265.3995092359521,115.77588430311917,83.12998399575935,274.4358915577527
273.2706624243903,113.1160729007185,83.6648875398066,274.32977772224615
254.52253665194917,114.93716828790721,83.12215005029825,276.12172823849596
234.73680378726831,119.68502812659486,84.54743053257896,277.52491863171525
237.20549822908924,113.18620095274244,85.10577316210254,279.53110995308924
229.05487754905013,121.26662033220174,84.8035714619627,279.9737142543887
182.68037622473253,116.68572409243038,83.45502101929104,283.60035655208986
135.9467193170738,120.98965385300042,82.37816875693576,286.1153400989113
114.87622520226535,120.99285196072063,85.48086175024116,286.1089438834709
103.26521457340854,129.6303177423768,86.16471962353825,285.737634858471
83.72302361727569,134.00708081381347,85.7552890971753,288.26805512663435
86.3844467930867,136.87101483686874,86.10262217999863,288.21036651496917
112.76307054674369,124.75715995345809,84.42768903119307,289.7348254557867
142.14941220916148,106.63883447406062,82.31725291997395,291.9741280864117
173.1935871928411,106.71695496675676,82.47190806774213,291.81788710101944
187.244934665422,99.93217576854099,82.66492623782324,294.0691602513539
204.54174721810793,88.37858339201324,82.2383706373094,294.39829866783737
210.1612088198997,82.78306227698909,82.381787405802,294.2070009258095
193.7529517247237,74.40200553447835,81.05135837529585,293.8956428004019
160.83574017360124,74.84238120824821,78.94369289482921,293.0148914528622
138.25367720088036,75.23495732080806,79.2290223914246,292.22973922774247
138.0265476770041,77.60746925431008,79.6832814391772,293.0888750259195
152.24482123837066,89.41557789282132,79.37070742528508,291.9718362359699
191.54652020537287,92.04344820577197,79.21197242820811,292.3192858198491
233.301449391917,92.36757396819212,79.77861641162829,291.6710342950088
240.27339163459624,101.05141386674242,82.6545746729371,291.12319724457546
248.1767502439994,106.73691668441907,83.80612047392144,291.0577002890827
273.0371556935996,107.26128539822525,85.1452532969578,290.0089628614703
275.51592175127865,106.51209817388497,85.87117682566941,291.5073373101509
249.82805194433934,111.1080456101447,85.78365589598603,293.751722558423
262.27729668719996,116.37217084322484,83.87810560940551,294.71994169183307
305.8726960486779,112.98078636847191,82.58290174180512,295.7763376509819
328.2095716229026,109.59851162361662,83.64557326110732,296.8238343072235
333.2794164156303,109.37617301930419,85.00931039070471,297.26851151584833
341.4712404880346,97.45886823765534,85.97607386058313,297.9692389262301
344.5615393342614,91.67063107064303,85.60687806568939,297.92290946513526
298.66950298509846,84.46752469482922,84.52916494768118,294.91753737620024
230.21748075184863,88.06127864898548,83.64157458216611,293.47134758588834
178.2077747988807,84.62089388522486,84.98300554756607,294.64778483893537
157.21409030177506,93.5478572013009,86.74854668479757,294.03178443120316
133.643686287299,102.02908119725268,87.72818919023439,294.37977351061784
106.71441744914259,116.6044982157168,89.44729823532123,294.1952887132596
94.22533863255686,128.12566871973775,91.13529818433966,294.44310538937066
94.04682203340747,133.51227624288697,91.49233138263845,295.3844439467259
116.97941427089981,139.58169247976903,92.64487498614734,295.00004349258523
157.92919513052217,134.30095063437088,93.24787976734854,293.77544625474644
183.0994907144239,131.8694626442229,95.88829273491925,292.7516439977786
208.96337034964006,126.46405624296773,97.44738724846431,291.7209337371828
238.78358190773776,129.9836252795749,97.15352672625605,290.61645192336715
256.55526704654204,124.92442787404539,97.09151950629439,288.9077257152106
253.5371952305003,107.13530752029536,97.23956170404827,289.15735781673266
232.74853360263916,101.31813792907565,97.5563542338605,289.0029739346263
203.10771250416184,92.19978796963596,97.8584832218128,289.545819890805
176.59834187541156,92.30062354916129,97.67641412489341,289.34414873175433
170.88594323093432,95.6513376698662,97.29120469850476,288.54772384801606
180.7536485879251,101.47065720287338,95.21566650586563,288.6823331295633
205.3335369535958,109.66423439539392,92.86041049507926,289.84687401473036
241.05138230752044,112.11205118117286,91.31122715365997,290.77511605704166
265.017316765996,121.31417509992488,89.84748662277381,289.79641636431194
293.618272559592,117.6277872448751,90.32178086975911,285.63395090757604
298.8257609275868,122.3912918263126,91.34148011554184,281.82427973558714
301.29012842874266,121.03053516642484,92.09474661551623,278.86379155307657
303.56667465162855,113.76957077403452,93.19538539736851,276.42452665498513
302.9821723047306,108.57103774209625,94.36439009116435,275.5432905844261
293.8036117846022,106.01277048535198,95.77771822125878,275.01189412786044
299.27491524252014,108.83682595895553,96.16729297075464,275.0298740133192
333.36839344585155,93.7591239289412,96.0615207947537,276.8181179772387
350.31177232208154,88.51935171370738,96.35690046932228,275.90361659869683
333.67371238965995,88.96880991107969,95.49692917765907,275.0047002039522
322.56937400742186,89.47219327882593,95.06208782370662,273.99793346845973
