250.5,168.5,106,105
245.61647659375774,165.81363055939735,108.12139617997721,106.04991356495161
238.38785035529338,182.80409513955217,109.0877002924085,105.79635531588544
219.3807856289328,200.40392530613488,109.8789117484696,104.43571134332
213.61161817277605,210.31445611245033,111.2929628115638,104.86321742912762
216.46520595322335,207.0096962778599,112.39310289327895,104.66542145569878
216.17310760508246,194.4246553950621,112.97729958956072,105.9115831945943
212.7733285239822,194.57518978978004,112.88361772564785,105.6105144051584
185.45088028393036,227.2091709326226,119.3632521481104,102.26931762215477
145.96199864904696,251.45872573470845,118.1243655649666,102.59773401540696
220.69276697634933,254.97151937173368,118.03570768639148,102.51972249838117
241.19517239068324,228.17842183373972,118.6848707245599,100.56728575192074
223.3462288972463,211.64124781016872,116.43450099706197,102.59306012366761
214.8811751672012,205.3225869088734,116.12695529728171,104.88779003033594
204.45793089651602,201.3768210237396,116.09691238305507,105.82047798207121
188.62018673191736,210.1758931462493,116.32797423508661,105.69145955769947
188.51116332264615,218.81375690326414,116.54602105362905,105.8925610073721
198.6941796561349,213.8914034592921,117.19177988835023,105.23137214446687
214.9403874092469,186.51139669613067,119.71396970543935,100.46655662115734
213.62637185192006,156.72180620396608,118.87790462995986,101.15610237322272
196.83299513162308,145.2991731364947,117.84174189519993,103.22761880295317
203.60374573825646,157.44357403407963,118.21826062644573,103.29535191068032
226.50064424589374,197.3503702881916,121.23439679540489,100.18308297768084
254.61687659451212,232.7048734866037,120.72908951695682,99.13302335434258
265.7163173462131,241.9928715896373,119.27951121641124,101.30633035113175
252.47051387758145,244.5538185251523,118.00384756902197,103.1262541262649
238.7620150020158,251.15962983451226,117.57770251054981,103.83620291234669
235.89270952502108,246.89101908144247,116.34600556605241,105.40311651999951
230.62865168397565,239.57737438741248,116.40097429465285,106.06620997007232
225.62824173477256,221.60730459733907,115.89436916066875,106.98159944225142
222.32638620893619,216.25161961560266,115.47976803461884,107.16550113914018
231.06021051680602,210.96378564301654,115.54018679818259,107.22432865673034
239.98857465190952,193.7375983121444,115.2209158450837,106.6017886842584
237.97233727132667,175.1916097838039,115.76077899121496,105.27503797556069
223.8091289219725,158.2285728837287,116.24799834198424,104.4021150907872
220.6615388253265,130.98622757640484,115.59607289951796,103.30996061936844
227.8327171491831,119.56016020262624,115.03764202867374,105.48620670162204
243.47866290234873,128.02683615314766,114.99376903525216,105.912865085529
252.1876061892723,127.74481751711551,114.96643109242504,106.47690235759329
252.14952992523916,138.1388863050871,115.04258362049131,106.60869988992673
261.81592548657716,176.8338642787789,116.64943022737873,102.50747599601524
264.98138369083193,213.7124532594947,117.21749983229395,101.1896511755438
270.41296199229663,235.19876437837235,116.66584286696501,102.90019403405746
272.20420205961017,234.64716322634314,116.53939629234243,104.00339633811588
268.899269820718,232.60047078437074,116.20583702565207,104.62506934982336
261.89053701524745,218.004824061234,116.31747720028204,106.00471192347473
260.1575129129375,212.7297729343706,116.28333037584184,106.05422909002104
263.73387857925206,195.28325161757942,116.13150377706833,105.94274805432472
263.40721531630237,163.7530311134209,116.78483030296778,106.06957315031855
263.52489396236746,160.09051193591782,116.5494730108376,106.37760385364616
269.0020344880814,173.78118992695596,116.12443856670515,107.07423882435776
263.7213185702675,182.40284770917413,116.14321833724222,107.40201003507252
262.03319277451743,179.1365387553492,115.99974553898241,106.89517916320251
265.69603988419385,177.19038566787904,115.69289960911607,107.27806119339958
272.7228742859631,185.65838432547304,115.68214486365618,107.89570645080987
281.37773071108825,192.6550261796836,115.97431799181525,107.9839315251163
277.937203788512,207.01262735976974,115.80269115862527,107.4794518783136
257.97751988382277,215.67902714854608,113.53433801239744,107.72486936559686
223.9729060738482,212.33946607219963,111.86163190161389,107.4357981452165
198.91734275076078,209.13884625880496,113.62618053488399,106.93038377016227
205.95856075720292,208.04637812977364,113.43547072250053,105.64238847809978
228.92823091505,209.46466312005182,112.33962105519527,106.25531777818873
266.55613456765997,216.490985583981,109.36805239415516,105.97109925874557
304.6042068341367,214.97938990276396,107.87527748249626,105.60322836566628
332.05883504088536,220.05071021470718,110.11693781859576,105.54604363876754
328.1504993446415,218.31645275009697,111.14145578356478,105.61848185422866
315.5662784766907,213.67923407777207,112.41704042798968,104.65312330253137
295.29806407672885,195.04085490102563,115.35677717256208,100.91530850473188
264.0780035618831,178.9185642020191,116.52560352832279,99.12028175056118
238.4659147478253,163.0875515303411,116.85130627998865,100.24322216804731
238.48899144894193,171.05531799560075,116.80515287775542,101.38923664979988
248.8650128981755,187.85763058499896,116.6570344788183,102.12448563688683
250.68447736970086,197.29378694830768,116.46158303758445,103.9130379211704
270.5382236601566,208.71329855131205,114.91374623568393,105.35743202907767
295.34173399310794,218.32682138959234,113.8590227442546,106.93851371300568
305.748323587786,228.8642826924641,113.90604080527493,106.72378835763854
302.2682150414823,239.03489659163137,113.91820746073947,107.22671187073232
296.9520988116819,249.6361218530679,114.10384423733969,106.91745271386047
283.0959881938876,246.41983861003382,113.97454266319505,106.38963849749528
258.7423206945762,239.07876264414787,114.10484415666815,107.19263799922447
227.8169216349516,226.7355522798751,113.23329787548333,107.48703590537903
211.91636649230927,225.07688348610614,113.75386173404063,107.32875722328053
208.4133448143726,233.6730122284907,113.79740817900215,107.54274201579102
217.3281315731736,229.89450649165843,113.39445323774996,108.12910605891557
237.23699791680394,212.06192236120734,115.43648399184562,105.42282449857443
247.33244342919994,183.84585002727877,116.1088259772076,102.74247563766204
262.07622711208387,159.2352524977592,117.62508705646196,100.29062328833072
292.5668523513067,142.72759973444545,114.93731306512063,102.44467655707948
317.0585471161443,142.0894790648826,113.86087173072285,103.72091789620521
327.7557430056137,151.78624831585654,113.01980712972633,104.8807065721995
325.90584343976474,168.98862560641655,113.28870061495329,104.78500845578843
312.47425484063433,178.9507394745531,112.68324721222425,105.46225367025767
295.18998750811926,192.72127222263163,112.90286527671421,105.40032145453279
267.4659171259033,214.1287463330984,113.35360034580488,103.83342750510515
250.96698086437567,223.72761510825222,112.15700701115495,105.15236946942062
233.80514294000122,225.27696667452486,112.2631786604249,105.47541675682321
224.95986077581304,212.74454075748923,112.81105450994896,106.54050472050132
211.01221669920474,205.2393718743836,113.07432360801336,107.73483295913641
205.97504446674145,201.56806824077432,112.71750194457763,108.12332947411349
214.9907569447229,194.22332256791003,112.07417812803153,108.9023399083086
229.89804200611496,180.00083123384346,113.57830789468343,106.02862268700575
243.2488782760447,166.34003991938584,114.53956261607742,105.68727805466747
259.5352734282096,173.05898037294125,113.17372063881183,106.11915195958524
278.15283661299674,182.97001148559994,113.92142154548925,107.01499552131418
298.6683616935604,212.73954070278637,114.63703508324937,106.61704399369877
305.86704978529184,221.14447940805132,114.17463449878078,107.22588608191153
294.42442432354375,211.07440931101976,116.14272721172438,106.44886806542212
255.03076671316555,193.44726779120424,114.32543115184596,106.65766793955976
212.48128300978624,196.79092030049355,112.43627289522342,106.92941297405163
179.05971806450736,213.26087255626538,113.64759657601303,105.07825877239816
163.17310845288566,228.61076340136395,114.42624946939291,105.3730434120646
159.83340489153423,238.83452642524395,114.1843124369414,105.68954982976774
174.4523585029471,223.07679975509205,116.10381480760512,102.58565917730542
197.1780275255711,200.53239207181198,118.84444459751163,99.48250670871106
222.04382887441642,180.7422145786999,117.20057341827078,101.27964407329608
231.23562853485387,175.97357299663076,116.00871795960329,103.94022969255138
227.93165315715223,187.02216888228142,115.69175035012694,106.08025219832894
224.83313972055754,203.62261212074645,114.90547244576712,107.79588960914501
221.6552495745519,199.62356825920287,114.24793024330283,108.78065483775652
230.1901585408683,195.34155410005,114.73809904280964,110.32068846320647
239.31751993626278,191.69080383346122,114.20368721536136,110.53406461104775
235.84967533535422,202.4473330708866,114.06125793565467,110.25536158076842
219.59963013685916,215.3253968947749,114.7695856639041,109.22616045312343
206.9581976249001,220.7086220892406,115.36189669430202,109.04137606141495
203.53937242623903,204.6272869542815,115.13242839063174,109.4020121768673
200.27284231038936,188.46952412509495,114.5941135405321,109.89634996714499
195.07323690141283,186.1192677413424,114.38805625783411,111.06177336776635
200.0802265988756,198.74775743833897,115.02496009371662,110.65685484565873
208.6032220891016,224.62584477093037,115.74835860347768,108.65497075307255
204.97055166739923,247.67833563330333,115.94676086852765,108.48508978763269
201.6591784431709,246.1844570614735,115.50176436258515,107.93897545409278
197.98692171043217,224.62249689563154,115.80978206893472,105.32567335144557
203.42825608143386,201.87413215165282,115.3715218994565,105.56329902512732
194.66583414219784,186.40520050156937,115.504209423418,105.19528088717519
170.21632902485476,175.5839111394373,115.75833670866531,105.9900526331084
163.55813583307915,179.96455002002585,115.10970925099548,107.70253525284707
172.14282147856363,194.05982936600276,115.48218534981814,107.57893238455975
181.09723040866143,202.31864948162223,115.13447871648333,108.6224033801816
202.40889989693636,200.42702365217892,114.79142769704104,108.8822977093093
225.84985609156843,211.84762278609816,113.69699152277781,107.17378077147124
248.86237332055197,226.3125923617915,112.88466502216534,106.06704651691808
275.4448543925165,238.9700198326441,111.43431101463449,104.8856753721987
295.54008578556386,245.24045826443887,112.11853248387436,105.96969326038746
285.41579668772,239.76295622360732,111.76239687702466,106.62234044078183
248.47534045314467,224.05578400829936,109.98769494398196,107.08666079777318
204.63967235515287,220.7815709256339,108.78017688823903,106.79825202066353
175.01397121386285,219.07532421625154,106.92337880562535,106.81584541913966
143.06452464845825,225.214534007618,106.86880529420611,108.00131355056013
111.76161012351703,221.7869023854423,108.56678066262097,108.08903749697066
117.9516762572165,220.843198514113,109.83425069297837,106.56454466519018
166.66119139640196,205.70240584620336,107.83243857801892,106.17630987705584
215.82334568078488,191.88375664439792,107.2436771994935,106.85207802129003
226.5576502711139,186.68399576253745,109.37616502373214,107.13684392576947
227.89262263719115,184.8506421619299,110.11582838389572,107.3939430346665
237.70083018414982,197.8847504781131,111.05111537353866,105.30271216645376
244.35701306654784,208.28965357477375,111.36613450356472,104.9339833153655
229.68047935012981,218.19414361772803,110.06588122255354,105.56055037202174
197.74471466755728,221.3042520177661,109.4227865965185,106.1313466236488
171.4583700869514,221.36508666207902,111.07866062482296,106.00967733502293
177.19977493905867,229.98625216888573,109.85129387083654,105.85975123845633
208.81613067890865,221.0205801218911,107.76240323310566,106.80670065412082
259.81723073121896,215.9442075421399,107.13118192813465,106.82234793365828
279.44052558498134,212.6795245034831,108.31674481361435,106.61302191213784
272.1615305662194,212.9526874233168,109.3359582484409,106.06669607247039
259.81207987779055,208.03815908344546,110.29036887014702,105.71954242857666
254.15101259340224,197.5207885737211,111.40788197556584,106.34504052130968
250.82792948716295,190.11628741563743,111.19615187728,107.43825021594816
250.67546849032576,186.88032687570154,111.50107387095437,107.02430269540125
268.91695398062046,192.70706596896463,112.8709065819147,105.69431642475222
275.738947131556,200.80331447225876,112.99295275878444,106.70936001659001
262.34561337826744,202.7370862407294,112.10341901790987,106.30134163558016
242.2755104219827,215.08959668362183,110.97392551014514,105.67031207832372
208.54846746881657,230.99457078736887,110.1987177389452,104.56354602571908
189.8261292746228,242.43254040122594,110.4436841663138,105.36014950047164
174.12047713337512,247.0558649370753,111.27073993637171,106.30824993291874
182.46737626850566,245.08146692750705,111.70803154779446,106.83082797571856
204.61046119984138,241.32891431303943,112.15931512286684,107.4532480603855
211.07882009342126,235.99996800132982,113.05566549701925,107.73633956282058
191.95284596722675,232.3313980261459,113.06295487616472,108.11990517259869
174.42111112643317,228.74807216364377,113.29665273817764,108.3206025336881
172.50974717865006,218.02516595499333,113.62956506357031,108.82752152994723
193.2994849741423,213.92190138358353,110.5837180962875,110.0279363775484
232.86079492009688,210.1432931755857,107.89342179432498,110.63675973991243
282.3201116937953,194.2636943290206,108.77400750437158,111.42378593935332
278.4315922123091,193.2629094176715,109.6158084326511,109.95773674470506
247.55708449334605,192.1845824582111,109.12352284461477,108.65654060662793
216.63141397033948,185.32635769278193,109.2419679992684,108.65456882829528
198.56992676909704,182.23067714476514,111.05055832446735,107.98305310887164
181.19157989940908,182.67301639390624,111.31461561941401,107.09837461058946
168.56681390393584,182.99281116815655,112.48824661065845,106.45878506208888
175.48737132076275,185.88835541666765,112.4377633005877,107.5630123268582
205.8840210672966,192.25602128270322,110.5386944933692,108.68514663851627
266.1943160070408,191.81991744215563,107.29675017123446,109.55735431961146
296.1489972348194,190.45865843358308,108.85700751917324,108.86489345878456
291.9690925215006,191.12439926688552,110.35943423896825,107.53341179217965
276.6140809839267,192.83119531999137,110.18765606460826,107.55113093591325
257.67352502326565,201.41809371508458,110.35092924547239,107.52180630048055
235.33423212992977,210.3336361067955,110.42658803613824,106.84569343859937
208.51265034018616,219.6956275368608,109.32583874710375,105.22918334988186
176.79757161692334,204.95013073365686,108.56135616063031,104.3121895722376
146.16232405024357,189.32780921310862,109.49274926393802,105.38728159830809
142.32088555926398,186.06416303041627,110.40806007810112,105.14700779589676
162.6110071384581,191.59168886438337,110.55959955863007,104.27490178769182
186.11229512185963,192.8538202698988,110.91704348630142,105.13349754055204
196.02840590475017,191.05399487375013,111.49721757984145,105.33108238962915
192.44142041160694,187.204521115938,111.8426411679561,106.20148250708161
198.87838157043183,178.36373664718775,112.70263252966757,106.71565934538049
207.3433159028778,169.15356917829268,113.04818678678453,107.86057136116179
215.59452729361203,167.51482644792318,113.93895534250068,107.65941855446385
214.1695858315499,178.1493221886676,113.29945040034065,107.32675427068042
208.81041585573107,188.14434871586468,113.59545999916118,108.18136192192057
203.9801713872585,200.10911158081754,112.77908437228459,108.69785350759874
214.37969917482067,230.45480650615815,112.90609527606132,107.29698534713711
223.2214205965425,240.97440579192403,112.56007134472961,107.06268947013973
208.95181234426212,252.06925719406638,113.43244570676393,105.62311827274979
191.6907150054592,238.74744248868083,113.46318197261107,104.67358095411402
184.75932600141866,210.03429248073928,113.58785053697164,103.71291583418494
181.11957581626035,181.09370058950023,114.0249992529705,100.01293472780316
190.1034382593689,161.80793218734334,112.90162398825342,101.52690236481683
200.63130549794695,161.41892301311694,112.09972470919384,102.30492071326961
220.77185608702337,179.0847319728964,112.32546546366338,100.72900440422924
240.82973085970548,188.86355374453183,112.4570651723424,101.29503548798006
243.9164592858629,186.74661553600575,113.01366276964508,102.1638846802234
233.75118508384222,190.329463327645,113.0189369181765,101.77328051544825
214.55362631224867,200.51157447836994,110.83730970776416,101.69743059079812
193.04190322307673,206.75991879389383,110.35976629366098,102.58566183434944
189.290279789136,213.26761772669227,111.15718801080351,102.9819142702304
188.62282298564583,216.02009577723078,112.49210161778386,104.2202679295153
185.21871918858366,209.61308139468565,112.4759659257353,103.38561012225975
183.09602770665003,194.21686962749192,113.32270764320384,100.19162119266011
198.74440483788473,174.29386246815625,112.27351622663592,99.70755171679617
235.56298634020018,168.75218430317506,108.70952881190152,100.78045439105907
270.53069790924815,176.8608078233404,108.04185033017252,101.05552750700619
294.3932521768187,189.30572219692536,109.70293020110424,99.21258668267016
299.22848672641777,210.5074906900919,109.89937427297414,99.56567343763199
295.9114436328655,221.55041938479167,109.93814351647194,100.56342535085592
295.7739284630269,224.46174706385187,110.21317385614913,101.36909674362698
302.0934832103553,220.28899608562224,110.89917022432576,103.05204576866954
290.8113857772658,225.45775140061647,109.8821578973141,102.82076679290574
264.5169342062878,233.90206153743418,108.8840073487733,102.67810079755056
239.04943771600995,229.95200757344747,109.84907474953545,103.9155519815515
235.43924052044332,231.7160770014435,110.33737344179086,103.7534609749984
220.09968827469686,242.1896386704405,110.67648245867929,103.03300128674074
209.77849601362578,228.8096525955108,111.12907398998735,102.87324944882135
208.03309189093068,213.317655526812,111.2503939223362,103.53184876884751
214.60458696810858,209.72658969514364,111.63480960112707,103.95027751561094
221.38870160143426,204.27112831135673,111.64458631851934,104.67769579515206
233.51450642987004,203.65224615276838,111.23643544785692,102.50925171429893
253.27609278047066,196.45083083742165,112.09773041756367,103.4505931213564
259.82371998452356,179.7143989354436,112.57759141731896,102.98566840565991
259.97326262122556,165.85412226648924,112.27850614391487,103.55536798374993
271.1129624830031,183.7380234387469,113.78695842770793,101.77021136401753
281.1503545121091,219.183609241415,114.07186719651929,98.74468251542598
277.72355182402197,252.76390708163552,114.22693648642539,98.56944769766629
262.93705128383317,258.60565498347364,113.66023777550895,100.2813740234541
250.71922045948122,232.77504830535148,114.52331618221957,98.06239711228538
247.7602720912585,193.30770971975943,113.75061989557767,100.05525451796545
242.93292397992855,166.02620447328857,113.30943317530011,100.77355598190758
238.29778065975427,158.19639738697498,112.4698987344411,102.95340871292468
223.85253074893154,159.27101278571772,110.83541018928983,104.19584328952773
207.23598387735714,168.9460896073332,110.20935030531149,105.1611818225731
217.04693398623766,167.3656035632499,107.54459503467615,104.93072492131455
248.94994678525148,162.80912375409244,107.31265933242904,104.00567034555884
267.74229579716194,146.01595331011586,106.33316550031971,104.31455287741043
280.51293694480734,141.14949157880935,107.32987379999702,104.09572986691046
276.7273825041683,153.55673043121018,108.24210332527183,102.58732990812024
263.31758136294206,177.54216477942742,108.50290577739193,101.09436091476758
245.43227096885192,184.9797975773884,107.97100941863826,102.72023947654282
240.30745009361374,184.86776886368213,108.2675067105264,102.94429690395538
238.58240670034908,183.32410473631506,108.39168746997579,102.70571913160961
248.55043123667167,184.9533720650714,108.4000410670443,102.77125158571589
240.56249769906879,201.6142862979019,107.7497241001478,102.70179120425942
211.49546186395304,211.06293103519255,106.23253854198073,103.68825413914432
204.91275662013967,209.59926373726216,106.17483482566394,103.30981018401914
215.00426279346988,204.34106225071548,105.78518440028584,103.9295321964714
228.36298905732968,189.94919041666077,105.48822499115047,102.99022110617372
240.97067744472514,184.91922656893487,106.5373779367691,103.20095015647188
238.81329722559778,188.3009943563852,107.54927705723293,103.04313721715307
237.25719240216574,198.43663453512457,107.34526053962585,102.66921384650095
236.85222326026278,204.96795736079224,108.15519882343182,102.83500660482164
231.87440715719987,208.1658078938449,108.14358208717258,103.084138166973
213.25399005112425,220.0820992966207,108.7964118076373,102.5348309470402
210.27280772073036,229.89601053983637,108.10340479098005,102.87312349294403
218.33445297504534,239.7363377207715,108.59116308475419,103.1257276939586
225.14555576467407,227.9799092158824,108.30434357692381,103.30165907873922
218.74813310448926,224.65272890135992,107.77060821918401,103.29172936872956
215.20126016187874,223.16032795959444,108.21709562672025,102.95290201341814
225.92796454319912,216.3353064595741,106.71520749224607,103.30193126134768
247.98276165661795,191.27496024480513,108.90707565515079,100.50666667403729
274.6092990725899,163.0207795199725,108.4090537771585,100.96278436012884
281.3868261698195,159.63007944240056,108.04069138593276,101.15083861365605
277.90970587101543,169.69774368150863,108.40711582985539,100.77895859649652
274.0193419508302,195.6005258625728,109.60040113197886,98.37921327122046
269.06483598135196,218.48407817562284,109.68718048322916,98.44919405441595
263.0205178457885,229.93900559766465,108.66964266909923,98.47514385953156
244.16451999093425,228.5518003481141,107.24802025705335,97.98841951515305
218.571094230064,228.31008908211538,106.73491266248975,98.47184204715049
215.7291616253869,237.7762759086115,105.95688309044466,98.92515273835643
225.38378253964737,247.41935509975738,106.00372315643848,98.99507625057942
236.83596336802506,245.86591283244965,105.69435230182677,98.87410495631724
238.44815171576028,229.6060865092809,105.69107847522946,99.1827289139233
240.0681683818694,214.6374966615916,105.67699729146119,100.08633927325155
260.2674660068969,212.45332489339575,104.15922374561399,101.21461433429263
291.154375096977,212.03312737121232,103.83426622005169,102.05500937865945
300.30453372898,210.81162067215806,104.98787212979875,101.2557022478091
296.7704204859728,205.95886416702683,105.56050390501473,101.2178231918738
282.2012043443182,203.03782450354515,105.39338756979456,100.54755838138615
270.64144746183655,214.2761202276908,105.8123210537749,100.77154721407794
265.44823493779984,225.55877433171287,106.43960470279006,100.9775689371695
257.3315100967376,238.59192858197864,106.34240922787808,101.04029268789651
254.30545409991964,238.87122511470756,105.86331629426968,100.48169962243865
262.7015502809371,237.17013783411113,105.31738146360476,100.63462267735748
270.3170077446099,229.12014479854986,106.30211178392177,100.51896350081743
263.97723502367273,219.3044640399527,105.95483135574342,100.61008621293269
259.33600348766817,210.98411968058423,105.47913866412416,100.98718199228902
256.1752402893681,207.9440674782137,105.29817358942447,100.56479492573021
259.4615517391867,206.81170420251414,105.2089952197331,99.58779921215647
269.26578186158065,197.06002692222035,104.94959079491699,99.74209795277235
267.1855973567831,193.98769151792203,105.8867294451873,99.44030804271947
272.18401046301807,195.6236999515294,105.58919789656451,99.40138939678711
280.4203076747091,209.93929504349654,105.25575606815357,99.82067388380074
288.81191909334905,221.11892077757847,104.61886579836606,100.06628801012633
290.2154704764894,231.41954213903577,105.03495194853386,98.80417878590212
277.87571395821817,229.85489662913784,104.03694407133565,98.72377969148046
251.45785781858928,239.17079666697663,102.59491722563007,99.24882871873106
227.77054205990515,237.74907157085585,102.29156164382945,98.9137464376947
214.7839575910578,224.06399235901685,102.9169233812237,97.76762176103473
202.8643023360566,200.9195322122393,104.63534881301243,93.49451901867289
200.81540077429423,175.0919596964517,105.61422994704176,95.24691221832245
210.3252329524247,168.16650560702595,105.56724999009985,96.44936413096134
223.31402551999795,174.36229427935524,105.03409526172646,96.7800019896893
239.38333731465477,183.67210021115721,104.67057313934372,97.2254510062439
247.46242091511795,183.63925247246152,104.40702821541478,97.29114648363526
255.6251026832584,191.2933893881209,103.96093958864496,97.86214756182763
266.06536447208157,204.3918112539694,105.32609068055879,97.08893202391357
286.55871015046,233.8318384174699,105.77011630955366,95.57448583103044
294.76571251282513,252.86737318127012,105.2049349207751,95.54059230971414
286.52401387421304,249.97770538470814,105.88617779671598,94.99906614232475
274.59918369700034,222.37181454771704,107.5991399986755,93.28790970996619
265.9038113592747,206.29314774048015,106.02047672848684,93.8295634150401
247.69805833998333,202.89438602796292,104.68261665613706,94.33552582158579
224.49245000792456,204.45648283452476,104.09756078572093,94.34441704409775
219.85291923743307,216.72134936532171,104.00424202965232,94.80769810797474
228.340450012419,230.49374590441914,102.6794762969595,95.43343750088209
240.20029154297936,230.79840705024128,103.91472649874231,94.82411520923779
265.987659905216,229.05156911856886,102.40282004650551,95.18886418056789
275.2850850148519,231.9624994759647,102.47493921223698,95.5893265941106
275.19034921415164,241.2350742545628,102.66441081363757,95.75608333488071
272.24806176575566,251.88475376781378,102.30046834637159,96.32653508258167
270.3880889108232,261.49447845039697,102.892783456968,95.87286931302539
270.2007802404701,258.3617996234676,103.26740079767417,95.87886760971236
273.21901098255057,253.31850323186066,103.50218341361057,96.5585942427803
274.84650956590383,238.9933123448062,103.39727524136639,96.85817506672814
276.4449121796034,234.02135254591064,103.35367879704705,97.34246831527982
272.16474472313865,233.9501825366915,102.43336929911293,97.48480833371809
259.5199574564978,241.9785060031126,102.53833084057162,97.16854452076518
254.85651824067517,241.84152482817956,102.43109148642866,97.44250687063128
251.76824809557039,232.79140771975156,102.3128905426392,96.65851738549016
251.67876664878568,218.87113705123008,102.49185343620859,96.30123367707363
248.46687621650148,217.22174942655738,102.65519373779071,96.4697886449259
245.3609934403333,221.67613909631834,102.59606279139872,96.96735405349641
247.35922341183857,226.37987683557557,101.74202129031414,96.98713390075994
261.840434484984,228.11077808489785,100.9439204590585,96.65470043711937
280.64261402680575,221.61338780388832,100.67883364669332,97.20305690871224
291.15890096311347,208.05348788574793,101.45917020917298,96.27768618558504
292.73407880990425,193.96013756213642,101.42251347238764,96.44109622164137
289.6838742019336,192.56433461602236,101.29149174208042,96.1169866407452
284.87594377439933,200.31757797249634,101.58176882027712,96.15313955591691
281.8157750826589,208.13755522560893,101.4748218652308,96.08139589600975
265.4556352419897,214.04038899272905,99.97595312274483,96.71905506134203
239.2152648694287,203.3722095456962,99.7999924507554,96.37324278365602
224.92079431926834,194.15989214140657,100.58591347011665,96.26253087159564
223.2951955354444,197.61963697575823,100.73732246017781,95.54261835806582
228.15217337636136,218.4419565281928,103.38637495604598,94.07775583072838
253.86118500056233,266.4698245836949,104.8180778517129,91.28624232690467
275.36521480294755,285.8500181741024,101.93345733319074,92.64929423233792
297.8376117469853,273.4265143243857,102.9400110575006,89.92549336434017
314.7198615537557,245.78208722474042,102.56626194911166,90.57493764610938
313.5521920499855,231.63902876796791,101.86147314867543,91.4999042878647
298.772983831863,226.51676474646553,100.98021086260553,92.61252871417491
278.2150464705095,227.28146139524299,99.42419039112112,94.13112793049078
252.2469051573471,241.92200376200555,96.49952759544121,95.32834620919047
226.11236232526326,238.79368517763095,97.41335877419344,95.54318873259675
247.25048668273433,238.967134834158,94.63956143906452,95.19628941954258
288.6312444432184,242.1519985540141,92.59556501728156,94.80563746865886
316.4054468604866,239.19689122635643,93.11898608438845,94.8135546606433
333.4558903714733,230.21504916347922,94.53254897100656,95.02001383210192
340.6369366606988,230.37558505693235,95.09584269993908,94.69894204519566
347.7202015609537,239.41683201428663,95.87377596988634,94.5498038150356
350.228571777799,238.22096297365073,96.85459235892048,93.94276348494498
349.8069885985178,231.71971333650322,97.6977587174829,94.92688159696617
343.55415798353596,234.82341654101828,98.06989818886196,94.78623606722842
321.12719939061674,246.2644215307886,97.36889912043699,96.20018142329496
296.48809403965356,263.1708369929747,97.87402043865401,95.9188494502229
294.5449743435735,254.33302905761974,98.70844244239164,95.2835609903976
305.0393503454509,244.07314734370792,99.10380249743648,94.41921235942158
314.3435459289231,241.24250554833827,98.77971111806747,93.9857293543024
327.05494997098816,248.63285601914112,97.640435241805,94.38223604261408
348.56968615363996,259.5522513741348,96.94514631753754,93.71053705314475
357.2245867757167,249.39271134877794,97.6494071426543,93.01321135637669
348.5174772626043,229.99834668200873,100.05193119811136,89.76919477176546
307.9224268337386,189.2127557103255,100.56029812207673,90.6586427813659
284.2328327239097,164.74662950987033,99.77448741171605,91.42589625225789
281.44265177701965,172.37895702343562,99.33422532041529,91.2128011878299
279.82820037626766,188.94586074537534,99.56306901866567,91.07964387973871
275.605652430501,207.6956028632969,99.00365220242239,92.59971471092827
250.5290907372824,228.09001916382758,97.8685492130735,94.04824500757313
229.52989727518485,241.60299949956908,97.55666789648477,94.22174249087973
219.32949825348692,241.9576399263295,96.81733793621336,93.51246163735885
219.44361288636713,243.55455817954376,96.58910867045293,93.31583184316396
228.60236927292718,251.12621384980204,96.21470341974765,93.12511010465975
247.55846072407584,238.5288128187624,97.06371185455127,91.48524124105373
252.9244049723982,206.3862349898623,98.20762311609106,90.45349822883954
239.43309330851886,185.39573172408768,98.45652178515257,87.87829699589352
235.29483549003646,173.40320595871145,97.93336476318407,88.39755476949048
228.26627190256744,181.55244431734337,97.32357004212221,89.69938432742647
212.3460262401072,197.31858268103315,96.77311502321201,90.55805394387764
196.23036512919222,206.3033086672532,96.55783379166405,90.28674930964362
190.4524005817304,207.36180383020726,96.34568278486546,91.11177900916607
185.97628562239703,212.86179531171862,96.44251769909253,91.91898938539619
179.9409299908355,222.82685571206423,96.64879258752475,92.75163224041384
182.05544580544404,234.65922517693733,95.4022869570343,92.94710130048003
205.31505446293494,237.78970763863077,93.37410610973261,92.61827457278375
237.1798782348836,234.7361404654261,91.15362284231348,92.8673932738143
272.32628691691735,222.80208993305777,90.41130163538831,93.55199561950356
296.9618783613648,218.74358706032098,90.38834095953638,92.97813862149896
315.05283723039133,225.11233642347545,91.74508142131498,91.79099626436896
312.79703626825847,237.51389236922756,93.36635143613385,93.00087155788731
290.04448567311726,249.46541581625826,91.91280483999165,92.57714855703829
245.2406150730553,240.39506408038696,94.36007941280302,90.38040981574132
213.5070992053424,223.43008457919464,93.82624501961871,89.40080547524765
188.95789279873253,219.90306805742432,93.87532372069846,90.68432862324244
178.4049677739157,229.04441511269386,94.63677549689584,89.83969017564883
207.24049219815595,237.7587531825212,92.15874353311992,89.84038778905875
236.61331985504557,219.6715162781958,93.60055650028548,88.75595266188651
244.76285344500621,205.69206736928345,94.53050541482368,87.99982365561222
263.80444104972946,201.11698774252213,93.80976409674733,88.5278827803571
295.102154975014,200.6900358517449,91.50865009763693,89.38178656191154
325.66439860543096,207.63173471499084,90.20516323992905,89.74148416949731
335.2207258852722,206.6969581697693,90.92913051371353,88.77723414087369
331.1182000306391,205.9386553429713,90.64426992518874,87.46386902853936
307.6501955381771,202.69520532922965,89.89968554306576,88.34128748342887
266.2546933349179,185.39474717054264,91.2900785250456,86.45227454152688
240.29835303457253,162.31800516495255,92.8237658789376,85.0255982640639
251.1708373924876,153.10551975747597,90.67952672716355,86.64994373839755
281.48075733013934,145.17113175635802,88.70029328453221,88.55667058999725
298.65496491371334,134.06884159004457,90.64070238930296,88.42966675528953
304.9455622543479,121.14933110559261,92.15926806802901,88.88911907620201
302.96840060096474,130.16748586074715,93.26255194652646,87.95904613550631
309.26990196833526,153.40865398746973,94.92743865684804,87.13395610626144
307.5429306590631,193.8463143590584,95.51492949366272,86.51928525151459
306.4096461880356,225.5418459700483,94.91569310225071,86.17593936580693
304.9068325865866,232.09864688568152,95.07031399667676,87.31736907690077
303.3093387047937,219.4765849413517,95.39370360123871,86.71710953434537
297.4717186836304,206.59010656930627,95.6006518821749,86.686409815308
292.92704153680813,193.56354874649782,96.08059376140143,86.91128821767094
289.763504123932,180.9302652344599,96.64595389920851,83.36928180202099
289.8584352795326,143.41455780155553,96.45609158800735,81.9108469598432
290.53549122584155,104.44065739605333,97.90857201337225,81.27406286732948
308.7212752206065,79.481200113679,95.36179079664237,83.27452950394479
328.66840466529766,99.58031101012735,94.82937121513399,85.24970696948432
336.8620196210995,140.04987255031315,95.45146720168012,83.68743808047827
326.1893904306943,170.4187743992921,97.0597778632726,82.16047754017396
302.41177334895605,192.93241212041517,96.67625459969797,82.25203261750548
291.2291350339226,208.00661202461367,96.51770409581252,83.07389511829292
279.62496170976647,224.1870374199603,97.11619139348764,84.62783335355553
271.29784945669843,232.28378218402233,96.60789047104974,85.5968692540054
268.75863765916586,232.93530714711324,95.95020183614443,87.16187544280875
273.24043609004514,240.06357645784854,95.63507801598409,87.31945855733507
280.5499707909488,236.51098045322195,95.41815707487663,88.66379118230832
287.8136653373193,223.4171693498667,95.3829700772899,88.76544961774107
295.0876207117901,216.0360954875437,95.33259409688497,89.03006257385046
305.01104326695497,201.38992546432436,95.80622236566211,89.29315493585061
313.7184094096472,189.99326479478646,95.87848802786196,88.77047901148073
321.3280187581076,190.85683623492142,95.19586470693119,89.95065520640884
333.2567269926767,201.18836402699827,94.66165382556467,89.6954045115555
331.1829061449964,220.4283661333864,95.9062981217962,88.95436648745685
317.6447198173824,241.40723004886877,96.78657882037767,87.746115033498
297.4207934066442,258.65124161968834,96.56226599882004,88.11994815731663
273.3998656149546,267.45899582711894,95.17455541590152,87.95016897761938
266.05919873714197,264.32923710666984,95.43942499046443,88.44310074609257
262.179487480248,259.4790784215672,94.51305624180287,89.45762685384827
248.24926929961353,244.46169623778883,96.30136890997112,87.6264622631709
238.21446986421108,202.26648809552705,96.10109750531726,88.04170169222252
258.9114372988418,188.59732586797725,95.29585281263874,89.28729674809023
277.9593592151358,177.97229266283097,94.98367966292713,90.192309713757
295.96730239846755,181.83776706931076,93.9587523824565,91.20910067234573
310.1670117922098,202.44913382265304,94.71882164413978,87.89370162957917
328.83380732527917,218.7880706277538,94.76394315065619,86.84396942700897
344.1126128452412,237.98434142035202,95.65849065258749,85.62216066400521
350.2522420732524,257.61962679029455,94.79410981677272,86.30366159484666
344.9102975533394,266.16371719049863,94.0733999828319,86.32237910508867
330.3755531915815,266.8989799619365,91.90043843321865,87.69207631431553
295.8960863469316,277.33729975204557,90.1585108660071,86.61167788592059
259.5270694180119,279.3394181169896,87.73819976216582,85.39108356202078
224.30383977331158,274.60365200382614,87.29870707355195,86.68346748319208
218.2790362435129,259.5073291104824,88.38882420536592,86.73751596847535
226.20498195119478,226.8275385637027,89.08411960956573,85.9083497837807
223.77064414335794,204.1913062282015,91.19712176072808,84.33436555809038
240.78085648489474,191.38474868656505,90.34166305407766,85.07375615904587
270.5457153821062,188.8257804276712,88.81680357797978,84.66742045604074
299.7022916374156,186.51803217275344,87.87228379499996,83.81923765848211
315.3495934767022,188.96327512453652,89.0210617657173,84.33598202979768
321.98418053664466,195.25229514752124,89.4008022860798,85.40685662407571
326.70751046902546,204.6934869728658,90.96492994886177,85.79335114658782
327.28210120950723,220.29807625996938,92.59904557627074,85.20044076447935
315.67294124651687,234.98861517283626,90.62289330698286,86.61260673296275
286.18568918821956,237.06662155239067,88.1969020356847,85.24752558239452
242.30008950456227,236.02135152198142,85.83488526075926,84.60675606314516
202.89223618479653,236.56902717068272,84.12750442835348,83.51140476574257
187.1504258017041,233.44177615734773,86.5713631824274,84.48595006293776
198.5304548239754,233.4796171288546,85.36143241039234,84.41026811992401
236.325335899741,238.75833848418458,84.63133897240263,84.54706379691295
253.74960361239079,231.30730645195706,87.08197780384941,86.1279941982443
259.79486971631013,228.50825290598215,88.62997435367397,86.27068978712887
282.8846855079996,229.08485616003685,86.51879907603161,85.11748327901944
347.1677693272746,224.86136378979052,87.69236225515542,85.45573484340751
373.56649275689017,211.2679524513177,89.42861165664245,85.37570938999401
350.6954511659466,207.73542641655655,88.37583233410847,84.18284454697148
288.61428710827204,214.2068162865729,90.26150950167049,84.82635935669288
206.0391709254738,221.42858054011623,89.99431424653645,86.92457361167918
166.0580728992877,218.79538726284596,89.16194865630055,86.61892143224676
164.73995632191674,215.60577197487575,89.03005155479349,87.46189149568924
207.47462200418067,180.04481603661628,92.50066418862959,83.54072562358863
222.43589139791695,165.7549293029295,93.06360795930361,84.40642403810166
219.7258208551014,162.6097739313442,92.89580461118678,85.10879034752432
222.64876431268075,172.12416736465707,92.65502032234559,85.69786267300975
236.61139588194789,199.2770024766082,92.81148266760377,87.55564341669229
241.0851889868621,227.42269373032013,92.3842735075984,88.06677457475587
234.57779642743458,247.45227552893357,94.03287689548209,87.78924703592881
242.18962203811378,260.32067965531473,93.12381794056421,87.8187048627596
249.5181278736602,267.6680330986492,92.71271799901274,87.36990970563203
241.15653058878362,261.03011264558836,92.42210352532759,86.46757640888833
219.6449871802959,256.7719752492105,93.19363847665997,86.53354082851541
226.68990624992082,269.7604433507551,93.25311738426633,86.02537530976733
257.3081161508726,288.25027560845393,91.29360098046514,85.74093670748077
275.099568006182,284.98499973822015,91.94953136239894,86.69628320294025
274.7030767428058,272.80895619737043,92.74251388915124,85.73122799479165
275.5466133129664,249.76470112315445,93.86550860767973,86.85865240163062
282.73757409660305,200.01340494788883,93.71116184094278,86.76822114840783
278.81386727001365,163.75731863032928,93.033567926191,88.23866405077246
256.20015813300915,151.02685167600097,92.59008798413075,88.00971771289011
241.45199938801275,161.78086769281344,93.64777804094302,86.40872488249153
232.7455134761267,180.56805033470675,94.05097483385376,88.52383467071482
228.68882337078304,216.10774970462566,93.53976168784484,89.31604723667878
226.6085788529273,246.86062472865018,94.8208237428027,88.27826378445481
233.64063783553297,255.82196436391666,95.17165558608363,87.65352428411256
243.6240680352386,253.52170252826198,95.35449148873049,86.49699186911958
249.65047535525582,237.15977734017713,94.7534908466962,87.72835375078901
245.32339727922985,224.43613637236433,94.78805479473117,87.31685907436386
259.49421499472936,224.21845766543086,92.25113359585126,87.75221648823077
281.9676443448176,218.6377024047983,92.65590804569423,87.57581872199104
285.5339474613016,206.87161060391247,94.03734089208513,85.56588508568608
271.24473364077244,192.55456833789884,94.33966274809978,85.9238638326697
280.67499828623085,179.68324089308794,92.50726643014904,86.1243192628425
298.99447495943156,181.21194540800985,92.43272185465321,85.87955706152984
297.9727435306332,200.11295166595545,91.66859145386299,87.38385016305617
285.3209912020683,237.513938900404,91.59640131742576,85.88943843113066
273.67732389233606,255.9143782964868,92.52620520036658,85.41954708581582
285.4335727460655,264.1663684099266,91.42759993139441,85.72598618780133
291.9406977946271,259.6389297351933,92.36064484439834,86.41248653119166
277.69646315146724,243.96239808607896,92.69976118653405,86.80126159081783
272.0840490906296,241.08922560988066,92.61896457368171,86.8947941759507
273.26968820018476,240.02584240864172,93.07431535317556,86.1949315798245
276.22664658389,236.82838902555787,92.80563463943939,86.94460229231784
270.1541688683333,229.7743689032288,93.62924538709999,86.9009616826599
263.1288262901574,218.4435745542751,93.4674219359207,86.82253660851775
257.5749661835007,220.71641332789457,93.22022294219734,87.9543186647972
253.58280372382268,227.66856051806394,92.64602461741288,88.31422969135926
240.88340460270936,226.50358376705702,92.3987499599137,87.79461953784798
241.04562399152726,225.41709304774707,92.07431118227787,87.13014170324175
269.1161969591841,222.76185069956296,89.5482931502374,86.79692872558118
289.5773917066892,221.3699912839032,90.28098772478714,86.80364195226339
282.76353131409286,232.17666753945258,89.96570897838396,87.49908869171782
258.70615786775426,240.74503680658506,90.57134239291632,87.13027256150392
255.55187935375795,239.55681466703714,91.28326050705968,86.70839738367519
263.3374857314511,232.74080241403928,92.52876828728037,86.32648810999846
270.06381434417403,218.34711984604968,93.15708502347505,86.95190532269694
268.657564006562,215.44144614505072,93.13364451006709,87.09137034743077
275.825092082645,220.86711159050785,92.9875404214493,87.59120110735516
283.06313640067594,222.23277413807006,92.72866301855431,87.7033182588641
280.05824364039574,222.77490581887588,93.0561025594549,86.61905489725243
274.4382205398296,221.37714804512947,92.97984460873269,86.58549440678159
271.7691074977171,218.5923537197359,92.66336600693545,86.50037837154636
277.3160874509427,221.20264206027164,92.85364185643924,86.92191956845245
277.1978688966115,229.61308259363676,93.09007896510161,87.0853939346907
269.9198715100789,246.89541666879023,93.46099842387774,86.56490653867743
267.1774799926916,250.87622067865692,93.27671432076153,87.10689922578045
275.84166462673096,240.34067598418906,92.98997333781155,85.45581756787779
285.55233678592265,226.1897262290459,93.23543481985612,85.66228022040988
283.98250851426843,223.13747082361274,93.55843566388462,86.1334796327164
279.70805748503517,232.2010542476777,93.61976791790659,84.98145239347556
266.99608826851755,240.62214690867813,93.73755070750524,85.01003750043256
265.6198604953712,238.2695797700354,93.67592256600321,84.08700440212868
271.1205441498528,216.1442318016715,93.86814639549047,83.56333578505458
273.82399357814074,209.80339461963678,94.04728396264608,85.07293730166107
276.4920009774542,217.3233476031192,94.35108043787291,84.13255951933083
274.9118530634057,229.74843073584182,94.7017621510129,84.56892028849931
270.65877810223543,239.45253958075125,94.74181397852833,84.91493148660571
263.4996906105251,240.6339698481664,94.91907999168325,85.3802527458286
264.65745730490227,237.33865827764808,95.44191258149921,86.2941439297245
268.9318162902231,234.2203209108986,95.47643037055764,86.80866149009007
263.5653037107616,232.9462522070985,94.73017585348131,86.48697897869047
250.15475186938198,241.49392283521533,95.87360233892437,86.51008918733423
247.35216243932965,251.36303626162479,95.73630586991915,86.87052598639985
248.83864797853323,249.8039718761084,95.63818547499442,87.11380407395015
250.1529211090912,240.90452946615684,95.88684048653519,87.64948125791267
248.75255401557484,237.99614021718614,95.7979667532194,87.68704391515682
247.04819685390493,244.09543352812727,96.31785922691164,87.04374469186484
248.49750370407372,254.04793251732633,96.30590632887296,87.34537232955915
249.5903153472103,262.98522007229116,97.01156841773384,86.81850947043328
251.0289048123401,262.92697934796007,97.02823855641347,86.93499091909544
248.54602808363484,261.5853773456069,96.20205516428393,86.72222649903179
247.09448262476045,258.5565604076734,96.22541598319314,87.02040017721973
241.36155547995423,252.40493521532738,96.1518682308091,87.78424851991518
238.25579108054157,248.27915934325995,96.5716323638989,87.34815326544684
240.921814619315,234.29097272623702,97.0305130806463,86.36988752802137
239.76580516296218,221.06033932386507,96.45555680171705,86.84837760805196
238.35052607290737,219.5727245261795,96.40043020818453,86.93792242978091
242.34753978327183,226.75913035660375,97.06517261993783,86.99639382306944
246.62090912871037,223.84003447674655,97.21100262705906,87.03953978411825
249.61476529880355,210.49408487844227,97.02424588359781,87.6271387954641
252.6118044789169,208.9898621147911,96.84407607114568,87.72863004887918
252.7818090190334,218.1961317813273,96.50406699091266,86.75071352757305
254.13742834308476,237.51681856596818,96.6777083631201,85.61278022232369
254.34675688807854,245.87096890692555,96.25905127313257,86.1208431524955
252.9361671057809,242.57018339585667,96.2092161139789,86.9803847271351
251.430700681541,230.9283959904034,96.33618873103413,87.19227768664479
262.8946789435269,227.84717462599585,96.52275322976031,87.57609015978535
265.7461111733312,226.35697188669724,96.61656554721375,87.65815724985147
263.09683440652265,234.935611635972,96.11290565473618,87.90751802958609
252.8280480776054,242.14273139157666,96.36980452069068,87.97947408400532
250.2290035249872,239.177140486604,95.76312075829892,88.10588302632256
255.93798963128728,227.3715017224914,95.92493680943367,88.55758402707777
253.0291039635143,224.85002738500162,95.93339349774867,87.79121805482634
240.08988321989597,233.99111785860595,95.77851986437429,86.86458052135842
237.3242100094323,252.74136936807753,95.55904072860712,86.74444362092939
236.12541987067914,252.77858083522986,95.08653908500924,86.67002068662471
251.55103303791157,251.03289602236475,92.85071995595476,87.29984959181385
272.8378603935908,248.04258633427295,92.82726733001763,84.7704285509132
281.00108923864434,233.86469892249437,93.27737675941228,85.16525817530088
265.48039763850295,241.86717497323798,93.41542384569259,83.20727703472393
244.29461353901377,249.83142553110395,94.08251890808789,83.96056517362523
264.87999718946475,257.9944503698818,92.14948303128783,84.45068610639888
284.0099735794698,255.6511685603556,92.81574999894484,83.57636119007032
280.6893597198127,240.7271782199534,93.90322634471599,82.87870931638878
257.9494122530692,227.88946552448974,92.0786868739951,83.51061061097077
242.39033135056454,232.74934050425523,92.78885947328041,84.84831127170304
238.12197525156844,231.2458497849076,92.93536081497923,85.05855575830047
239.25066971719608,230.9161167164637,93.4803394346597,85.71802189518823
240.4815107102164,227.88302068299294,93.8400169203977,86.14149501857244
236.30261946073833,227.92297706423392,93.69668074858298,86.06158225609046
233.26357820741282,229.2571446874125,94.11436257674913,86.22344734897568
241.51157964934154,236.68720193322446,94.65407419086722,85.55976160566479
241.4063832603422,245.06974861404575,94.86446696886588,85.81732585622775
254.9676553066028,253.82031208568137,93.34233891801907,85.38314294073943
305.863499049008,255.48345859952957,92.85021262069539,84.87072661269544
319.54955099671355,245.89229379500816,93.45860475013669,84.46670900434155
285.94588331060487,248.8152452000378,93.44004989629866,84.22296371312031
240.85446995895694,264.63543457720476,94.12203567611746,83.34849902623162
216.93816397042985,272.7801095889388,94.46474246533305,83.82029201023599
226.39779849085764,273.7188882710102,92.3837955977818,84.74912167497729
249.77896307749612,271.6496756774998,93.03186405085323,83.3098530236042
257.8492080114111,260.4184309589426,93.54725186995287,83.56450554481239
245.26708590858948,266.8693722971915,93.6190127870383,84.60289136195802
230.17742082436808,264.10954814127524,92.93513537615776,84.51104738664067
217.10321502115576,264.01501480246844,93.94078060066666,84.70011406425428
225.52987261056688,270.83120822592446,93.96127345050604,85.12923390789359
242.49477947297675,268.3091706915458,93.86504471423245,84.53437814522675
246.6393493412828,262.30160508349314,94.00134170505245,85.31559372475581
245.18092617153866,257.7781264378302,94.0951276080382,85.89336970657375
236.9680329350627,253.67784338416618,93.51854175366397,85.59274965023873
235.05483092300153,251.24330630193623,94.52498600062029,84.82190426036667
246.32381701942083,238.532229051419,94.57362903365055,84.83411663229866
247.69398918489173,233.87827313864716,94.65756253493467,85.66919496116466
245.06618392835517,228.01022800331486,94.23535428353938,86.04964770289247
244.87209460669686,218.07772788244063,94.623532926856,86.04583275870448
249.2248179251934,215.52556693219333,94.45124153637401,85.46138449485827
253.5523628972946,224.17414433394373,94.29330750047173,85.15854150795761
248.12728228604345,261.3041594471246,96.66817508201692,81.5259582895724
232.60659964930346,291.42980798536655,96.86914001030672,80.15178914481515
229.83598845484073,290.3446756251491,96.84111903934351,79.5374321853057
236.07368044578408,271.8625182521812,98.23709138050836,77.6619492266974
244.18890356394323,249.62776433741547,98.59857697664332,77.88630550302031
252.24522337697056,238.2495127594239,99.13293936871068,75.67230563182034
259.7922380237651,215.8676206301401,97.77207693291842,76.48995594543858
254.58370872218165,202.1452443299651,97.23248426535591,76.54308036896511
246.7531226157248,187.78217630940583,96.50303732868858,77.95151782744865
248.0209738553956,172.44041414959844,96.71076452268747,78.45731574031855
255.5742435029722,159.20392740418873,95.37825320653016,80.13703886894533
262.3081893161868,169.0697870420621,95.71743059138514,79.73521620899646
270.3872162962839,189.1639970106208,96.1203755780912,78.18912714797948
275.6332388521813,217.65580642006938,96.59392266782669,76.03346933673447
274.76027622265576,246.10674688807833,95.62613110042042,76.11964175632335
276.3202162784786,243.58274387506918,95.20654408247256,75.767061594946
275.01134403265183,222.37844182839075,95.13614524304872,75.16537239106684
273.7684266060522,206.37330658120163,94.94468047171301,77.7253470155598
293.0440849228947,201.44204822720138,91.69916232572847,79.44037176486017
314.9437163738971,210.84967382741934,90.9940061662772,79.4787922642914
320.24225764749065,218.39621948762203,91.12924116164004,80.48417725771102
307.09496958944834,224.61642983924554,90.41108337224158,81.55012350720563
293.0322273345581,223.0998600645024,91.46505244226158,81.87611151271592
297.0348670577765,229.52091880248622,91.64598618148344,82.67768267951259
301.78962175690566,249.99517279895412,93.11386173383282,80.15002201370348
307.9678237132627,276.85582429429746,94.39073300043162,78.235164704406
313.77595828139573,283.177204661212,93.63662448813577,79.1701047505397
309.674410419733,274.4903997067051,93.68277786157536,77.51084917648639
296.1639133189121,256.31310272862754,93.77423524296088,76.16409158428272
291.6557839480227,236.1799308617888,94.77269571168947,73.66884452835912
289.35451104654356,212.95256690804703,94.0804161407245,75.1175567574951
286.79487610702745,207.88782233696972,93.87898975974564,77.26600150963311
288.17558807186833,214.12382196245912,93.80958622774858,78.25410424707763
295.364724358658,226.2552315912218,92.96578713407789,78.35333725338782
309.0544901384778,233.70543394125357,92.54109961564669,79.62583897804922
308.63210894621665,235.98122919122665,93.38586200016896,80.49301350819779
305.59264794128325,243.96163756544345,93.99204900745686,80.95040176750074
300.19119099373336,251.6824248409379,93.78262403041337,82.02733552472675
294.6785990376522,250.39056462463026,93.73935553571732,81.84394285562747
291.3552101844117,246.61613681409384,94.85912432206564,81.10228509650138
290.9755613642434,234.18556953929348,95.6184219624023,78.27414128592073
294.8086726037312,216.24781079013508,96.15737361856492,78.59390419863811
296.22986580084614,204.79115620447033,96.06349880093813,79.51912075714381
295.0291074521766,201.5979001779277,95.70300528867303,80.38161239102078
298.2773277477801,201.15715348293196,94.7472858474607,81.26310578101226
306.6812597155802,209.94810334772248,94.5581194978255,80.29990363739624
327.0035673865998,229.3402039808215,95.18420482732334,77.28364295319692
331.78882139184793,248.26097146003303,96.46317411978652,74.70290922939184
307.08177584233016,258.2575830226113,92.07571032236713,76.2303080628172
277.74526051173694,260.21335218616736,89.85508498432739,77.61387025737706
263.9642764766387,256.8307502611056,88.42606441795908,79.10798526448879
247.83270248767695,249.5791735269116,89.04147928998805,77.78727217992953
234.00346282079562,233.6358731199355,90.44266352598046,75.53938936678054
229.19706651081913,200.9216200896045,92.22169075581108,73.0752620463819
246.7104373646219,187.4759404010349,90.97846922474818,73.97929821079597
266.3356667965903,193.24828309888767,90.6426515766764,72.81185047265446
278.01790096866904,201.7389566162472,90.41047671973465,73.82228726132539
280.63910784303033,209.95406947283038,90.33414787781415,75.47335872196629
284.2421797839323,217.81108193944132,90.95355985670186,75.41044551012767
288.1112854851094,218.6124387468985,91.0664847672785,76.42477733285688
291.7418459147205,219.58875170688538,91.71077457696298,77.10728830251867
291.5159219585735,223.5630748583062,92.16262248925705,77.12683479983107
290.2630334403495,223.22017344042533,92.00505392497648,77.81263763559281
