228.5,236.5,80,64
230.63114559161653,231.83427289847666,81.53035162203741,65.53881139777623
233.3662098896861,233.6026697209193,82.99809613584465,66.62726649285521
233.88543447868244,240.27194414974028,84.31242331916509,67.40537580309189
232.2743719324793,248.38223249637727,85.14900343163916,67.88361396934367
228.41541509392948,252.77515011114355,85.64854224047905,68.72227856415746
226.6583517601362,241.20234675330966,86.73528847604265,70.02146139161947
225.1949089623672,227.21066051350402,87.19707435179996,70.8887369536424
223.95531945862666,223.62570093288718,87.19002701935607,70.59997709510117
222.35502675247156,235.80502550033242,87.90916647233956,71.0557875534781
220.03406948789953,256.94132088990006,87.5513503359685,71.28090743122164
219.73123531796278,262.024652445732,88.15701867584195,71.10629359198106
225.6081983490937,246.9875398933001,88.92553098463291,71.12666660631814
230.3661802178559,222.88860672879426,89.47599793100707,71.50898718681168
229.27602869977585,211.70741790049092,89.12505475108335,71.0901488986633
232.58787587522625,227.92282466754472,90.05858414830342,71.40730493974652
240.30462876699625,235.40865812986442,89.85623028785027,71.6667899381939
248.30496964524957,227.68889337790438,89.0933538700128,71.86851410344481
246.6222269804419,209.7620506995341,89.92763770489367,72.2853785339023
233.7846319720013,207.65635259458406,90.09526984254829,71.39526316795704
208.44964801353115,207.34066390715446,89.98740096048053,72.02664054281624
182.96967427502545,223.79347593700484,89.99775460845858,72.23825247198721
198.0199746112965,231.7136822263368,90.50996931226186,71.70424758149602
226.12047016156816,239.72294667888252,90.41468292459253,70.98727450718843
232.7315155026187,246.13441872068495,89.87837104794035,70.85010922903247
211.51881550978277,243.69534544409885,89.3495512846931,70.67481816468478
189.81900396068352,238.70652497496695,89.98099707300256,70.58935855944527
168.44568012845374,233.68658057538934,89.81874682319312,70.53303608465484
166.0018621341939,236.0667527002201,89.66507318278875,70.81400146391739
181.34082215935936,237.34667230906194,89.26155383379142,70.77702897134485
199.18849366916137,231.85110475076303,88.79142090058527,71.7038183489719
202.38381446453636,219.0458384171423,89.97248014186022,72.07534824279699
194.31584444943468,213.76189793708465,90.82017809679391,72.45106781939919
191.7163878290351,221.6938881084891,90.88483274830935,71.98986324444135
201.86246520572746,220.5273653371357,91.0777761058875,71.76227152327776
215.8154542926625,217.91430346740532,91.33065520091957,71.86860303202909
212.32408400037554,214.04208457727128,90.61691299954578,71.91655802634943
204.4780917161808,218.90158551001764,90.97683762927474,72.41892945329705
202.49649537884196,239.4038456681616,92.3710210645612,72.51855696726916
210.96750282043945,265.16363214445664,93.57284423296221,72.8385213049533
216.44089546252016,266.6737519761372,93.08830290625092,72.43384263095466
204.8759533468787,257.7299181109778,92.80406153328897,72.11052378019411
191.20024827286838,256.3075711328118,91.64387248678594,72.36325417338767
179.77221011389997,264.0265589494035,91.2950356825232,72.39522062167057
178.4231350314043,271.74256685787685,91.41968576757638,72.40420528435297
194.97195011476015,270.59314538658117,91.80427440502703,72.12749293431648
209.2516755539196,275.76219897812194,91.59126482022732,72.09718258524188
215.98045417846103,281.93026051647826,90.99969100376842,72.62704294115319
214.30141345450602,276.50786977419114,91.78503762722161,73.18088512790004
215.39522302657738,254.66722479903302,92.1911736301599,72.7683375778389
231.14007263032823,236.20467710086442,91.82085711723413,73.38748649717087
244.20647039758416,234.01544969183948,91.6646051836726,72.57063259503067
261.04811357809615,249.34149030380289,91.54742528956348,72.90264964825604
256.13640663430056,251.92327857314672,91.02843745354062,72.9102739713754
232.98095407028174,242.9428069728064,90.93953151691522,72.82684620246494
209.9008631178209,233.8649048825075,90.74878468086419,72.95728920601785
198.09431976573518,231.4267199467142,91.19371721993026,72.68518037424765
204.31213430169026,232.8012036159027,91.64134751167174,72.51286490860093
211.800527908591,240.33292805177084,92.14884545429402,72.9337011932884
226.2373648299646,246.70212852983923,91.8236770458196,73.17189361636656
234.1263613850845,233.5132641318765,91.61089342759719,73.60760659226295
234.87445570434892,220.4351904534277,92.7127063371902,73.7837384679425
230.74373268467605,217.96378091352113,93.12089774514979,73.49105446016488
237.50648528354904,216.60117318767357,92.69166089359925,73.59701624262097
255.33219579912208,214.02872793735975,91.02743478965387,73.51310752367925
273.23318370655727,209.99046761562312,91.45069940513824,73.82707664636217
280.6603845208313,216.24052380478372,92.19088429422206,74.32245303273426
276.93552564247494,232.9443781318642,91.78516188791046,74.95498508501203
262.58127386510193,242.18764963326788,91.64635355696379,74.82582237310007
251.62175605462699,239.5604747690258,92.61929852153766,74.8436494374903
259.4878663514597,226.1484770679476,92.68804752124268,75.33269551736277
267.4456066338299,217.2026612754817,92.62735509524674,74.72707427375921
273.95726090822666,215.97934061354562,92.76270249605471,74.54198440771111
274.66437908927077,204.38758000546767,93.9792764706506,74.0482125937111
260.7089385307026,180.36935065257416,95.47571567136495,74.53867584993858
238.21995001620007,167.49436011875233,95.02439473067672,73.56554046482152
213.26056066592594,165.0668409626167,94.60120225288571,73.12142391621495
200.0573380502035,163.67763352991733,94.64884183054349,73.26395821623497
205.25392567741505,163.608480551758,94.81138403699882,73.40226417255366
215.8140614959078,160.5316961465072,94.84042909880026,74.26850380835856
222.30599444132758,149.80192728882395,95.14757296278847,74.46242591600061
226.06796313550217,162.92940089396802,95.62179467246474,74.86800903246397
226.11483517944987,180.37297038390605,95.5280505845693,74.81958335116074
222.605110930541,196.20836607273026,94.51445992070717,75.28094862023173
217.35766976391142,203.22396214507341,94.33073713935087,74.59801286881468
203.72705231942422,199.5745984331097,95.03443200578585,73.92947828598028
186.5458084757961,188.89449471722025,94.87341011974866,74.04444905727094
183.08344630064508,178.07009740897385,93.83294522298566,74.45273901492367
193.38933155322673,159.3164364245253,94.38734396394702,74.91926480310255
213.31137781050654,167.39301694069331,97.13261960145213,74.73711682779083
232.79481314417617,198.7642368803002,98.67863888838923,74.11444154513416
243.6767354334769,228.97971954648966,98.62893895197077,73.39737397875845
239.17228452634075,245.2451860513911,96.83071689080379,73.28781259527354
232.81758542040922,239.89046043305825,96.17706199070264,73.30682134236795
223.62076883001538,218.24451562884755,95.93000624903063,73.99142198516705
221.41556739653157,206.43434605419037,94.99971630344602,73.57864347799634
224.18666900757316,204.20882066960405,94.75634053365143,72.73086679488043
228.66017290947931,209.47664029710052,93.70499051867847,72.72277125833989
237.1934890702391,202.64372352537748,92.33254104831866,73.31011909248613
240.72081440356635,191.29441142371815,93.09061640770109,72.57056521769407
228.49463192865036,188.92980830240558,91.50468919966187,72.09211302874496
216.7543842248,202.5654352735749,91.8390825888721,73.11053933122813
222.98517314538998,212.62596948137377,92.34471736511956,73.73701110351423
250.37072945946392,217.6376997393619,92.4120205597977,71.5476099907989
284.28290744041317,206.38661969031432,91.58471466181011,70.8584835283095
280.8589048428035,203.98216040409335,90.7738709415679,70.56150282377703
258.9494952718811,201.55637384906345,91.48536636935798,70.34162608512447
229.22964616961346,214.45537818667324,92.43577391417415,69.9737437836958
216.73141117086163,216.6347879861769,91.91716890930539,70.71793918516299
213.5340158049878,203.5109976870349,93.20048468839697,71.40814502016681
212.32753738948088,190.62194995118983,93.0268651245967,71.32047654371644
217.36762941458736,196.9782151238228,93.27667084908973,71.52043341683301
217.2786030671246,205.03746723045975,93.45472354401524,70.93934821830247
245.29482917351282,212.0917339409936,94.24399473801022,69.74484284422827
282.7224992665089,219.91013298865533,94.07196203184331,69.55976353783421
290.79652073319903,214.3705219721493,93.34175399452778,70.36042897346988
270.82422707846445,199.25256520187475,94.71191470326507,69.73680123343345
213.88078491734927,181.2282785256809,94.97908621407667,69.63364778218794
153.17061930218284,179.6111121634388,94.92166005664106,70.28334737076217
131.66084220194253,180.21550960719014,93.83623913099991,71.66896278479604
141.09707369543065,182.59736544159614,93.1674864151779,72.10631119345669
159.5843807266538,181.16837772880942,92.55714983994818,72.36683822708606
167.37024624639156,178.50576886709752,92.53956661349858,72.50734001283459
175.54810010916395,177.12531512296692,91.75009873350167,72.67387419350442
194.09292353455564,173.53388365606958,90.85036157763626,72.10175647838814
210.5595788804647,172.0276645066822,91.22207892659443,72.55226954325701
217.02364662437952,187.20128573208416,91.16859650183176,73.1041944438137
221.91046981190533,195.15843347710094,91.72718915105904,72.68825749019845
228.376393502378,193.70700911525583,91.71972225969296,73.00623011597281
231.3222721699972,189.76980736542228,91.00780735690743,73.11086996696048
237.41839471599974,187.29115758555986,91.71906942223016,72.90676666375421
235.12527450954565,194.86369946195632,91.12871459350211,73.29146863586999
233.48333889882474,201.66490092535213,91.8271036231396,72.61647666809982
251.71308880016414,203.04783402971125,91.56097983431923,72.43585160322861
271.8221803248313,218.20150986642352,92.59452595905177,73.06729681035425
280.76844295530293,242.8920167788219,92.93218925034311,73.16822334162265
280.8591644588312,260.47852934550644,92.75074624328663,74.55089419567288
278.31951825272427,277.3908517323472,92.56849616629944,74.92627560179788
279.45155258870426,284.2456782028675,92.93847991391213,74.38688475862101
278.23697613889175,272.3049976179341,92.73663971580977,74.58930804894189
282.18386491558863,261.5882187026358,92.73639344975034,74.9734491133137
280.68407191593576,248.36446630253445,93.09858562628966,75.0470156858525
279.1292577958143,220.47956345982186,93.56406927183251,75.28978488257461
284.54875393513316,193.99126508040376,93.3459560534772,75.16198633999868
279.5714437819373,190.98566660834126,92.70136496788297,75.8735775881308
265.26349379473396,222.6464734087928,92.1517029809049,76.18591735752199
254.36743929831803,262.6490581268052,92.7597827757964,75.62085741377383
252.66673502017863,291.5158137631558,93.51296402071804,76.14834699092957
250.81450207188746,289.00415682283955,94.54909905751305,75.83499915198715
239.02904884526754,259.39721693468806,94.00752131654073,76.10725089799391
227.30855559704847,251.31113350222415,93.37114580098995,76.22784308826247
221.9043845905384,258.30750896327584,93.50974030126446,75.57227655709116
220.4574044057163,246.1120913439516,93.74474032371148,76.03246867096462
220.07109044502323,232.67559628438647,94.51736824509759,76.2052904255751
222.7011633730148,224.4628069344335,94.62657539016487,76.5228101223299
230.95616668469393,228.44949864941697,94.26553062739707,76.62390762265821
237.58740863686145,216.29671578557367,94.44097067628962,76.74121023453519
234.53244079228838,192.34039033842942,95.16655157451015,76.19466801049298
225.14903804709556,166.52248650165654,95.07210903171227,76.63565959396927
223.9260729702628,162.81387700381413,94.81787938412387,75.95239918589225
231.18497669405093,170.8486123170937,93.7260218674205,75.9940684763805
240.45437504567707,180.40098035952602,93.87098117262552,75.57308839997324
247.02281319649583,180.44140880800776,94.05669507865974,75.49223150300976
233.72920967465998,184.80628312942883,93.98332724503865,74.76065532335542
211.30984714101075,184.9244859548267,93.71983727933235,74.52424967255966
190.65580557637904,181.00223090204426,92.70474511464006,74.43316441050784
187.09017083414327,170.7633261991255,91.95154023442694,73.88570884385295
203.59281776876267,151.5807341441303,92.8467786205008,73.1348941977133
217.63340701830606,134.2268867511272,93.46759575338659,73.92204869138823
212.46224474148946,121.08904286747882,93.28367670770236,73.88212746039122
208.77524166107503,118.13948983084823,92.77339493121846,74.52504157544391
207.63559621867364,135.3473645583672,92.42198593328477,74.30839059598041
214.05110370578507,143.52524980419145,92.69996403662479,73.68341179740744
228.534309236971,141.59496025447737,92.50876823607862,72.31213357650365
234.91782360117037,140.4020808904973,92.69538178676487,72.1071638486468
232.48845401522547,146.9408611885182,92.37362554213674,71.98084179389973
231.21338834121343,163.43729751235418,92.34048326371916,72.57052628996816
226.91360664346763,190.13994866275604,93.16298443307198,73.60465957213609
214.05412085704654,208.77716456537098,92.66452690953841,73.03462850183236
209.96703590513272,207.363141905865,93.02413557665287,73.25782007527322
208.47342829853125,190.38635802528944,93.39736673597088,73.22959513592033
197.65708785860767,156.7623721416527,94.07615091827998,72.3774026361952
184.7540931972888,111.63785562665258,93.72472317810158,73.69121765262034
183.5641380974283,98.84495422017828,93.47288513654598,72.95953805280303
193.95008136526582,116.88590809577663,93.62900871827773,73.50164800706833
209.68162604648947,144.90613847734465,93.69235565833907,72.63245077332236
229.23059902721616,154.65889660863752,93.80491718507712,71.42517133855932
246.10527618446497,154.72245820460702,93.80453476629519,71.2980481466203
244.04455073959147,146.8530196456487,92.73799727799273,71.47296013038857
241.50721604847286,141.65168579743556,92.65152106531124,71.5533366369774
246.85176205845573,149.3278346636015,92.28467484852095,71.68440760940868
244.3521647795552,157.1128235749815,92.12968836151153,71.57697292107999
236.61497595850946,163.63765896231592,92.16622625245184,71.39216860570374
231.70692659378687,171.3236059486576,91.70023115695281,71.44341537043678
231.564683030479,179.08198930996315,91.98471828356858,71.3120606072631
236.81114331734966,178.96130674667498,91.75758146149676,71.55342573383943
243.1302816472732,177.5544310954028,91.95381354300626,71.80027528811253
249.40791811135554,173.3499909973966,92.2681274503338,72.48740338282958
248.2609411478801,157.79996392347547,91.97218529761176,72.50870457459673
244.1781370592487,164.6487578399591,92.38065608097172,74.32539152943505
236.13437530748513,214.76259687317116,92.73954039095568,73.7124283554515
244.03032080626792,252.7446926928459,92.64968462644143,73.64140700918335
253.56364350769417,266.0501368452345,91.88437623717346,73.17528586666981
263.7043277065286,272.9178298899427,92.36450333163836,72.41583445983686
258.3369333131967,255.98504130894952,92.73846175203623,72.60871293145898
244.11548616799394,241.92580537409475,92.59165271761368,72.13748147634045
245.4841369997221,249.5524893272745,92.44350628544515,72.41904495770791
261.41645913482625,266.62667612554105,91.67648314174659,71.9597609148937
267.79686555045623,265.39716390998143,91.7770098968541,71.84651742873943
263.8957892987856,253.6162935783,91.86326698952607,72.26057186009444
253.89495395917544,242.2145402898244,91.22482264118776,71.84394903104214
246.14028842888106,237.0573699324021,91.35331077028849,71.90439445822808
252.54097403464368,228.95709961251214,91.3840520642142,72.7064000914669
262.3250229824836,209.44288047539442,92.45525972387743,73.03614044943399
264.864243949674,187.3178970299448,92.58016643328206,73.05764386815622
259.60250801843586,184.95645195689974,92.68789417300759,72.5726619528709
258.4613419999347,201.48742316249246,92.37252190680277,73.28087548337896
263.66530057477087,224.70860189666138,92.38212465120732,73.71735753838689
259.908356858271,224.99168901555893,92.06118833903385,73.15118330059175
247.00611713945534,213.45381367255698,91.89061301201275,72.84938469840846
232.95473683407545,204.4413455193589,91.50343232934883,72.74435836353499
222.59034375081393,218.37416321917786,91.57335134636503,73.284665294469
229.21236654798577,247.95877554029147,91.29026733477306,73.73586393289952
239.63540075816107,266.33592041160625,91.20546513106588,73.31379006939598
245.77102365683112,249.17969068324803,91.86932621515575,73.99497163439452
232.49112099354807,213.9076811649199,92.34671512313889,74.11646634087671
223.61652881880485,203.85359078883712,91.77315883331951,73.28437207669269
249.60835713723247,211.7991563233221,91.69452637158429,72.96474826025873
279.28783309536635,218.5924929384035,91.87940441783124,72.32238589151216
292.96198455345467,201.95392688806444,92.9250234959953,72.04306472615121
273.19903724051136,178.77491583113647,93.56020619341093,71.73223252584191
232.01114526073061,166.93689462358552,92.82078820105158,72.03212439196608
198.42552575525298,178.82617646839427,92.62750379774705,71.57204957651543
176.55214397516235,187.86272139116613,92.50577783290173,71.56245541774734
174.97907260474082,176.27774465960903,93.07343687075286,71.52605555393396
180.26509182966925,163.3683974179312,92.84763612441128,71.47915577850146
197.68234893464663,159.8519168162852,91.5836440218478,70.76507341854935
233.71855093816578,157.39578995569548,90.9507789148164,70.57450293258543
258.24826703817513,152.08388055780975,90.12551132808665,71.0437607571382
258.275361475369,149.51777834605335,90.07132245369894,71.10866991882499
243.35080383710084,157.28141256197463,89.51397150865515,70.78463459777247
218.34909637661667,156.31130174709762,89.11586528014335,70.20478017005249
198.1272072492757,165.91774250047706,89.48662084623693,71.02841000758778
189.1839009923009,184.70031889087588,89.7079353538571,71.31746724035332
184.17267412584098,201.08987893899638,89.60360831428983,71.45038465469523
162.79950795612245,203.67914754801416,89.30165139110639,71.33635205579148
140.5337041575558,188.19204307221983,90.89509850205403,72.00127125242555
142.28342577341527,167.61593643551362,89.95663495134934,72.17780962960984
168.38878595842613,174.32802527766515,91.28452808518583,71.50092087479682
193.79159941489277,199.5226954397961,91.65516222932564,72.28784160760799
200.6276579143821,226.5798095226205,90.86940431826928,72.29632161123287
195.8432235864263,234.72370315184338,90.17677748808468,71.4007775819315
184.3659676931874,224.63186543095412,90.26922095936284,71.26261452131027
174.5155288907273,213.30691206267517,89.6548806540055,71.05790110880596
176.00941904556254,220.99307671364727,89.19377059843976,70.84559333149039
191.73883361167856,227.6254596542145,87.92886903614524,70.16163060449657
226.74436586010688,224.18508029458047,87.51685448927013,69.58534825769516
270.85543593413865,211.73737643491677,88.21537102524684,69.7805735647892
297.04420590221775,197.7472846991754,87.99946532349027,70.43799624682342
293.3754999547455,195.07752899324083,87.86314698162349,70.79502083415169
270.83600811997394,213.2829774919541,88.03326954623216,71.80817475750376
257.1860081382757,224.77350015131663,87.67988610060038,71.45262495525643
248.29457680975497,213.4682824825352,87.94339865117512,71.53818158450491
235.60600160472785,189.43130757208232,88.23858081562148,71.95639173875573
213.2664552306169,177.17256632765654,87.5667518117671,71.27891769867603
192.04564224019876,176.71184320902597,87.53869256688137,72.20036393593713
191.69194502539247,196.356845761859,88.24608699649393,73.11315562743826
223.96567916286733,230.55127564226598,89.69429238656745,73.25826467261001
251.18221844309446,249.04970169940393,89.08246104717529,72.14224403904215
241.09501638743842,237.77722445565584,88.97314127221344,71.86800915448016
218.27471424428325,220.22416910685388,89.08548030379156,71.56324687618122
202.25900631714546,213.87298124618502,88.27712493115868,71.63494135640033
208.2933111505437,221.36698942672362,88.7829580815738,71.73625637597702
240.6256343069113,246.7236510551371,89.74999531726823,71.50884354101903
276.70728444212926,253.38360575609278,88.57913353350094,70.8661552974414
282.80909599012347,239.35715753791084,88.9108749396804,71.34124982903577
266.33142836440675,219.12019680020762,89.10802044318439,71.49739930699047
242.51906879771042,206.36341670252312,88.7498525518772,71.75680843672797
239.2983769396444,195.14877339820896,87.61887632330385,71.46901521124022
264.2179253303917,203.66987916201464,87.82161483118716,71.94144603491115
284.16457973450935,213.68035290974436,88.13381940944512,72.02325523269832
268.80976033958495,204.84165093947695,88.61586041989231,72.06789380191552
241.400744361993,188.51397066198436,87.83778265237056,71.8710077025746
240.54425854659561,186.21881228322593,87.03879944606757,71.43741478589612
261.75047001568043,182.7609433307142,87.0016502186288,70.8751632125553
279.5392329673818,180.45218948538607,86.18618426997048,70.52666233824804
274.5638960119616,171.72936429361323,86.27751157983482,70.71845617008582
253.86361469615457,160.91382856567208,85.69929096333718,70.1254659063795
251.16613361269432,167.96646684472142,86.19251862602259,70.7253928609858
257.1644343371671,176.74291158874365,86.53664352849938,70.44952026493273
263.2960188805276,175.45483829150416,86.61835340323319,70.55669106712077
273.29922612664194,162.966149392134,86.3876546197355,70.81442422994732
289.2823871005141,165.22450898051926,86.56493103499784,71.24287403210101
298.7753368487883,184.98078996930036,87.43688817136731,71.44602532037456
306.39540725251015,203.71306614900823,87.19028529397832,71.46531778609585
297.7400643147043,205.06873250281882,87.03286658012266,71.24942859125574
295.28246382011116,197.7219693345195,86.96899865309598,71.0057481792153
280.40519350855044,190.48308801655378,86.90817233186597,70.57582734297107
231.86700579533425,189.31197045822873,87.39221417894285,70.44133595758642
193.28457755351712,204.85569793561743,87.61564365481746,71.61964071574052
205.8878389560746,201.8805864729573,87.45389209951759,72.56090939109774
232.66797903853163,184.52831204395034,86.75456113532012,72.02482544863393
245.26090412018425,178.4568611173961,86.54642554817244,71.67887001366358
240.55028221082293,177.36610148613357,86.01172786459752,71.37140390061423
223.0697726516429,184.49866864049005,86.31165658183498,71.96102262095374
230.6421272629616,203.15343630451727,86.1064700501946,72.00029402039179
265.2004543278542,209.62615997771908,86.63678125778777,71.49180476994853
290.2621701886802,193.6183522661116,86.26048832758362,71.17177997872234
306.7700184961222,173.57027716209865,85.43799107620404,71.64553097012745
305.5622279565619,162.98271111778152,85.38220095841477,70.57832228657217
287.4200182983327,166.5290929279671,84.86706713806699,70.84546929356222
278.28370743351377,196.59175354096487,85.99193445534098,71.96212811172379
304.7384393172445,220.7914730612667,85.267707519447,70.77790334730024
330.4520695648607,200.50202849290469,85.39043235546882,72.08061318402102
337.5922091316076,179.29201760739952,85.97601406462215,72.38069590086461
326.2440312453069,175.99077850339353,86.2487998639984,71.50865078446822
307.5513643921138,185.70054777391118,86.40928319366643,71.94236577768274
295.0365502329724,197.0611826609894,86.52767505217837,71.64120881732006
295.09933139069307,198.59314226381417,86.40211273673695,71.06537862118849
296.06341411797155,194.7898893133027,86.95080811820279,71.24130201414332
288.6284673513454,189.8142732095331,86.89185288632618,71.23996837826331
286.3699668752525,184.83864697607177,86.43442707817664,71.24236732451506
286.41779270835184,182.49114543546216,86.33877541197792,70.97693828137182
283.12058078582345,180.1058089611939,85.50982483645608,70.79869494952261
272.417639552316,183.57824409182106,84.78628693651707,71.23029814391958
269.0164853915677,186.99813510143582,84.22469208942151,71.7544192932823
267.53279890770284,192.80167525072554,84.73766443763122,72.41934209230267
266.26462787433775,197.91083116717692,84.80099441149132,72.09307863088061
266.3171076562635,196.89615521620817,84.6960348476398,71.65368474225966
280.56120795446236,204.4340332366272,85.72852682489203,71.33827498824662
296.69345168909985,215.39993473724627,85.5856908958009,71.64453843790497
293.15946368430656,223.00885341512142,85.2327706173724,71.26849365818492
275.8249290420368,219.44745792648024,85.43197992302255,71.00488606856246
264.89437139672157,208.3509575327031,85.14452557489193,71.0493172173557
271.0965932911325,208.4594697217867,85.02628373260838,70.83229283918853
286.8670763156989,215.80251228350176,85.36027613790691,70.85772700241907
280.2180290609582,214.5363257077371,86.37099908967825,70.93262584240637
238.9335970554621,212.5571551775901,87.29000898346793,69.94249089559719
219.2322883489422,205.5781893009655,87.13531670251501,71.53876336947366
234.54231760722257,194.3097681178381,86.46467585992261,71.61354248025219
240.95617169770847,193.10394332341195,86.07033127973402,71.53851934894782
247.48726277292423,195.61797199556912,85.40510025012938,71.46924245296424
251.3038884965419,194.38901388050778,85.17592052594696,71.4591347754026
249.13127478708174,200.37597001865186,84.59249178362438,71.80686290222155
241.42993868979232,205.18136058046542,85.22962251896459,72.03977608475347
257.4588232968744,198.8859960853764,85.34041723072832,72.25798048803617
255.87304149043857,197.6530271786782,86.03225500801574,72.24419246584837
244.61304677709614,197.57190126675115,86.14065208929969,72.40644428970246
250.94931303641522,187.29767712176834,85.94042745546088,72.9991999639891
260.6684619766723,182.2656816204026,86.50941899370206,73.0595462573429
250.31128768562004,173.51738321266475,87.13845190872115,72.98149186411881
246.76735888248504,171.06777455751694,86.66898320957839,72.84249163747265
253.99112537062084,179.73434544173014,87.27923864227007,73.07676967950333
260.3272170430704,189.69629241028568,87.22112576834466,73.33538849595033
253.83564879850428,189.7472978460898,87.57384253715988,73.23337762434211
234.8020740899395,180.43574240169093,87.69281465644163,74.14733910747755
223.1845535021623,166.47752095096948,88.00997550940878,74.0530393924248
