57.5,156.5,198,173
53.84757456587458,154.5374041559525,198.46564833771876,170.08598915756295
59.20442028567486,152.55632787873412,199.3512756565262,168.24848233279567
61.638713645390666,150.71703405278197,200.26647882488427,166.14328009691027
61.7825892367172,157.49712240693933,199.9787276422312,164.1110502544215
66.81721978576232,161.25716742823778,201.36294148462622,162.31769768206718
66.10254996058134,165.0709676128057,202.79228113498817,160.40909364965503
68.51750277753388,162.58437020832892,203.67233799197288,159.67232596771885
74.21424175347478,169.0305136730515,203.7017897331946,158.2029687313772
74.13861452920574,165.97879144046408,203.85304418173268,158.61839690787053
71.43350540806199,171.0852603359291,203.5661739151106,159.79963613475965
80.02145745958494,166.97087180972466,203.5259988532214,162.316503506783
82.87348877286945,171.56085737559064,203.5740905221606,164.6408409660674
86.06341667500196,168.34694801445735,202.98478581956462,165.27810858666493
88.11800058284015,173.22923924797328,198.87561800388823,167.09714742265726
97.44037422356521,172.83090001609258,197.50461918057977,167.89382588641868
104.589449180788,169.62446638140455,194.70563070329257,168.55711243721558
106.01046664910099,171.30555513622724,191.86359576666658,170.91190166477753
118.95866265823521,170.44595864425,188.80967371196314,172.63109464873202
129.02330896106142,175.58224881070998,185.75204575809147,173.73962408366583
136.4922192695746,168.31116983502727,182.13521701270656,176.96079016338976
146.08565330396513,164.50646183759534,179.91307430847013,178.91529770340546
149.47943528372988,171.92006487144462,178.7763453915091,181.04059676341222
157.97417875475432,165.7542804990543,178.78599991847125,182.03940452885217
171.76143112797448,165.71761865229917,179.62265561401256,182.11272822236242
178.15657517043928,166.05802028731554,178.22554048090805,181.43192495232967
184.34376964842346,163.3198506040582,177.1788331708692,181.24442349587963
190.52438986453117,162.53398201715245,176.10633264820154,182.8161606696911
192.91735993530034,162.50671399830435,176.97246830947915,182.87069670738728
210.24260557188796,159.46013236943773,176.32176412302715,183.29722878400003
213.91208171157712,159.0020517355385,174.64583672208616,184.2133900517985
234.3604667112577,155.2201168457418,173.30483651570447,186.12643557525192
237.24434951083919,154.79688836597796,173.19650550207777,186.97289253477965
241.68911526977206,150.45205251821994,175.6488172630867,184.3207209514211
246.83972859244966,145.51921334909323,176.68439135102315,182.8495985563829
245.11566750199913,143.67392349968645,180.1325135319242,180.87843377144978
244.39067113769556,142.7420425317256,187.26771499519157,177.05698697271137
246.42179478802598,137.74480678464116,188.94230122058426,175.57779141477317
249.11978719139557,132.1608574243892,189.28582569114394,175.2666715806792
249.53974431749717,128.54764200638687,188.44591143894075,176.75317956098334
251.0880180948394,126.40475150954235,191.09979367348592,175.2885307654427
257.3629996994281,125.52120668942862,190.0869335774719,177.05562040567014
255.06346116221272,122.31105366463416,188.90514871569192,177.69506451904834
261.4369888493849,116.25920273589354,187.7032071141677,178.2536526037094
264.4303058185908,122.50214218689166,187.47919299055198,177.29301333130525
261.16535263381064,120.24435724430987,188.26521512783916,176.06469898419567
261.25426187064573,120.90025219714619,188.08739665416897,174.75290907852303
262.2149251022487,117.81392674220697,186.16607019096307,175.2125041652468
261.19469101625384,121.32027491603236,188.2065383629528,173.89015539180423
261.2205807109845,119.29324676800479,188.1547589734914,172.24301589784153
267.4945048569716,123.47980642270159,186.95525557089303,169.54406903313588
259.9192880922774,120.40197055981051,185.26822382812597,170.0872523348662
265.40600849512435,123.9758796029309,185.48452788968507,168.53430668225192
273.31539770165824,115.34413531277066,180.81275338715147,169.07728939677114
275.24923324844434,115.33428364023719,176.9450822935793,169.09699274183808
279.38772794140124,118.29884478384201,174.11722401627154,168.6170015632345
281.05845481159747,115.21019640465317,170.77577027587907,169.39708270100874
287.2989474145696,115.68059241616521,169.00886867671568,168.45629067798467
296.738106854402,115.73565072691542,166.07378032869872,168.34617405648424
307.4643272305558,112.75356920802547,160.4206163129224,169.04391151542038
314.5312255154489,110.74641870273257,156.66276663170146,167.87023908172358
328.65771628099156,110.63598186125807,153.95975533965475,168.09111276467257
333.61957888517065,108.57473815832451,154.17692303102936,167.14315372067333
341.8788171205262,106.2587474967622,152.835832393269,166.71600643281437
332.74810300879614,106.45481634891658,150.9727587661032,166.3238687285056
340.28027766343115,106.91417691437914,150.89441463458854,165.40514759758048
344.2430969132686,108.04230997502583,152.92834585100758,163.1488814762871
364.9016338602705,109.20487600557074,156.4037636736375,160.82374941519728
378.0818086059519,109.67915623085203,160.01694000359612,159.8751889646347
383.66881069661696,110.36439537477192,163.95594941832655,158.50471067679493
386.87609478552963,111.07888989223318,167.69725968627318,157.0757216418724
393.4324777239109,108.44639067572061,169.92604767943453,157.22686878492294
400.85646918482223,110.97005013889736,170.53119667487778,157.3305938309914
406.64233983650985,115.67745205651654,169.28371827778798,158.24005290203863
429.3168583031264,109.32486966442882,165.19165402621127,160.63097451579998
437.9692817716473,106.33902362636901,163.2796251389397,161.47172724199615
441.4935640960507,106.61442249488405,161.34523520355964,160.92092950496607
447.90442921025874,108.42900369945032,158.67361819960826,162.36682370806582
438.14002840290334,108.36408003996561,157.97973439087855,162.49667102703523
443.17315901214903,108.40922635516685,158.00696757728463,162.40637839663276
450.92436667190987,110.65964475838847,157.64183391902742,162.9513021439444
440.89564466467453,110.64213917122507,157.50512710815983,162.9863133182712
445.9335625966778,108.05154690126658,157.52314077182865,163.12057309435053
471.20794986009554,105.60461609634866,157.46751576226885,162.96511975245878
453.86707188670323,107.87949621506569,156.8272887819075,163.46135707604557
456.05396398782545,108.12886690048182,157.49714976309048,162.9626157052133
466.1656241094,135.78677161876533,157.45953745781412,163.15750309779656
458.9107651653573,120.87739861967972,156.82259161212835,162.68292162842545
456.5293650460114,123.3413893775175,156.55402056297234,162.78631140059773
446.74514575053894,105.94647763917665,156.00749047243394,162.3749396846836
454.1169354788887,131.1162811503822,156.30484857327463,162.17179118740643
452.03080996560743,112.27908047861615,155.46193220691742,159.72485338758048
452.3158639838633,111.262845249647,154.89182417040573,156.79386591674205
450.915593053209,109.98216656064818,152.78395281599867,154.44681007902403
449.4202749349695,113.0064616818742,150.93632703852683,153.23648185052284
447.21644908110073,113.94176846770935,150.5538900114624,151.36586827885253
445.06881416418435,116.90343815304352,150.09452228112215,150.19716647235722
431.1566936135333,124.54604733808455,149.54474596184326,149.09895681256563
448.9269681993601,116.99609932268238,146.92554068255475,150.08970546092783
455.6123842378688,117.18133361062863,147.58672589140957,149.71923688503534
453.3635032530375,115.3573422129473,147.40253430570806,148.68526612503396
460.45600315855233,115.12082749358423,147.2059016972428,149.1582955637601
460.5222368955022,112.74607492950167,147.07343422334304,149.24067329815642
466.0087890396572,116.91137608817942,145.4329953245971,150.24273637036504
470.717628048844,118.98524963460609,145.32763074114348,150.75114599497178
477.0179319514736,123.9762440212029,146.71440993317592,150.0940818866392
474.61812540063886,120.37215361254573,146.83994931259093,147.9541152594445
479.66686902332725,127.18226082311655,146.0272979160858,148.26115461161035
480.1355380140085,127.44334465110903,145.0899599347233,147.7389869556254
484.77182233421183,134.3075835545527,145.0402559046711,147.8448060642696
485.0560049603609,132.3618769109944,144.47189065237296,147.12390903574155
492.6359923512142,138.58489703756874,143.0879529436156,148.4539058555421
493.1709081111444,139.01369003165956,142.01812142375525,147.5963198673604
496.00543731186133,145.3317916236409,140.90970886369013,148.64205420750437
499.19111305398536,140.55511889289255,139.0978211721084,149.07647208366865
499.7945413653124,151.95617295977678,137.8909645494543,148.9618520210596
503.1278830519384,139.8009430482524,135.74080719880106,150.6896817311147
506.0021182466075,148.68603007851794,134.50151711123712,150.95622887768016
506.74214229974746,143.42478875581534,133.02146900495717,152.4916514135801
499.8952964896383,137.15404732668782,133.23419506786243,151.55216871452217
499.66966683752617,138.31474397318743,133.68545437208672,149.2307754215229
497.0576134980965,139.07592450978763,134.4558690970347,147.70841434832255
494.26101091067676,140.41057506436806,135.60676769102218,145.03911323916165
491.4450912792677,138.8524618339307,136.81961087237374,143.73634361856963
490.1320647605395,142.2223205225461,139.4456639098301,141.41449456147973
485.00070506412504,146.96580638102841,140.86244839628637,140.77345775088767
475.9459528003026,146.83335679817307,141.23110866362939,141.0383569165984
481.98131352066775,151.2691284272222,142.495951748599,141.05719000896676
486.36819963197127,143.98060561883304,142.65295839884743,142.2380673164621
473.68232800073395,135.84293777766516,141.10587172222424,145.05398802924898
477.73651636636686,140.08928559491682,142.01018950133076,145.57398690511792
478.02753440431627,143.93454633907047,141.42815342543187,146.9410608797142
484.9417887566804,150.18393587372188,141.2227647139317,148.06540180363953
484.70095898196894,140.84455493322824,141.70442426335467,148.52256151829982
484.5784433639548,124.65761685610084,141.94945549938288,148.90511888753053
489.1952260100007,126.74881941996696,141.8760092916174,149.30277330196134
482.7748189916165,152.7610087115679,140.96146411337617,152.29983157879755
480.90569218049586,133.48611286586288,140.0822926390804,153.91022249791172
481.1259826379321,135.26166053397793,139.6417117242079,154.98765006491323
481.5309786993238,134.7484347402093,138.83171960142448,156.01410165245048
481.76062507186174,138.99357980352173,138.37242685634862,156.80635105338672
484.6358194275446,135.89082308689134,137.26825614375306,158.36564648787714
482.5451100882601,140.1279391689729,136.79698749240055,159.19678898355698
482.7987303005517,137.38034041710893,136.28974706781742,160.03400525915035
478.1760981053582,139.58717483419213,136.20947350453991,160.28310540181613
517.8905865343687,120.60374448467185,136.09102410281275,160.92736494495372
522.561927428309,134.49904698620338,136.09507230455102,161.17694991074703
475.82702297345804,153.054622651734,136.0192516951574,161.4840503873239
494.515325853218,141.2551084566996,136.0890358240808,161.67908509711563
492.1497221136123,134.10932523450066,136.13531268372492,161.91585968281152
437.9787023717481,169.37114308653764,136.622818582334,161.73213718642413
444.6410184013349,162.00905227827332,137.3812113027961,162.37329402331693
431.0023843231222,160.98302423213062,136.3598406712028,164.42535011560233
409.6836636141601,184.398086543092,136.41273012195208,164.91139434609605
427.5921473090385,162.94419532243955,138.51538694591687,165.15959954696396
418.64038961674333,163.56325522568312,142.0858647924183,163.92147974047683
416.5533765259284,146.71990007510618,146.25989097404815,163.89657384404205
403.96719697776757,151.95087376205578,151.9027333259524,163.19938484235158
400.4862757591728,145.13146379278288,158.86457576314183,161.95388242326177
385.7480637713651,143.21696549144426,163.0799966188584,160.73067840195927
381.55472205728165,133.40694563491326,166.36733289095037,159.95332949072127
377.4845286924208,141.71969739728846,169.36905972812195,158.74380564362133
375.48979442871416,134.26968692515482,173.3585282555353,158.14446345626786
371.02462516660023,135.60311790793406,177.06972188919048,155.4776014907094
367.4861177884182,133.50313421785202,178.91253142394802,154.44336364926693
364.0362549955217,132.98459459677247,180.56609469398526,155.48044289142607
360.98845859491814,133.64131389936406,181.37330359616294,154.16700428624284
361.10726868241045,131.65996311798227,181.13568342117833,152.84995070507375
355.03378190893454,131.37745672366617,182.77285996816437,153.41496349370593
352.18536327856236,134.78875566991496,183.18044986555924,151.8816129645579
352.0742991444682,134.11471575895425,183.40257813374757,153.2296927864793
354.9141967023887,134.39914930969582,183.01875223916588,152.66082568499613
352.7673020417303,131.88377381850043,182.0316562609733,152.41069136787752
353.8312785735286,131.7979113455416,179.90370319737673,152.5824163137952
346.67552960693695,128.76912439303308,178.52045933810462,153.4084096213271
341.4114141284149,133.76631800775445,178.60172013129224,153.86099255574084
349.1550194923724,128.66473613863906,178.8105326962788,153.60014076537053
338.7846591093757,123.00273322944642,178.6270588485785,154.46204927690889
343.40559124062867,120.72668628855818,179.8692857687182,153.77209756736252
334.72934128708073,118.8117464513639,181.47126018985233,152.35180207976381
329.4826357003151,116.96375877177348,181.46056430681304,150.79572391065938
326.6251864482317,120.61057824083538,181.94865443388386,148.72889334963153
323.82353390350727,118.83205983747057,182.35101261782899,147.0849832508575
318.05563520650225,122.01704059938255,183.52574685919453,145.8955533033558
311.8909561308824,125.97841401134639,185.49656820973127,143.15207487977966
305.1780484145944,123.26316046060391,183.42792915196526,143.4177638178173
299.89602998340024,130.10924853780736,183.716914111598,140.000639566166
300.27968201544184,128.48999354549218,182.94961004751482,138.15286993931085
297.6684461993327,131.32672161915343,178.08325229688666,137.52382848341156
294.90075495948633,131.11070243200516,173.69879672204323,137.9558668577081
296.9228801701542,139.19954422701034,169.6545463007075,136.47779741224016
294.20623482324527,136.78535379670032,165.46003930305636,136.4922794271257
295.356026621436,135.119796441895,163.16045570667495,135.07371317049865
295.34323646080503,138.43277595715008,163.18603602793692,133.1391454063621
295.3118837546736,147.19835878949215,163.24874144019972,129.58959067895583
307.0757215802613,148.441585283231,162.7410917572629,127.10313769147811
305.65945475866556,152.83095710049452,161.01778326763753,127.43607832258485
313.92862663632366,147.20110267280435,158.08407339495176,129.62603125621155
314.4308250220218,150.49972113849424,157.07967662355554,132.0794410416129
314.8263967412128,152.18419905337623,156.2885331851735,133.25991523174005
315.134496949518,152.2494914860273,155.6723327685631,133.12933036643787
318.50127501889915,154.09523509280206,153.48336913864208,133.98243566172957
316.52172200835423,154.18049463806346,152.9180594805535,133.81191657120675
317.35057051491174,153.93825065107612,151.26036246743845,134.29640454518147
313.9319132615366,160.93365957441858,149.10773153096807,133.79050486332756
319.38155847834287,158.68618703325126,147.11535607397346,133.83199245735324
317.899459289742,160.6806372246911,145.6564232408055,134.2662232848431
318.07122360695587,158.505743757834,145.31289460637788,134.208692007933
316.06418699807637,158.61749405857077,144.92592151173065,133.98519140645948
315.90925655893454,158.94545178692272,145.23578239001424,133.32927594975556
314.9337233885149,156.71299810630086,142.80099932665303,133.4083339067988
315.3646738070243,161.1057006637393,141.93909848963426,133.32117776637764
315.80917496811134,159.2253694652118,141.0500961674602,132.74756382209296
318.5618264498138,157.08249160864443,139.8560717527302,132.7220409865527
321.15274900399066,154.47714001482439,138.96642778418015,133.64054303438922
325.9378731454518,149.59017154697074,137.98181616657774,134.8288433047767
323.185677518864,147.38311014513755,139.19004829494483,134.94680698363462
329.4316874450428,145.36301621948698,139.64898806080268,134.67000829553052
330.53337949117133,143.01037480903747,141.7654102655418,135.05548481943356
330.2233221951217,138.1784346060955,142.3855248576411,136.00123722815894
329.99247427366606,140.00970524358928,142.8472207005523,136.72245122875376
337.6343970261834,133.5468788938804,145.17300661992272,136.4408803598676
332.0684148277333,132.95066767587636,143.0019770089432,137.6333027958757
335.7565608712684,133.21394003573826,144.46418701254552,137.1067580761519
333.7595239322426,131.17092617314526,148.45826089059705,136.75897614896434
334.0066736282374,128.46184029493435,147.9639614986075,137.68648264049216
335.9526683578727,123.0232659750744,148.5696762668273,139.56822282523126
343.26116808417294,116.72717639228381,147.56383017671004,143.08629974915704
339.782582199916,112.48734093610005,145.36693871284788,146.98893904533656
341.5791464077641,105.8575270770232,141.77381029715173,151.0405430503593
343.4059936447718,97.22652529405184,138.12011582313633,154.47052963031285
346.1246756367914,91.29753047861966,137.2886795931202,157.11666375313095
349.6673543403397,84.6211376026335,134.83699731943037,161.20209923828975
337.5818717733797,81.24083868358164,135.72091969935565,163.3052885255945
337.02265751015176,73.42236142487657,136.83934822581148,164.83005568062455
338.3697148456912,74.93170902605489,138.89081758141555,166.55694450495085
341.0838619840831,59.05280780586709,143.0730545381121,164.677887628145
346.8368692712203,57.326026508115305,146.09749484718134,163.28796526253402
330.83289905945315,60.44687252602179,148.88344703119685,161.91660459997416
340.0304854050342,60.80273670382792,150.0619264477489,161.2048762443619
339.8457525513595,65.17710968291081,150.43139215509822,162.25823850021175
337.1784773492409,33.19780065432474,150.84257704960558,162.21310493089447
321.2314543706039,50.97836734333076,153.16143680611478,161.15635545377464
305.57936825683873,48.81698839657855,154.76869203144912,160.5296271802464
284.59320411689833,49.24672354970872,157.0200550945331,159.67015687398606
282.16023045515874,36.73261389475999,156.89879863990058,159.76235729332546
277.71265083971076,38.9659528109738,155.8204801060465,160.2824183432729
277.64219795520626,21.797917202722516,155.96138587505544,159.77336863171394
269.5777370647714,22.564561159897906,157.17397687549018,158.24008071736316
258.7764615256738,29.022167888800766,158.90795427419994,155.25915409930013
243.2899990325701,33.8868340422453,160.19629868486322,150.4772518883351
248.47149136736866,24.688779554155218,159.61711061898728,149.30576765707286
246.8010320239432,25.91338228791099,158.09377964758787,146.85656218956132
241.76703938093175,30.685120119831026,158.55866014796948,142.1146389185419
239.93315439424657,29.21746683694255,157.49318821195254,140.31670357493164
230.32892701297285,32.79797372911443,157.9497669332606,137.8436588008977
234.02749288647345,37.61952904642233,155.2081082745834,137.51149434292998
232.95938401168803,38.102235470744745,152.73667501528294,136.54608149428515
231.88833540842813,40.43416528635481,150.32492238212183,136.43607170274592
229.90632374946628,41.27245355705608,149.77434891305467,134.75949516134338
232.2739069769856,39.73587584699011,149.5184704120859,133.35336262740555
231.58893717803147,42.48432835156308,150.8884100099941,132.3093133228354
242.11421058610924,44.78538486545273,147.66748983063877,132.16460695425616
242.91473570148744,45.242132302915365,146.06643959988236,131.25111207933088
239.13827332878296,45.501920964815895,144.88806992521387,130.73153475552982
243.55288073061038,47.51952571892551,144.736924417966,131.0353598955141
252.5057300893023,47.7405273322004,144.1973470881975,130.5933566689643
254.4768351025462,50.19905785719277,144.58122375012886,130.00238230739882
258.7525417568839,52.388113878611605,144.67506499950238,129.94689754358564
254.15104485787828,52.46689590315199,145.23165849671295,129.78933349450486
255.9483509990702,52.26515747375494,145.96637826999637,130.19281035329897
258.46299716014613,51.96934635039783,145.28427566407322,130.7844326000132
256.6491125433194,49.45116669242178,144.56600559560692,131.47475261384554
259.6453011069667,48.710923289006246,142.91950469814452,132.9552394206766
257.78536269025426,48.324062602544586,142.2956058892936,133.72896079359992
260.10788826047354,45.68656082434694,141.99687491561508,134.65764418323522
255.57554300231754,45.719638385044234,142.34880383583004,134.59148906184063
257.70698862029803,45.6398832433174,142.4467493007649,134.7509993452943
255.7246634627107,43.15492950238249,142.04650133975957,135.3560085509842
257.4797478566454,43.44429629937396,142.90455835812017,134.77727495700125
257.53011549701563,41.23969066403444,142.80382307737977,134.8140122478077
260.1388144267587,38.978481214816895,141.95790695966087,134.9649494044755
259.7420297768388,39.37804078968482,142.75147625950066,134.16583025473966
257.4343454455545,37.13202679978572,143.006466489799,134.2974798022676
260.692660737706,36.041124965200126,140.85628873954855,136.47928347143878
260.2293054263546,35.92315451177457,141.78299936225136,136.7152243782899
263.8026392959637,40.98764073788084,143.40756615356523,135.35748645660942
267.84637833030285,38.77289386676695,144.09917446826415,135.3974370071486
270.88584762386034,37.74599901713172,142.42122398926074,137.45122670641905
273.441385659809,37.28576623537995,141.7174143469266,138.3716922699226
279.98408455704845,39.480623306042204,141.86433675267767,138.39275152867475
280.28566335340594,39.14067944830417,141.26117915996272,139.07263924415082
284.2289708255923,40.78132204027597,142.20390855197297,140.2060262283987
287.8140258216694,43.552137155320295,143.92854401009268,139.11176872344703
293.71723982724905,47.42619973242867,145.4936151834824,140.27797635892955
297.5977018241307,49.35968061727321,146.73299646271397,140.91116722573796
298.7016370685536,49.232299558174844,149.05472336453914,141.1659293439347
300.5835824382221,48.62319225875919,149.86081447190307,142.384143942766
301.4816351386899,55.36468849139659,152.66661532990034,142.70687025429007
303.3986546215249,54.48269816231556,153.48346618035765,144.47085091245214
324.060656969253,60.77345439388185,154.38437712021562,145.96431032775763
324.99018459553173,60.58715873583283,157.25475776778595,146.33690164385567
314.1018888474084,64.95498591844805,159.910557041436,147.16164338992348
295.9539552482393,67.06624768464397,162.36323980849895,147.77386049057094
312.06375537009137,68.35866284763912,164.3225230032304,150.07172779864283
295.9912877983055,75.20712416009879,166.76854515718478,151.22426166853214
297.2526291265554,79.57080424938944,169.25212725984068,152.50943100826206
296.7018540447504,84.26292970774819,170.35367742345068,153.2559719070091
305.78945689256705,89.63267030342666,172.556217324866,152.70536351417644
291.39740052067754,96.08734982195533,170.62126481165532,155.15553710561394
315.60041194411895,91.62041243208245,168.37532250203066,158.9605140478866
313.6681775732831,84.8954695896735,167.08542925474146,162.10167575478295
302.9377015225574,90.08842080668403,167.81077988315536,162.08357405728069
304.90518633392946,99.24323268474284,169.07080120764246,164.55391409008834
305.6094290504619,97.7499368435492,167.66231577457762,167.54050577247563
319.4089679892049,93.37667443256288,166.45716041787566,171.00824609029144
317.45447598723547,90.34024330110952,165.05184939217003,171.76681332355355
320.17209965242796,97.80924883715423,164.92056943569645,172.74070437319858
325.13501285108964,97.89913647563482,165.6290307249633,172.5609290962374
323.55681809621916,103.88195468676074,168.78542023470425,171.24638555324947
320.1187595715844,109.33375092506179,170.30674075815384,171.05238612828708
325.5342842397831,106.68529293128009,175.60288464820857,170.97357104036644
318.96923781377075,109.16164851382894,177.81742706775373,171.47863509150852
316.97972395917895,114.21698806581614,181.79645477693742,172.36895387232596
315.10590756769494,121.78050978436104,185.5440875599054,173.97265241268497
315.97458275085046,124.10843886723964,189.4676849426239,174.97774199595733
313.8853864555218,129.54818251600548,193.64607753328121,175.57458247259433
312.0387065223453,132.2682360860106,197.33943739963422,175.94723249546678
304.5765618193884,143.76631703864717,200.51149385630993,176.45553648866982
301.30209930912287,142.626644471486,201.12695286643702,178.7348816229922
299.85944965223786,142.453547611512,204.012252180207,179.0810753429402
298.0850846031474,150.1861009450926,207.56098227838797,181.705281890955
289.7410126075274,151.7084638548672,205.8687388971544,184.78735186223034
284.16282827101094,150.83535696068296,204.7254584292527,186.5335656505988
282.50148953912486,152.19902272014343,201.88824173532814,189.9661282893745
280.78670751922067,156.86939111250507,199.14758488811944,192.9658332786854
277.1247026394706,156.6035445000527,200.2967720350431,193.49752650359014
268.1152202863124,156.88169169599766,199.711974986638,192.94123211170023
268.5498367053538,166.20123030889752,198.84274214855517,192.8520106113421
273.7572499198442,164.39909788844983,200.7643975942472,190.288034514901
270.96136686782313,163.83863222856502,200.19841019300924,191.40896583467065
268.36011318518194,161.0588923001443,199.23426061529346,190.801788748514
270.1262234549365,167.6720777440462,201.84398118182202,189.85930007278554
272.12218917164034,165.86113654574893,204.01988349127913,187.3133487265153
279.51504371410107,162.53082475647653,207.71814617221355,187.81264838310824
294.06865629188786,156.0429522947724,209.74521661684525,188.3346750664344
291.00801856035946,152.25099126929422,209.59978466024262,189.65188969773135
296.2672148983112,149.02361364592252,211.65232339562,189.82117923883433
307.6537873290042,149.0036198038142,214.15949882985095,189.86116692305103
317.96971573238636,142.12295825645515,212.60660065708316,190.90318426177137
324.90982466466016,137.8287903782729,211.4307556877634,193.13933357052196
334.3554774534882,133.92124256233427,211.6481132005137,194.58487483893043
341.6926216945205,126.41224589212717,209.76574246738588,196.81095043040784
351.5239764366329,119.05795374750184,209.30894284857115,198.7155948093851
352.0274472459789,117.73849638590681,208.3020012298791,201.35450953257515
362.1535076103278,106.73782926176142,207.40303557588896,204.00268870615827
364.4753055622224,107.13095841208775,209.2382146516672,203.2164304055056
372.99054160966557,100.64390775734877,211.69326957657364,203.20018036845508
375.7318013654983,100.76217076176759,212.74416293294175,202.96365435961744
374.401151190758,94.60021770001211,215.40546328242243,202.1953068579042
367.1333155001722,92.4358692007019,216.7899998129816,199.94843643121843
373.33977443595677,86.37293576762619,217.50002212205283,198.95136311672962
376.5366845776421,90.27026408776327,217.66286488198355,197.71336951975698
389.8910378742203,83.90171420035293,217.1120449976475,197.3715259401675
384.34316036041355,83.76854153192087,215.156901376598,197.6378712770316
381.1532438088227,80.83618840336388,215.03749316279607,197.00333621716203
384.5929844924382,81.46783695533146,214.64528979467946,195.74003911322686
377.84989745137386,85.54620423503869,215.20937093914768,194.04435102264262
359.0321490103665,98.28637691371955,214.1881549903031,194.33514755252043
365.9263514556197,88.65754730983339,213.26282679769224,194.29819171344943
362.7954608416236,92.33356315895224,213.1080616359842,193.36270640491193
366.1500865281603,89.62560535859501,212.79803629003982,192.37939597849748
366.33980085734163,92.71309272657487,212.41860763167713,192.58314232781674
356.894175936579,92.67379164452517,212.18165439820496,192.66174449191615
355.03184810935943,92.96027872300259,209.53267642411967,192.0887703349613
355.98722616314046,92.80448984770112,207.6219203165577,192.40034808556425
349.65608499771196,99.51515519850952,207.687356638031,191.57586339333108
349.23936767452767,103.32237864207079,208.52079128439962,190.24774632115577
345.55911392501275,107.1416716972206,209.6031278137095,188.88733118057604
337.99631783253494,107.75791369267736,212.18207997794735,187.65484718966252
330.43968478633343,111.2737790097396,214.7079819480679,186.91679861667933
333.5533447112382,107.5957439248794,214.80167510098224,187.95185578367585
333.08818863015637,110.70198506042836,215.7319872631459,188.07842427909074
323.4104508474301,117.15345076016285,216.02099248563988,187.8864731082607
328.7626995114616,112.47276271250114,211.67338373265557,190.89096062850555
327.6142508017558,114.1378419039867,207.63279752703085,193.89828587057076
318.7495339224178,113.72668036955997,206.39503341742224,194.7206089394242
306.4407921241364,113.28524511443524,205.74806553298882,195.60347944967367
285.0225885882111,124.03765176863047,210.6645206231886,193.05864213210867
277.30632251705686,127.95674737709788,213.38438568001322,191.57678445791572
269.77958973859853,137.96876103435184,215.68779302811882,190.67784445662437
254.17758114418677,143.50702465158489,214.90966959466832,192.39417347106786
229.8095206393104,144.43486656289403,218.76330821974383,190.53848964844957
205.04332245544805,148.07445785017,223.202648976605,189.7011721611639
186.73761536172967,142.19183514954577,227.32871606895986,188.47227872437958
166.63860903563807,137.8471464438551,221.74046102426064,190.62076075049197
151.7348925592001,134.61603649301207,225.590882760573,190.59372784803713
140.92146873837976,130.39392922743946,221.02455988038616,192.48964974872553
122.15088608597682,137.02451793161183,219.51678013558205,192.24478735691747
106.43167642414292,132.94173524027957,218.5508121312967,193.9294752739913
91.15807742240702,126.7907846784071,216.63371583327938,193.24565867714063
78.72818849285423,127.09162744171383,215.6848308384167,192.6439731505272
71.39595674777945,124.72974439979699,217.4936642434381,190.9399241917968
64.34623288043903,126.04339406727136,218.7358604158619,188.31262485684803
57.08986099585569,130.36631526488256,220.43713480378844,186.07251715224572
54.503054751349836,131.77659152569055,219.21474163018607,183.25196463062971
51.320875686255505,136.87849940055605,219.24737031479862,179.37987832647485
51.642289207592626,133.83917581896674,218.60454327212437,179.1887848057396
51.91670746450852,138.73833699420297,218.0557067582926,175.64723149938624
49.25338853706559,139.94643202725314,217.19129721672297,173.23104143328592
52.62406231896425,143.38123315066602,216.58858154743726,172.50007108097174
52.44723559315274,140.6264419111567,216.94223499906028,171.89211529761974
59.209894432771236,141.73326265246553,215.64310210573896,169.67847381500206
57.156595717955824,139.53756248696104,213.6924462925986,168.01262090323985
60.38984509861285,139.37032696388718,213.22628018809047,168.34709194938753
63.28771268553798,146.31781846515338,213.42917471578605,166.4493683499468
60.457841145391654,141.2679643966801,213.11802653749976,164.6072939697354
57.44167379838623,138.3437540661845,213.21420776098773,164.51956116020378
60.72873927549388,145.09137694193151,212.5762702393183,162.8967022738014
57.60947065341095,139.49500531804068,212.91480084801336,162.28943225064143
57.986487806052,142.2587223922824,212.16076654273127,162.65726448090794
61.917532001820064,136.170646221835,210.1884399769841,163.0538931702247
58.95201003229376,145.8951064329429,210.253380806139,161.20328207770217
67.76990477206026,139.13778872431715,210.12843343138175,163.04402275843645
64.8879141568184,145.12532791164531,210.02738920919666,162.79899528911778
64.4690670639122,138.86520480337734,210.86508339500904,163.60025595707395
69.43522387991126,141.1925956129433,212.70344307001437,164.83081099144377
72.59049517112844,137.9325907768628,212.3263601462792,165.41736100490556
78.37200251792957,139.84247812560994,212.63782925969824,167.53482821092192
88.30104282236768,138.83004395423774,210.70903372144713,169.55969655366638
96.54595611382223,137.61953589577308,212.15834351228233,171.98071267059564
112.15079875830287,135.95869183632908,211.15443911795722,175.30240078948364
128.36695711702023,143.65166466720706,209.11904064931747,178.15460607700473
147.53967835842155,139.2114671275615,207.33713074350678,180.9410790601305
162.14093422254695,137.65485848764882,208.69003924252567,184.0542963399558
181.45688224191514,136.11786667525539,207.14958777713036,187.12827996474272
181.60173194815067,142.02673557393248,206.8598883646593,187.72473942027761
195.43884514390106,143.41248061785583,204.03407880842454,191.16535354124744
225.60397311195686,142.8065806026379,205.93170459933447,192.37715357168335
242.9923893068502,158.51863968252889,202.51323409127232,192.31139729362602
263.98900741667825,157.45029948335343,197.82314868779486,194.44807769197686
272.2052054005357,156.79325027511035,193.74563764943647,195.76217610846305
281.0939531553909,164.32874619842195,188.23606367568493,199.0930665657782
285.74732622671826,160.85644158493045,185.02838977811564,199.93860354767583
293.10063528113716,163.46984141592702,182.44444254624557,200.77313932416655
296.73199494358494,161.0676367519925,181.21491986845837,199.54435200492716
309.54876383980957,152.72437144636694,179.5592693488864,198.24746716152032
306.58626681229873,138.63005659786728,179.53637100315143,196.696634854736
306.72635508401754,130.4983754699861,179.25619445971375,195.18983223160177
312.2590493213675,120.67435424900106,179.98171196797657,191.25606270764644
317.3352026621926,120.74049185018335,181.5205855221516,185.27819738736926
313.85188576866653,120.4629444511377,182.71093629982215,180.05700917607902
325.10628938368706,119.7514940914294,183.05350031560673,175.76706708403927
317.9452824843711,119.62163460371355,186.0746614664185,170.37635973556092
332.2596988137693,127.05677370684018,185.5060327822759,166.73016311916916
329.2718166768979,126.29691557559534,185.9367408631374,162.7048231887776
337.1726423619705,127.50113108504169,186.59719979570735,160.29639216988488
343.33626031873524,125.65494473112624,185.1878927874454,158.52980042508196
346.75640747617274,134.14112797201562,183.75640401731462,157.78385057753553
353.88206096960005,129.4498932301288,180.2544916370242,156.41692545474487
354.7124003254061,132.10706164235165,178.59381292541207,156.4011772539557
357.56866464323434,137.575095744725,178.15390103711772,156.01034254393332
365.6176889716487,134.25440667508602,177.83447162373074,157.3921809353974
368.6234549983417,138.18632541633124,177.0996449825463,160.0817542773097
370.65859100832074,135.02981695567627,178.33762522028354,161.08651894092432
379.5266998374325,132.57212971544888,176.6320152231442,166.00189342137912
386.9874516260356,134.07402342710537,177.8959926660494,168.39326633810327
390.9888901100177,133.6127695176085,180.7988373117914,169.31577415709702
402.4237555464081,135.91634060298958,179.98060442945172,170.2215064839451
406.0305748582402,137.37405418577796,178.28142430359392,172.82053781617486
409.2663892689835,133.80534269876566,177.33879304004404,174.42896323226267
409.3104959412056,141.24661818285804,177.2505796955999,176.1652192320269
405.95250153479356,140.93344756331425,178.40097193713663,176.79156047111454
402.89028750321546,140.7726677314377,178.93183116789365,177.1131201348676
399.4834919172383,141.13472300123289,180.138433520438,176.38900959527723
398.66408386655996,144.42445821602308,181.77724962179462,175.42406694877596
379.2907110492397,149.56168922425695,181.1490292557338,176.3995952182229
386.08320578529253,150.30587362167415,178.8251654010583,180.54178923210355
369.6111089250427,147.28821703003925,177.81352325046322,180.9177964368576
370.70890344366364,143.8336866703649,175.61793421322142,182.1775979148351
369.0523167676752,142.38759983884586,173.2967689971875,185.06977157787324
361.4383491316671,141.56290857278321,171.59628576348513,186.7191541099985
357.9444906697692,139.21970567018982,172.94249642688388,185.76405365478826
361.7510297296152,133.71367394688693,170.97743813413496,185.48007744750788
360.66878615100694,138.22339581481123,167.52958273822003,187.68531881792228
355.1309125341603,138.8231625725379,167.4219626571993,186.48578530246888
352.8511630762781,142.02403723345066,166.41013304297698,185.65536451063016
352.34571561365783,152.16073592425073,161.8787607108298,187.55103615858073
352.1280766404495,148.48519043771142,156.81492129400547,189.40300976841826
348.917009925064,148.22698577045296,152.34463597034812,189.9194191029352
348.0947270802082,149.7887994195058,148.6073428898469,192.17765057504232
350.07000048216673,146.37719763980647,144.6567960859299,193.6451382681511
353.1123054653397,144.4450708657402,138.57218611958385,197.50939181628365
344.9258661659125,143.90310154630816,133.85611107742332,198.59333045514774
351.6513168687716,140.59451269711622,130.82630952951848,199.99995822462503
356.669890056354,144.5067192535328,125.97047543063843,202.5381696643616
356.9753912218129,143.20438926290456,120.22135890436141,205.14282964561806
364.237669664548,149.1629527046619,115.85685497479568,208.46578219596012
366.77401703038316,157.80906134045085,110.78416024312534,211.39404419743323
373.070220115241,150.4694267020231,108.21464105670492,216.0504264909935
374.9692734169683,151.78680210583542,109.45198309670776,218.45112432682618
370.7016006324863,159.34621745640214,112.89532390007102,218.60830792249465
373.6518356118565,170.95078564317888,117.30233932133578,216.01414230895142
377.2757277500166,181.93783831115758,120.43698137648397,214.80488963593072
375.366957027905,185.77067279253833,124.25452282070707,212.36606768689566
373.7861563475515,186.32463936597014,127.41612418141402,211.2581345400321
376.582739164173,182.45476090768696,132.4078328441485,208.413017160621
363.81566443307725,188.73950728551134,136.60683148491285,206.51109981568578
370.56636706434375,176.41927443212285,139.2313979241742,204.27494601947214
357.68451927628985,183.05906572701906,143.4540941725525,201.76586309354457
361.9181278115159,167.94404528693832,145.82109945677405,199.493236909685
362.6911886252334,171.42083578883978,149.6965522531744,197.96123032971752
347.66201811450117,177.72136267774195,152.44629410994824,196.28361621778953
350.0043888057272,158.76760179231638,153.2425039679326,195.82447930558519
346.12154444018773,162.24645816111666,155.52130975234718,194.35364951464905
345.915483124881,146.0045195901275,155.93343238296063,193.82941979889455
348.19386358676286,151.90248106980602,156.87665937030545,193.03347266175453
347.6266245084814,135.96871023974603,158.01113752686834,191.88279683139316
355.18318385334345,142.6229866947533,159.40906562251936,189.58160844496203
343.6895785919418,154.02309280480722,160.433161518278,188.7445108518989
346.2023190530525,140.5818472299208,160.9020210466645,188.1552997486322
343.22106828643854,149.22100676340384,161.37174717391053,187.3553068996116
340.39761707309,149.31480980742265,161.53069737175773,187.16770081157398
337.61959021800277,154.8783241604034,161.5991493801824,187.01587550911185
340.27510837968384,144.18843974392232,161.77446444965193,186.45023877074732
334.80478135833835,155.36065599792633,161.7542975838183,186.02744807978866
323.532925762492,146.97852486342245,162.4038408702349,186.37108441983935
334.22705034643457,150.279660055435,162.9726934825805,185.25808948087192
331.21021833180725,153.14012715174363,163.52521632864995,185.01829647143975
333.2931970122886,161.3851965929196,164.84552354950395,184.98695133453757
322.3784993836812,150.25558099915008,164.64736033264245,185.21862404800024
316.7171151272783,150.24938271131455,164.95549076033623,185.23102062367133
325.0543691093902,155.82628689868335,164.81829327294142,185.10208590015307
319.2262412559911,153.224150183573,165.4580647349337,184.79811720797076
316.02867131566376,145.348369910705,166.3394617914255,184.0084492812181
321.29976739557833,144.85385810846765,166.82834070371752,184.99747288569276
324.02030743309837,144.5280888593599,166.92597727145028,185.64901138390826
323.86673362403434,149.8582739950569,167.23312488957833,186.08945005613006
329.04950544821975,153.05918908409583,167.991888662493,185.24977358869495
331.50322780536067,147.83313238883068,168.64564478551182,184.579485304624
331.19641311187104,150.95163877352593,169.25927417249096,183.9036579294944
336.6992308566574,140.26224669199055,169.37448963627082,183.04074018586005
333.6004287571609,149.32136674466412,170.02329102514366,181.56890851087337
338.7878482238035,130.6539965289544,170.72072939369707,180.15067838585747
344.0440238691921,155.71393606937173,171.25844823438547,179.75611489661753
343.9975886506956,142.3343632531733,171.3513186713784,178.87834341693966
349.3197021313065,156.29839724570084,171.73731030704363,178.52582192410222
376.9069592374703,137.51510764382334,171.7197544690819,177.48253026580113
335.2190365329672,146.779103924066,172.60967935706992,175.45172180951948
360.0414047959831,139.60461852990613,172.29606886791643,173.35698391887976
343.9601317159877,148.5178700119456,171.7985225158679,171.8605272108205
379.3584055313164,140.7938719538286,171.35737060596253,171.07266277611168
386.83647169033435,128.15022595264276,172.57903374269586,169.3969623538679
389.24735029204516,136.65419305638682,173.1426670108883,168.545199561222
362.2098178590419,147.49698743510703,173.40983675518856,168.38276885246412
386.1770539219585,142.26737845328927,173.9171011531147,168.0771564774865
342.9327284007676,137.14538946739012,174.23711170838723,167.55005438839612
388.59880217351855,148.02498261962023,174.4026617812009,167.31973811177485
382.99204683598714,139.9762745382714,174.8538402257858,167.2736559287556
391.06175801468726,148.12567614882528,174.8769297818936,167.1373646211559
375.2077115281832,142.85031532224258,174.27078013837297,166.91667206881172
383.35225484851304,145.48862015301296,174.09984959591588,167.01278110667187
367.59249054417023,145.24377168784696,173.39000263322717,167.50247803700384
373.6870826486505,142.12131161954304,171.93718913504313,168.37921281822344
379.7424297618161,142.2437996846378,170.54497529084063,168.1342366880339
379.85014862528226,139.60625625394027,170.32953756390833,168.07582643132443
385.57093883963375,147.34158596979483,169.54633470473647,168.59273335391205
379.3041478571747,141.30147949439055,166.10485846981194,170.02290750482555
372.4891914634041,138.0849224483438,163.8549890312494,171.16276085488443
355.9663110484056,126.20499433792189,159.97185591454465,173.82039196332724
357.74231569017206,109.1661601882811,156.41984663101175,176.3654220772407
359.4819866116663,89.2605947403844,152.94050478802328,179.50803906812988
357.3990361033003,99.1661720960069,151.87517673880046,180.6218006207044
365.56270732213267,111.64095440204017,151.24166884243996,181.82862691081152
363.27706435277156,79.92355202755313,150.5732855264772,182.3874006035662
415.78306172085337,82.34051311508355,150.31105222520944,182.79096650025014
408.8382032762381,78.62260446236527,148.48237994094262,184.98732074785426
425.79698177581724,88.75264325331125,146.0265364538348,185.70171884066258
413.232767987943,88.45607011473287,145.08137561621848,186.29486511781934
411.41053343372073,84.79490850339106,148.72584472466298,183.20034105280294
415.3994712012865,86.2997016363287,151.1882309256181,180.19075478692764
414.0104597350297,89.8149345390842,153.96625385813158,178.37385659534468
421.9800204965311,90.69795252116121,158.94782323730044,176.60782063119066
423.34673856662323,91.07823854384414,161.4968980418362,175.84724858582481
418.97326248497274,93.92732056463258,164.93254577302238,175.46038897636274
422.5925170625542,120.6467328219068,168.4137919254085,175.6203409995593
418.68577463896884,106.78547021197193,170.80971357909158,176.25505025199033
404.72660067071416,111.61697224992592,171.40096827033187,177.52288347418997
399.3906195938639,113.91416651219947,171.0836256914484,178.42314731593484
405.6644104062961,118.61632591074581,169.54352458780235,180.02630904006048
411.71856498652636,111.12483616362319,168.44405124262923,184.00045271901834
405.44176423672076,113.29210166810492,169.89974207087698,185.2148770457366
403.4212389651161,115.30329138554151,173.94079261408632,186.78355346854346
386.57896109085,121.85740543082173,179.22635726553347,185.03492181681708
367.4884088577162,127.92768180179552,182.9901671614996,184.36680059830334
368.90289365732485,115.86200928192618,185.94633650574292,185.35758986419953
365.21464079842,112.59208892235542,187.47553813412074,186.05012649390918
349.84432942351964,115.79099604472569,188.8047447667504,185.53459547260286
345.1822815492093,113.37304358920893,192.23378903024107,184.47544889850636
345.16846689318993,111.58494513381787,192.26141834227968,182.11953140790374
338.52470292860113,110.31254110930035,193.75850200294872,178.76911732268445
331.98187019497885,109.25221207859455,195.11338886365968,175.02438608082926
319.6750113970962,108.00787956754132,196.41992787414944,171.68625645661683
310.87139871803896,111.72651923309525,196.6461270003083,170.04265253616086
307.3944965568654,115.56398303166614,197.82910552721245,168.13855073446206
300.292240391194,111.059222731275,200.51656472381785,165.631018200507
295.7715668430264,114.73383493297186,203.79835478195335,164.0413508353131
290.8842288279439,112.18339906243466,207.78874445384255,163.35793621811172
286.05032528418894,120.81818091207718,205.7878516979401,163.59142228394526
288.9525231240172,121.06995874015396,205.790955822264,163.0878666277917
291.14505662684235,118.28553367016025,207.20526465975337,162.8573409246394
284.2844581818726,126.56818824357964,209.29188888827423,163.74389076992873
296.02949281914965,135.69815061847578,209.25630461130757,163.07482976832696
293.9191979678964,135.89556338454815,207.6246984198025,162.68000423618224
308.4376470306261,132.78935484638782,207.69191007175098,163.07159935702134
308.05566089749414,140.91109714806686,208.45588233801487,164.31276011375846
314.15943318687715,142.88870219466034,207.9684839722098,166.21762312705198
312.2253276678165,147.9209056458779,205.95317777138797,167.9202507025033
321.5932219870725,143.5173611898067,204.8578376938604,170.84719009431745
319.87005426111796,144.5675988286456,202.39362229052506,174.65726567188426
333.2322663920911,143.00837538913134,199.40436409555429,177.77571255091277
334.7999656890918,144.92295787179884,196.26896550155305,179.88394936822704
333.38823082485334,141.1296949308243,193.17017241129307,181.5482124314393
338.1932178543882,141.94591119643596,189.46056567472482,185.81614722271746
338.5841188298674,139.2355653294198,188.67876372376634,185.3270391319641
331.89914387871494,139.94873226609877,190.26912155688396,183.9007052586062
326.25804474015723,137.51809613084728,189.76687014370134,182.86975268396014
322.5229823768301,135.22254432427818,191.36895289910348,181.5928143258463
316.35824936212794,140.4610682038552,191.9526005310533,182.8615849641469
300.55894466977634,135.31715381420946,194.04045228035096,181.34511068927625
290.16485651117637,136.2872292168876,197.0964133024172,179.40495988391996
279.94734398698427,140.43999956694518,199.7488818609939,177.02693801374068
278.81537221747215,141.3617223870213,202.0128254000181,175.18349237358842
266.38439700008917,138.916244520206,203.12940879911838,174.13810634830259
256.45780393172805,142.35538323758215,205.17209425964404,173.19666247228244
233.2379857910404,140.5560594815654,209.93904053506571,170.84206855489398
210.95305268948908,147.6177134154902,212.5883882279828,168.6960516899546
230.46917497517524,143.41155955165334,209.52329213964927,171.11383467045513
220.8624826135682,143.63155376727858,210.77672384835623,170.6738462392047
218.52175110302505,141.02387664187,215.45818686944259,169.890410085113
205.61970065167463,147.4900128488004,217.03082609921844,169.0738685077147
213.37276158687524,149.3541883157184,213.6620081896823,171.41416955431123
215.3636882061587,144.96511488902937,209.68015495111538,174.1372557872853
202.21331758234186,146.8890378209873,205.79146591146693,176.32729598082588
196.19108955514042,154.50195170387576,199.79648882112312,179.14090135979558
186.93107371751552,150.77755847233712,200.42061700031093,180.6243866575188
192.2985839585421,161.12144066106845,195.6842803619288,183.93135765474057
196.89545190052462,157.29492847039936,192.4680271770715,185.60689933697103
177.35933849580286,170.43256665480033,189.86441879171656,189.10007667873933
188.20792552437575,165.41143646572453,186.07107006219428,193.1743952810164
185.50593134345561,168.18771839131458,185.5029507990992,193.59393905477162
179.755307134715,167.2514825365343,185.064819572532,195.46641076433218
179.59681637104725,166.81802251736485,185.38180109986746,196.33333080267107
173.49724026868296,163.575829634876,185.5596665480981,196.80707318939977
164.48261520886717,166.91789637695996,185.5263002016527,196.14381186059086
160.79989592146285,164.30657065876483,186.8817672836258,195.35649180414563
150.83028364886388,164.54955469575947,188.76360105431905,194.87052373015635
140.8681402869869,158.08077922482184,190.56401504379022,195.72549284917642
131.35398933268692,167.83106109554745,191.3428262259382,194.4744198341771
117.68148253656376,157.95157952692648,194.38459139361217,196.0059466529898
103.31677640413909,160.64121106540185,198.5225267244927,196.77455280953126
89.20949115702321,157.82922577880996,201.836554645073,196.1733877393022
84.81531272110452,164.72983241677915,204.3571970316505,194.9076034338836
77.28938059103021,161.92249471346545,206.83467252100752,194.2350844551152
69.18602717608768,158.680103511544,210.41081944573924,194.40458690638144
62.561961297394106,155.5830507070027,210.9113515606133,194.2248926942074
59.145414180319236,153.224911899955,211.36570049683795,192.56242501037775
55.86131655814441,153.90144264942302,211.57454618726575,191.2093635114417
49.06484420247017,151.82238131641844,212.48543803353027,189.0264597449089
48.584573022266625,152.92982717044762,213.44598039393736,186.81156803685053
42.95615318733326,153.46273806476404,212.1032627487097,185.74574624821767
39.88528536444818,154.43882627184263,211.98309798909838,183.79356983406052
37.07647906208406,151.8022690699291,211.37196082501183,182.83793446907276
35.3190525041195,151.43862965684488,208.68285112180416,183.56521329524122
39.80880012393526,154.654114946657,205.8773237815184,183.30821061496277
37.5915855809926,154.86511901643672,204.18542372774485,182.88620247540334
35.64062872568374,157.588321882048,201.99402884623674,183.53310533630656
40.027481296530055,157.5831210149205,199.2898767507835,183.54350707056162
37.76167860782854,157.23734095305463,197.79388500988637,184.23506719429332
38.09538566069338,163.34252645945455,197.1264709041567,184.0552093926613
37.9932834438392,160.9042702106466,197.33067533786505,182.92974319481522
38.166036828338704,157.99679695879988,196.98516856886604,182.7574103318516
38.805004187696596,163.41573936685833,195.70723385015026,183.87782281945528
39.79708985925808,157.2833868677548,193.7230625070273,184.18854443767856
39.76800423041739,163.15557657993452,193.78123376470867,184.34594570203774
37.82592039599925,156.86349886008068,191.71110617604728,185.02151062675006
40.47347986642647,165.92319863832995,192.34855051421184,184.69980090730863
40.85568577190442,159.68222624924812,191.58413870325595,185.30681794560243
42.88304336704792,166.14660677908708,193.4645083539897,184.24822656796601
46.008039212848644,159.7811919207693,193.16230601575393,185.08347757787024
45.90640502189464,168.72656518340315,193.36557439766193,185.06159154924507
48.921597276540254,162.2457957537249,193.29431410959572,186.10488196615154
49.118098999793006,167.59500041376884,192.90131066309021,187.35551724948812
48.170551713281554,160.94247449372395,194.79640523611312,188.68429452064157
48.27902179791782,166.26562779293442,194.57946506684058,190.11573665676198
56.636390185582556,159.9377467689962,196.03899887873192,190.6553183131579
53.18534500592958,165.1569465070929,196.85156249921147,192.39597231461727
53.03909791359345,159.06302891672962,197.14405668388372,192.3242434150353
