269.5,75.5,34,64
266.9232896002747,72.09655547469589,33.57805525471655,65.23152350587416
265.7874932558032,69.88297110196741,32.777716395503475,66.58676070317506
267.0538238260216,69.78563449164224,31.787038974990143,66.78143392382542
266.66731217490593,67.32698470904543,31.032455172680844,67.11591217539706
264.40380884168957,66.64094579539798,31.001545606077585,66.96868459167992
262.8701821854304,66.74294735630875,32.55217622519227,66.7646814698584
261.9312444308535,63.42713744506843,32.889381132122935,68.77428948566971
260.6525498859923,59.43833944238326,32.29502759807865,72.02427155539
260.17273480298513,54.93950232695674,31.641893795480268,74.57088991179248
258.3057532873255,58.246360182792785,32.09959542578636,74.50969700214685
256.9801800453548,55.0802295880657,33.10540139680991,74.26059613992994
254.29368905103726,58.59528619919858,35.15946642586543,72.20885835703356
253.15464345900904,62.04434782570388,35.77207444772134,70.30718459062447
252.37508196448792,65.23664313187096,35.682938859650406,68.86736970963008
250.30346450776423,65.29779476931145,34.949387294331515,68.74506643474909
244.93412450648043,65.32046533792533,34.40997916844243,68.69972529752137
242.8439606852314,65.5272290665498,33.78679629541938,68.28619784027242
239.43540927308152,63.788170275354,34.26658319442946,68.59565746001915
233.27900272712878,65.25021039309482,33.802071701753874,68.86590837068282
231.057840470129,65.7992611021802,35.05825442561071,67.76780695251205
232.04452905624714,69.67424340301461,34.68357163293584,68.01131424865005
235.6997554402185,72.62325268979149,33.75635532067509,68.49653213077826
235.91143698975353,71.61964283410367,33.33299222160504,68.91687427108579
235.85538791592754,70.72129580060823,33.44509036925701,69.12789858282538
232.95730711316807,70.3678155259593,34.46915352462106,68.24415964873828
232.51074002971032,71.5230715827682,36.95780787421269,67.52916771779664
237.09237599014003,70.10689283755697,37.5611032220901,67.10600278530683
240.87532224565408,69.05499438550157,36.52241632668672,67.57799828551143
240.58613009819987,69.79197206518208,35.47976401038217,67.72507953736336
241.43556678424932,68.55179539151911,33.780890638283275,68.60011439155241
241.06516677867606,64.03777747653106,32.9328730391364,69.68406217006157
239.7704567726578,63.37082326650113,33.93239898592271,69.42807652487126
234.7020811666597,61.903994968074386,36.051406020608816,69.1546354508007
226.7194930059914,62.538456264806285,37.29118111883048,69.52186854879412
224.71893991112023,63.643300741151464,36.303766553553345,70.63786009945011
222.11003987131465,66.38389518460667,34.87244889032408,71.80578895538014
221.17550991696703,65.28898020232802,33.432288860510305,72.34100895068293
219.50384802999528,65.04707526582746,33.50100369536227,72.82481882368405
216.76872040876216,65.03407430736698,35.68017053603591,72.85082074060503
219.04041976824044,64.51714594680378,37.87238342954569,72.20077455861482
223.0255670803975,64.57753935510854,38.46324455007415,72.0799877420053
226.281255996342,67.75815948906761,37.11365643426833,72.60113376219803
223.2869350417473,72.55654129408468,36.28211118351921,74.93969768205619
219.78059334725097,73.86375298415463,38.12017745359237,75.77501904786263
221.3997634920049,74.25479053077783,38.41973596048761,76.76189335281781
221.21579406060286,74.62290418150921,40.576257281925336,76.02566605135502
225.3850473512052,74.76481733474169,41.312308191202185,75.74183974489006
226.0481536103932,76.44159395320088,39.986095672826174,76.03494379669591
229.57319100208073,80.34665816939909,38.350779842148846,77.24941361879566
233.3567552658305,76.85988663033753,36.16722498360596,78.8393830279621
236.16532448998208,76.75010375975623,35.88914824155548,77.27926153370714
232.92634272378643,75.29987785619198,37.110730423855486,76.67545910744144
229.89946229685046,78.47175425270049,39.63525166270375,75.62556573695996
227.3854938152778,76.59970253102483,41.077443762759444,75.78392431722166
224.33404578091145,77.63338770585895,39.90060704973462,75.53648716299284
217.9563353940816,80.07870239855866,38.28705926418904,76.03422098729538
215.25349642323326,79.59187807277732,36.59021282585951,78.78350073386461
211.1318012441605,77.7565365316913,37.68850060460722,80.66790817118722
209.75008104492787,74.75012117124227,38.61904114569157,81.18203931994259
209.8384929373973,70.22781687436748,40.298842597599005,80.94352172946098
212.45075343382774,68.81053414368591,38.83895280310281,81.89577159164175
214.0378214611164,69.85467101790945,37.535680322825,83.54922499179364
215.88799259151156,70.85457350437676,35.70745002573041,85.29364394625046
220.25412041237013,69.08336602981541,34.435591793700155,85.1058601905297
219.0402202556003,69.55034257925773,36.86339210723979,84.17190709164507
220.11428802989786,70.00394354959137,40.32319619726122,83.26470515097779
222.68644533215053,69.42119253615655,42.84556318060469,82.51353678088523
224.15466227938566,69.35632575125963,41.85842243837133,82.64327035067907
224.10380696972638,69.70995876294327,40.02595546007542,83.87018192492631
221.98731740489325,75.34881397081898,38.49792961464806,86.03481645105995
219.1124237530784,75.86791347863695,38.47243487441519,86.9217114500449
221.4237560198227,76.03843735175296,39.66230304919476,86.58066370381286
219.95422887417624,74.98588564940788,40.64790600934029,84.77886444620842
226.54327937811377,75.53025834978985,39.13631850568281,85.6345379628141
229.53370040868577,74.66621082642808,37.016442304354264,87.3626330095376
232.4840744807582,78.72915706025728,34.95207361547084,90.74587890766362
237.09493552015635,75.40581996770298,33.45086809704026,91.60216567249796
240.23789664929507,77.26212775159458,36.741791061886346,89.80491914933947
239.49551784066475,75.62839085658052,40.17511835857027,89.17525358052104
239.72050063995465,80.02544866429395,43.72543366126116,88.38169976763552
244.11467498665712,76.09328035425794,43.13907321950533,90.09454519897065
244.8790593422837,76.46845531704895,41.610304508252185,91.40952982078122
244.44765327590807,81.41657499767634,40.415343256673644,93.85993076550577
242.41910534584093,80.22332933086247,40.32789132013031,94.17414820079469
238.28292786475433,83.3089419389506,42.37442392203506,92.15347122479744
233.87038492386037,79.8443310598403,44.95358568099251,90.7547941525774
234.9265348540933,78.30621578677801,44.94777719053466,91.72453332869391
230.5048819971871,77.55648749446308,43.18822899176349,93.22398991332378
226.5107044135608,74.95762564652408,40.61764966967846,96.30992671133424
227.3801815697295,67.01349127283545,38.878695357341016,97.41924108701753
230.34127688974888,65.1055110448301,39.24553994945033,97.04251138826285
225.65427880652007,65.82446646205497,42.327142283954814,95.6046005538131
223.7483443109922,69.5327802188055,46.13901127501052,92.45049058046516
230.96664636177374,65.71646149268429,46.76523445490703,91.4757981575878
236.95722939889345,71.9610585294894,45.525918430617395,94.02519415390714
239.87015020191296,69.49921510943813,44.0285192480476,96.7846597822751
236.79172640557874,73.88982033130486,43.65054210518315,96.71654898591875
237.57715190820562,73.72745118379606,44.250345743339125,97.04128728093633
240.274176631945,71.85330797731788,45.41397482293574,96.41778800917578
245.1264996227922,70.81479585372293,44.49800635607616,98.49481225636568
249.08439322782317,72.39879273523655,43.21627796147584,101.96087730880004
252.017984361901,69.1327576975553,41.8270422241383,104.01500085334433
255.9404904476684,66.45124255679582,40.713785685355184,104.89019404636225
254.94613339648012,62.20764592783798,42.70249978773171,102.19438145926539
245.7117467402847,60.73907888618025,45.538593403461505,98.43179567258323
232.2964009511621,61.32414902975661,50.08259301479783,97.26165538543052
224.52062954281462,60.23524729861455,51.89142672128067,97.14900732934595
217.60094028082904,57.64899702173878,51.81150871920029,97.68174237441366
209.49707335310435,57.118672816353794,49.40841642052549,98.74239078518363
204.60564468726685,56.16176800343843,47.68868650336226,98.3556829612467
198.5756010337185,56.38009164514518,50.68859381457106,95.65399067886123
201.07912154295715,55.2921463072842,52.51329721400339,93.27538507597674
203.27121468870038,54.02681905104865,54.949128222332995,91.25936138857045
213.37056915256315,50.691220506859544,50.74315118767635,93.3612065075004
211.3126264617884,55.42986595710121,48.125801452578315,95.10597413476286
217.1886817578197,57.03857451591846,45.27400288433042,96.33871302903567
224.83418508476163,57.627127416557954,45.338019412797316,95.16160722775669
227.54326346140715,57.31737566661488,48.63000138694827,93.60357604578235
230.21640508131355,58.33104821343055,52.13063313470195,91.57623095215101
235.71914454753633,60.16997906611216,52.333580942380806,90.14005459481265
244.90380525766477,66.73484293479183,49.531161322514784,90.35338554350257
252.6312241102114,65.78468200556678,47.15229858292392,92.25370740195268
258.06962374257495,65.06804188527632,47.10778144780689,93.68698764253361
260.9925768243148,64.41207351210079,50.00865836217946,92.8122286194216
262.8454642834716,66.59760127632188,52.9741392629677,90.66492503068001
266.16680392708327,66.76771302049505,53.05889825844696,88.08222211476617
274.07015007399525,67.79154571030752,50.48532913708261,88.24007726388453
281.14791687881205,70.47144491876605,47.151450189275884,89.37327164406356
285.71575760707816,69.5195848137229,44.38817736770023,91.27699185414988
293.3189016838994,67.08051057769674,43.91210405800051,91.9465075136471
294.02024798264193,72.17519098430319,44.61522044662507,90.1803826448722
295.024679020939,72.43372814229792,46.790810205295244,87.57108241125057
301.9877370243513,72.52665835971862,45.41326661964587,87.38522197640917
306.7056724896,74.12141659357704,44.23754125948012,88.32577829385814
309.1020659982678,74.95022664505643,43.56184395533002,88.7267030474921
305.10284704317496,75.88114997626633,43.3494585439789,88.9175622154565
301.79152999632396,77.31296194136442,43.81666542971879,86.0539382852603
298.59343570595024,77.38310325768256,44.15890038064254,83.89567110934948
296.8082286464681,76.62793379933355,43.74494170974246,83.41382363111529
294.6687921974897,77.39298573839464,42.08984602552304,83.86170928038516
290.6287714812466,76.58851753827824,40.389747449028214,85.47064568061796
288.56707392892355,73.23099332466799,38.6631165923899,86.33566814655414
284.5953685596411,71.96555603452367,36.94471274001319,86.93417980865443
280.3181588464903,69.09164789147218,37.856226285664164,85.03909021410686
276.2745856799915,68.20810080001175,40.245275885577016,83.00745324163786
273.5727140618604,65.67332982602801,41.82589986625014,82.34231630622165
273.6005838676346,65.72903702796516,41.77016025470164,82.23090190234734
274.32802098969114,66.60934498763585,40.31528601058861,82.39689500165025
273.5257109425064,63.655691015845036,38.11219440355812,84.49649124383188
269.92691353221596,69.35771864872217,37.7258370371531,84.46836425855625
268.2808078712986,67.32033460113854,37.24046265474476,82.8767537973587
271.4906811470222,69.74455779786608,38.24937565667924,79.88547229224906
276.20285090064255,71.07404993460312,37.98141998239847,79.05776478536696
278.5528292749551,71.08794903669883,36.910536083949566,80.84450300626358
282.16568071116427,71.77144792896777,35.1504054673907,83.12122005896535
289.0924907512231,70.14655953074512,34.06368066712704,82.72331248973809
288.2809819012965,62.92077001495343,33.887885590484615,84.58320208585181
285.9745066830539,69.21992658521997,36.67835295095544,81.09730432539112
290.9889327021954,72.70644564898693,39.399712407366806,77.7671837677699
295.51092387503195,72.22546358368666,39.45697030146806,76.9088998504156
295.2219557354253,72.03707790691504,38.22625671701576,77.28567120395883
297.2073285704384,71.39750867465368,36.04840876957766,78.56480966848156
295.15547741705683,70.07565578792814,34.831268398483076,77.66128699002746
293.9540551379219,72.48865268889735,35.49497316849554,76.31357276460372
295.55632761045814,72.63476647669563,35.752791362948,74.29016361924472
299.67567708983034,74.9278223094986,36.04502421412114,73.11642467760582
299.0583305701081,76.69099460046772,35.585603067381875,72.97830846803483
298.7674352492355,76.06888978435772,34.48326935063203,74.22251810025483
297.0517687243476,73.69256707201393,32.86541618635409,75.60903938223991
297.1049776458293,75.14185885735864,34.433774148795486,74.38523161695535
299.4939484928399,78.13338713591585,38.078654357656376,71.77130382099372
297.3816398175333,82.26766461397875,42.30327170826941,66.92166277363953
303.0431838478543,77.24127724625177,41.234903704192476,66.71971745252854
305.85714743878054,81.31280172012083,40.671541533536114,67.0176101901172
305.81250632496335,80.03525283207361,39.077667512248446,67.88955171728962
305.4886892121334,79.88077329676804,36.38694863009199,69.86768734180896
308.7016323794459,75.7408725603363,34.9182731980643,69.88547064367678
311.303086370558,78.51197951331949,36.22466456260322,67.59790641109198
314.1748554123878,77.55803833818256,36.946051108311494,66.27332644668192
318.19234004776837,78.85098665126381,36.956159759613556,66.9054609893447
320.43578385312253,76.61944547415149,35.70632529826202,69.75001676889094
321.36138309957715,73.33389177129877,35.49407982210492,71.40426512433993
325.52628684141393,75.01909135291069,33.80236057703897,73.0124321400718
327.0615181377772,72.05838602240297,34.03899097496307,72.31965681978573
323.74037131746763,76.84894147981306,37.38609647892827,69.32892217827364
329.34004794131783,73.11731303195462,39.47972916703496,68.48406286411105
328.94408290265403,74.65165140341733,40.27165924436257,68.78500380197922
332.89289502304314,72.75166354804739,39.184792793770676,70.88229006517251
330.23169470589824,69.51901940134513,37.64608716332944,72.20174866002867
328.7081152823168,75.7827635659001,35.568181990686526,73.34109771706756
329.8900789057629,79.11320191575695,34.89337577835306,75.12582619014785
329.41130371782555,75.65544723356504,35.85092615422778,73.52444461690531
333.80426548225523,73.48026879938541,37.245265622933005,72.78466998648221
336.67200733827514,71.74006144617397,36.63980849247106,74.55507583237917
338.25745748452346,62.34451977741758,35.19437154064828,79.5424524445012
339.7039817052892,67.81843928747017,34.07413816600577,84.5499490263977
341.8917912835094,60.53614869998942,33.349172522121144,88.16256966369191
339.4782477034246,58.6205494059748,36.311997606068275,88.26524409927606
342.4038686998517,64.18566252323623,40.05436547017179,84.80990575031944
347.09640657186867,61.62083936928514,42.27647116586439,86.07049157831277
349.69051425775245,68.18870173622223,43.06299282375258,86.87581991363527
349.43318842268667,70.09932781832302,41.56065397491806,89.10553930633196
341.01838248084084,72.7854511985235,42.20311560218368,89.8034738920908
341.35668796461425,68.01627016111703,41.5265046346368,89.11795147324813
338.0901155087516,76.11770049825346,41.99071622396768,85.05295744376429
335.6373857518189,81.86247269112022,42.95268427472432,81.45039598424809
334.5556322594899,88.39101083239689,43.18068144073113,80.0063786136014
323.5931306759845,72.37945397706838,44.00591821796083,81.33892303003122
324.71579313734657,86.08336569795907,41.760593295236724,81.25802578089049
326.8311898843654,85.29098141099928,39.441974580520146,80.93061957548893
324.2789843016328,81.14228755636157,38.94457584361163,79.89165744747487
317.46175949398224,82.43507563923032,41.518302280658574,77.30608128173735
319.8360358844839,86.806183315544,44.16939216186567,74.11359792576786
323.9704877847173,90.3065653410456,43.291454625026304,72.65605857248524
326.36881108545424,90.48858811177995,42.117301091005906,72.29201303101655
327.6684541574484,92.70536219109475,39.518014947017534,73.21642486584997
331.35305806017067,91.73890900706007,39.170425643890674,73.3939266083399
328.6965914886838,91.10105823466611,39.22716474504881,72.91756347252264
328.1953689611425,91.1021512172881,40.229609800131456,71.16935615291968
333.06529855979176,93.54643551942637,40.91364917098531,69.75542040469392
336.63113264457525,96.27961494685661,40.69382227777777,69.47294250710308
336.3421810941585,96.16845138817017,39.55167864680596,69.69526962447597
339.6123264400569,96.6266519576352,36.419334260634805,70.48284163835878
344.9616829742808,96.10336238496974,34.03059739530469,69.86742554306616
345.10824673902994,94.52343703349777,35.34914295227901,68.1922569865925
342.94977266529446,93.84860813357636,38.056155893768555,66.32204437447257
345.6647750697905,93.0977816539701,39.14060555119738,64.56647010047462
349.3140565324461,99.74504277540998,38.32550207271848,64.23886675125942
350.032287202277,99.0719116876395,36.8890407330566,65.58512892680038
347.904984866462,98.03693255072437,34.752167080873285,66.05721761967726
348.08511969836223,97.88217716294743,32.823601372886245,66.36672839523115
346.8652608061556,96.11289181719081,33.72375788460894,65.28661526867262
342.28195364483446,96.77639087639885,35.19394955953614,63.95961715025655
341.9233824783579,99.84073079466867,37.45605034398526,62.46581266820476
345.58713423980197,98.9133959485303,37.93455496407299,62.75928073188633
344.64619111842126,96.95508102363402,36.66916934836959,65.10227465244644
347.6309272985669,100.80257151071956,33.873668327163315,65.34222202598805
350.76810023083885,100.0707137843931,32.22736935074859,65.26325518259787
351.53306113919683,98.49806840592188,33.72362418349459,63.86928096534744
350.57343648070184,100.53036271335651,37.16132879662463,61.323147646618224
353.70885738412477,101.50782805234411,38.58660481453957,59.368216968643026
358.19442749566673,100.78963013667206,37.284924993011956,59.270720719675865
360.5571518053483,102.79841670652337,35.58082540700055,59.78517113000096
363.1918569544598,102.75201827686448,33.290784635229656,59.87796798931873
367.34752467181346,98.49956137376367,32.240511529057386,59.66960700127838
366.85339892898014,100.67664388796153,33.228763014724045,58.17783998971223
366.52432413291933,102.48110056120343,33.88691260684556,57.42093870606786
368.6132761593967,105.72719084574287,33.9867939865863,58.05840052481486
366.26802476138073,104.72391823037555,34.366041535519514,58.62786067318324
362.9154578575984,103.98674395149962,33.81138966639989,60.1022092309351
361.2427826368224,102.66890720976645,31.299162548230836,61.27348832447116
364.60369201895287,101.42785516962803,30.331763493977807,60.87838254974402
362.7037325377208,99.79376926981911,31.299484605653234,59.89825757317863
361.7926436546224,100.41100309387195,33.121662371850036,58.66378992507292
365.2915670596895,99.78402574715444,33.28071512642135,58.48636470556684
365.23827965904877,101.5535525406267,33.387289927702774,59.24168385899873
363.16904618752903,100.11924913328107,33.192411094687195,60.6658420816716
358.67319726813525,101.17762241104252,31.94894190710441,61.473428962254474
358.028386803599,100.34947603464285,30.333093183257954,61.676986888594314
356.0874404524765,95.31921672593649,29.93157330331245,60.31507195349928
353.09358369930715,97.64309074266409,31.716508953787276,59.870101775908005
349.43658005285994,97.17358200240204,34.75500372263941,59.38394841508469
348.5975424511858,96.7042087686024,34.96331454066625,60.322694882683976
345.3559983468639,95.57612034908334,35.4975146006769,61.09164968456379
341.84291901058555,94.68586676002803,33.47759408851963,62.87215686267442
342.31186744552235,96.43902690868806,31.040135257417838,63.86452244903873
342.36743040146746,95.15625580642433,30.929009345527703,63.48597718553653
339.95593775864734,95.71958293431102,32.822826797493605,62.35932292976316
342.0075226524476,93.751865177895,34.642772978234085,60.371642474254095
342.7241534295825,95.77270401597686,36.17453504636997,59.29498842049596
346.9014590469503,98.96176372718597,35.28189513264766,60.378840319090955
346.4577516619942,100.249607547964,34.675859042239516,62.28350525849598
346.91123460645014,100.2898662040648,32.25752734017473,63.714353759447306
349.16985762039405,100.55951450658212,30.722148346701943,64.66599067162016
350.5083008500118,100.43146793848337,32.479882352479365,63.44387698614673
350.59765910276093,102.94880135166825,35.2827761068604,61.3908204196563
349.46435023161416,105.04824374251434,37.54939384915391,60.20888640997358
354.64722319783107,106.66148181514113,37.88753281965661,60.040663094130444
355.3820444923815,107.56591554444539,37.950169750801365,59.76407515576753
355.1023661602234,107.46682644728337,35.45114484123255,63.02063492397652
356.3215375434505,106.84090635391341,33.01280207477839,64.27247511071644
355.1755750388257,106.54800585531638,32.28042706694618,64.85827610791051
357.1237981192529,104.09951748648874,32.90822857791549,63.722922616467486
359.83817810181324,105.42692925062093,33.48859818353512,62.5703814808882
363.5648205836153,105.6815862091174,33.511851862344145,62.061067563895264
364.826741571459,107.19350407703038,33.96441591883041,62.01363786024295
364.4781443119164,109.77913661324779,33.16636846723212,62.82334067054179
366.36134734192564,106.92678104762362,30.893465418812163,64.04754276699462
373.6451779682198,102.81169699235086,29.575306772052727,63.44470914032095
377.28597816741035,102.44359564778512,30.936116631310895,62.740510119845915
383.12000654626087,102.87723654682844,33.80617185764406,60.41941712335586
391.51657169172586,105.05970215023625,34.64099818329386,57.5234823012552
