336.5,165.5,26,61
333.4696665342722,164.07967863447234,27.034441599835322,60.156492509975145
334.65390437175665,165.98960820262636,27.362145079553223,60.38090210569719
333.31064068132054,166.40626839366777,27.334471432086545,60.90468223778386
333.1354491638547,167.17889782028905,27.68485446701822,60.723643683645385
337.09069398016135,160.42193772532204,27.98079984723727,61.92791135433081
332.6385601408454,151.0855352069325,28.542517687301235,62.52519174087952
331.64932589411416,148.24108323048958,29.11203257343612,62.57828126445435
328.5978831899635,148.8464475277445,29.53614508754667,62.78724589349217
326.97312614789735,164.9954876833483,28.495229552873305,64.81260253272993
329.4792411536474,166.13644781166926,27.806960575332155,65.41332296539399
328.20837758506275,165.01527812955243,27.4729640667367,64.77993868386297
328.9510934873228,164.1371749147379,27.410325334666485,65.11335204104222
326.53626354364405,162.91010946650297,27.96048086132305,64.71448003037813
325.2552462232069,165.112099705351,27.661581536106112,66.03236748486457
326.43812301671926,164.9778933487862,28.184289417016394,67.74501093196166
326.83797789879145,159.05333740611982,27.384579652872088,69.24648890382952
324.7385402044827,160.02866843147655,28.612212786632817,68.78144798054443
323.62301721013495,158.00080882600562,30.843258775328295,66.83400327693069
325.82196903026227,161.00278995290665,30.981037731452915,65.36572361950782
326.12514848891044,162.68990141212709,30.374678814156646,66.47026123299364
326.4607866883042,163.63339370524454,29.703402415369005,67.58007691532177
327.08188499352724,159.7337667189715,29.96391914087618,67.86576420810154
328.4800837309041,158.41194465399855,31.70184965139523,67.48652301453237
324.90859774973654,158.26505456441762,32.69923104362283,67.78030319369417
322.60482513186037,158.22508619405824,32.63260248191319,69.41829786690026
323.193883962158,156.25207182743924,31.454484821317912,70.20276042315584
325.7084458782396,155.38093878133955,31.14003717433998,68.80190905856502
325.8213296696253,154.80576644974076,32.45996824218699,68.40655507114433
326.6316348722106,155.0899848872465,32.40238596085307,67.83811819613288
327.6547468342999,155.9412159557151,31.909897963360194,67.68939198588136
324.5735778615069,155.2214832473387,31.900301122325835,67.58587370597907
326.2362763473947,154.50199919548845,31.657519905502078,67.4835339322036
328.07073111655836,152.17981303593052,31.059770899930854,67.52116545218547
326.98434457356007,150.82390595857868,31.70686589333028,67.18162342169475
326.11062775487557,151.92029321834517,31.922256536759434,68.0529348900415
328.2282605308074,153.6115382344223,30.783981805772136,69.31593108920181
330.15370541269544,151.03964575209318,30.026899309378916,69.81900515278568
328.5223546820814,149.3471921879016,30.207915534272182,70.12222704483398
327.481652403074,150.67812070007983,32.289320092287014,69.00879872642444
329.57797317958403,150.55004228667983,32.80315525667643,67.69612998075462
331.3875777762414,151.24483331168113,32.30121731165317,66.30654793075198
329.7245497767582,151.59325457123612,31.038414567585605,67.13932499265337
330.04757747005,152.6185711289994,30.392359181001993,68.12819244334023
330.77279264348505,150.6571741501068,30.464715503275244,69.0054130628387
328.2061875589408,148.28447158899078,30.987579749160293,69.14047226186746
328.6818785065068,149.35842354757452,31.584135307436334,68.54050579810792
329.1647732498476,152.1648759866532,30.618345820754712,69.12632712304871
331.6584092070981,151.8108503264545,28.71355283708634,69.8343784434461
330.5919528582509,150.34308500771382,27.810897894141394,69.73434144028805
331.89890433806346,148.91310044535558,28.197510307549315,69.59379519197152
333.2353238334298,147.16789600855458,28.534931545340086,67.06368360852665
333.44188712157745,151.72000811106147,28.121804969044767,68.28170210247043
334.67272759004317,150.3385519101049,27.144991536738566,69.55974699975832
337.8572571044334,150.8744145632562,26.7192833534639,69.97385940483221
336.9150129672914,150.89652030266228,27.119623109526884,69.92964792602002
338.0249583071376,150.2505379594924,26.390430348441427,69.73091469375275
338.3904787130539,150.080087671368,25.659389536608792,68.59706331904252
337.2974914721534,151.27358311102074,24.95468975175783,69.10074670638892
336.5033427829932,147.2794889816466,25.10316513816913,68.45000301368191
335.7996768091717,147.3808225723516,26.51049708581217,68.24733583227192
335.1644626415174,147.38942882904357,27.7809254211208,68.230123318888
332.9065604200417,148.4274576458784,27.862553313589125,66.15406568521834
331.1493855590081,152.90645086577126,27.02824782275774,67.34294140886266
329.63061623318106,151.83618656703402,27.162060804056132,66.57974433598153
329.7629430385249,149.87478034430308,26.897407193368537,67.6160517060481
327.0706687808984,148.0684778674643,26.46812307414154,68.3217403424857
326.77265778323937,148.99243293564228,25.608223853400112,69.38567263824879
323.31416590952773,146.60354645600177,25.24665036269911,68.34059980703043
323.92979596130357,146.33868221885086,25.44961159147239,66.00188561668247
322.9955876869769,150.7998433700412,25.913690898765267,65.50558676246487
323.2867791925624,148.32452518445479,26.736823428168446,66.23967651191484
321.2004247305238,147.81668691706747,28.047978406899496,64.39379910134335
321.3353992438241,148.7486850718475,27.77802938029891,63.95717117774505
323.9395479435397,151.5419932079002,26.81857977164164,65.45196789026298
322.63253193250574,149.9040540197921,26.590850070184153,67.30696540471644
322.3616445125528,148.78431927167782,27.132624910090097,68.10290215838626
325.15229881777924,146.82830170201368,25.945312914407644,69.08560622120092
322.3987935502712,146.25857015965983,25.62236752355882,67.3100913429762
324.01776879074447,145.2636846952035,25.23685035502604,66.44742895947516
322.982535209006,145.41058729396076,25.900406582412113,64.74671282586975
322.34326302819187,145.2219496271913,27.178950944040384,65.12398815940867
321.32060041709246,146.20052873927963,27.801724472520903,63.16682993523199
320.96363631120187,148.69170208902796,27.11040180136166,62.400235884556785
322.10111666912076,148.08114191821443,26.21739802684682,62.23939928486088
323.2041901081672,154.42811195474192,25.375089670780568,64.54768295409839
324.56422553765066,149.74203146939925,25.419232523884784,65.62720278857022
325.2762845183424,148.61918012211595,25.393525852503096,66.47449419313506
325.3617826333657,147.65266552727616,25.22252962245647,68.40752338281462
326.2212405941835,149.44764168851424,24.938357978117743,69.12180389222911
326.9130081539357,146.82054500529915,24.994650300884235,68.61668748957541
329.2452680879632,145.57625157686758,26.0646154408172,66.80441059044767
330.7896556971157,146.4658621594918,27.256510612090423,65.02518942519922
328.12553622805973,146.70571166723676,26.89474578080946,64.54549040970932
330.48514410620777,145.60351253257076,26.402998059376454,65.34073266742024
332.97317488295795,151.10250808443257,25.6625679376315,68.4615130028812
334.4066700816755,151.23514250729568,25.682480831811304,69.6396958029624
337.1830011695622,146.5031800435167,25.972574572525648,70.33948685578873
336.53266387067924,146.19714666836683,25.79730425110504,70.95155360608847
337.2705052706144,144.53849619452177,25.80316014277468,69.82423847915868
336.86861477719924,143.95828279843008,25.141431693418696,70.98466527134205
337.5333809639904,144.1830330234013,25.28202896409365,69.06503517714236
352.9826595988255,147.70476569588513,24.733322140580118,70.6929556739337
355.194772423191,146.86606739251366,24.6847522272693,72.37035228067661
353.7033346394317,143.78072842551626,24.70445010096067,74.09626367393054
343.73816724985346,145.7151948925881,26.556457460340543,71.73385802476818
343.44224322308133,148.77777838921722,27.148305513884843,71.63448525266249
340.88668772289304,150.13326266450062,27.712363313313162,73.47056990304391
344.4950521365524,144.44260652174492,29.808610410775906,72.43458095551347
345.95928667038635,142.95263078530877,30.029657379538016,72.26501639195578
346.36463559866183,148.2570536901335,29.218959522987056,74.26608275923812
349.91238145041365,147.20626221663716,28.48593546765266,76.36766570623077
352.1517508403777,144.74289090498485,30.437675497501893,74.86392951975802
356.4659858606145,148.96877880748124,31.53506757267786,76.13801583041476
353.9403968838981,142.98988708337828,33.26850682951944,76.48371384055125
357.09473119702193,149.57710549003585,33.7380548104829,78.56026439346131
359.10348679148865,148.80847216963562,31.4534465085177,81.83043392122995
362.2511922928595,144.07347283359485,30.37605481397228,82.60373374631762
363.3896237117136,144.4362544892715,31.561252631870655,81.87817043496432
362.8269697696144,144.00749914554117,32.686560516069086,80.99372141496809
363.14822761565324,144.65405782441326,32.044044823991385,83.19933483355054
362.57943542076964,141.85008165927837,31.412036667611552,83.49850952537916
364.6433320493664,140.17459826885357,32.57182295172982,83.32442327868765
362.6703858939156,142.225835405162,34.73686541035013,82.78364871063344
357.64150575109454,140.46413230295747,37.54808098393897,80.87214638100264
358.59488088937536,139.9700319787883,37.47474968753611,81.86034702934094
357.96981419014037,139.15948421998547,36.87837384473581,81.63493330567641
363.0151974837588,146.2692041191671,35.951492387474325,82.07770971527387
367.0273279420945,147.86257366206118,35.21882121978558,84.35966294122262
368.83882261076644,148.28589707057796,35.28172024187065,83.51301612418905
366.1270818555244,145.65778259722128,35.209711309647474,86.93741492333331
374.74522881681173,140.37027867004707,33.01309931868822,89.99258181187408
376.03949413604397,133.92151387781945,32.30899238421423,91.58356917238652
378.68031899652016,143.46700050119784,32.71059279091507,89.54234630858949
379.585089016229,146.18041671027984,36.518595921780644,85.98802828051994
378.7324251407392,148.9700155182154,38.22392367276021,86.07734769621457
378.1174069490113,137.1741861850573,37.53306693797873,88.53918206192145
378.5760321820973,141.693692237819,34.67147302101976,91.16623066111964
379.88507330569155,146.60786476531726,33.984513852872325,89.06237792228704
382.01056287246547,147.77386757550505,35.399310164130746,88.61896411684693
386.2305692375662,148.80938543670152,36.49708379214891,88.45548566609796
387.43482260368165,147.22568188074666,36.01333350974042,89.69813632818531
385.00955073291647,142.06082144839894,35.061721710419995,92.29164980507973
388.6347305909415,146.0321939926365,35.628495766328484,90.21175504557348
391.63520947701187,148.0230028710223,37.365816389563285,86.23013728880188
395.99756937424644,155.15352091150135,40.089006260724176,85.32499581774549
391.2275308221083,154.12924546557048,41.85852569273921,83.4882678734766
397.61909187285397,153.3304486518524,40.754755229862106,85.08586150091278
397.99268992247903,162.44528206390052,38.05680138524495,86.36377213048642
403.9403375463883,163.60351880440558,39.616236851003684,85.96940303713023
405.53008879127526,160.64749709828584,42.268002906449695,84.1064217224099
406.63133983487353,159.41950578745295,42.02819346204628,84.59971170128267
406.07442830907604,161.7512181926677,41.17625194253925,85.83358060415915
408.1111818516055,139.30157794720373,39.07174815242631,89.38379190122185
408.78494479330675,145.3481652077317,39.70797425789705,85.22562533565865
411.35067152335404,151.64948203807393,40.38013431161478,82.2956808646615
409.50895036491664,153.79461304429077,42.16007489904091,81.81242231112523
403.99591247070583,153.9426612761418,43.55017519515226,81.51632584742319
403.5258891557418,150.5173684071191,40.59675901261798,84.47344877300628
405.7785107127392,153.62463597487167,38.03058821884965,84.07613059818037
407.9506955346891,160.58761912763336,39.35157208669701,83.36932248673378
404.5910511883981,155.8937371869081,42.268302682785134,81.34941207870288
410.30955307766914,156.55628707105296,42.36486109160116,83.8688330395325
409.8051596267229,160.98185255615476,41.41276190757305,86.78301858485167
412.3035701692481,161.85030864672098,38.402912030671736,89.0200488200171
417.88640464010894,156.7559508675409,39.03733402323215,87.40867344409514
418.7611207028979,158.45061866020504,43.151433857754974,84.01933785876686
425.5601255781897,159.74729925066939,45.366760844010905,81.42597667783814
433.3268991554035,164.13251375679044,43.6683343443856,84.51422251256953
437.20378978290086,164.74633427860658,39.90022663831745,87.27225501786387
440.1711357568838,163.96291400078326,37.90088083697108,88.83909557351052
443.87845134208067,160.23868012830977,40.26219655261923,88.466805809624
451.70154093233856,158.14162835062922,40.547041096033674,88.67815343400261
453.5197702494845,160.2399357043979,40.90946629232325,90.47986447233747
453.8562828132912,160.59061889302478,40.23644116470981,91.81047326564313
455.20021887441897,157.47720869178545,37.54856904245435,91.91897048808818
461.09486251275075,149.86815031386675,39.71311852058769,87.2030347370727
462.42653600203096,149.89019688332178,42.939934952180835,83.23216599139366
460.47293066195425,150.30444292644341,44.88567580079145,82.40367390515043
460.83065923807646,151.97764847535956,44.170218648547056,85.00526963116577
458.28084574510126,152.94613778993806,41.235094050950025,87.08566679378251
459.1727548021494,148.78144836270036,39.45127593685372,85.47360606952927
462.3958968948208,152.99664531750818,40.7396226126298,84.77784302103247
462.23418509300416,153.31168638456256,43.00904627513533,84.14776088692372
457.3636976212274,155.4460525254192,46.82173345755626,83.83122044596556
459.4661171025557,158.78957424953603,46.69046539390635,85.29131879574518
462.25311942881854,156.8881713498068,43.17257024896048,87.03801508762382
467.01199414809656,153.3223782032337,43.76112913960986,82.04203138572359
463.5863064943108,160.68534057332306,46.69632922444245,81.0227199251309
467.31917035244817,160.13183041815705,47.20292146613515,82.1297402354629
465.1421745100825,161.48646897811392,47.52074868902824,83.45662757738756
456.34942813596354,160.4975263401267,44.67489185445463,83.39137789508085
455.6048126715955,161.88256557077898,44.1705048503968,82.61491736657015
451.59146812220854,164.7408391320248,46.27657389117816,82.81899030207103
452.5414907007861,162.45572614349527,46.38906478502548,83.36414417712537
446.2433119208805,162.70070548341337,46.85036264630395,82.87418549728915
444.40559236296605,164.4408968930113,44.456446987576015,83.44003919446456
447.8531931812532,159.33745857606513,41.54242508990578,83.69396648109688
450.671143553969,156.0894388489973,41.73881989527199,78.52541483363703
448.7623018704319,162.89267659987212,43.684859639388385,78.02044469259174
451.47475738153025,162.07875052992156,43.95231269085716,79.64829683249286
448.6556216665803,160.71563045987028,43.81238609989074,80.44847096563996
449.2710227940057,159.3316334621269,40.64609952519102,83.21646496112676
445.68503310311814,161.7395805563471,40.13178086165049,84.16529430667313
444.4660138413577,157.75719384781476,42.569819385171236,82.49765667855405
446.41350395877777,156.64032649973802,44.50777565689955,80.84276703699531
448.9643958322316,155.85274047588115,45.265535964630764,80.46475773316274
444.07673255142805,157.14978604992945,45.23831046208652,79.83117699789645
442.677272540598,154.74826729036738,42.185212591389835,80.73286925544936
443.9451206219961,153.57612288842336,41.56128946887918,79.25361197876609
440.9632423902869,152.60662813819934,43.76643417113648,77.43398971805289
442.5076543871712,152.9100668066561,44.457946924969875,76.8271123811394
445.3386284926794,156.69400020838356,44.47475555478554,76.83092136546061
442.615002347554,156.78170354790925,42.34896648321289,76.65551468640923
441.3077206068339,157.01416778228256,39.39998232680002,78.04510209694695
437.0300615472505,153.86119395186375,40.65799867947343,77.05374799129112
441.85521829455047,150.23827106465217,41.99633765867081,75.14238337088315
443.8932554161313,153.23896833876427,43.39870761382536,74.61943302097521
442.85757086560375,152.7843226976493,43.6278532986864,75.52872430320514
440.47805635621063,152.09929151526808,40.948508767014246,76.89878666796754
441.8331263626005,150.97049737327464,40.07251619231405,77.32222751387472
441.3188238093026,150.51382132973794,41.101121298909945,76.41025838736505
442.85373525901934,145.06505187110128,41.690436196737636,74.50081501422414
447.44775157393644,148.7342432131531,43.37112354248061,74.40824564717198
443.74096987722044,150.72734021483316,43.430196639152605,75.93791936638182
444.61252378764567,150.96609180109547,39.82478444051995,77.32272057163948
444.64370883842787,151.6653143929371,39.76241433895552,77.74533720350257
441.1059267623647,149.7837200672862,43.18560343142609,76.02996326532065
444.9017036333104,144.23595100521766,46.75112580050304,74.10891259332803
451.15640957912984,143.75193102811483,47.47926040072893,75.07695254753364
446.9046416148971,145.24379830728628,50.22955622090253,75.92871139471865
444.5232234352999,143.55477346353115,47.08674353185117,77.33034882016747
445.20850801295404,144.42441363835223,43.77137575840637,79.48066570679823
448.3203115543412,140.99581265944624,43.309277982930936,80.57635835731142
454.0345245610279,140.2067655910177,45.38217548336793,78.2969314902227
459.0634504526174,140.13037326705268,46.90661645728812,76.5193340119695
463.2668675093933,144.5703917337015,48.14817886931965,75.35801429913852
466.45967644029645,146.35876587254776,45.628846870398846,75.6475518843315
476.976510371448,141.3460364482508,41.6518124014323,78.09228478033145
490.24154078010366,132.947499038413,44.94217005785169,74.38782189931707
497.64152216615366,130.00474247131388,45.06104376362581,70.94906223484398
501.71487627085196,130.43444553539,44.17642817526626,70.0896561066917
507.48005254331804,130.18909632007671,43.37323785846935,72.36821490867416
512.7408749708643,130.66164574014874,40.08497274518056,75.039805939432
517.2311257827467,128.06251289482185,38.27237018014958,78.44609686540224
520.2898403630305,123.09639523942525,37.586926903136785,77.51436040908597
523.0567603367975,121.20659896799904,39.193670628516756,75.93851519725303
527.1033366300783,121.60839240035682,41.83974578529637,75.13492833253748
528.2479008250342,120.52855071586538,41.37398729960484,75.47124179730015
530.2352825270023,125.09282006850364,39.219614043908045,75.44465383322029
530.4951581157787,120.6545508104322,38.69986286635509,75.40586224545922
530.8318826618887,115.85488556272122,38.02641377413518,74.36392471572765
531.3598810798351,117.55694907999455,38.71706351387064,72.70644425680945
531.1403385311066,115.67446439065775,39.156148611327495,73.00307230089399
524.7246677309224,117.90851271572757,39.7650385042715,73.77316923965049
524.9389281778898,116.93546619910616,37.56868015389203,75.7192622728933
521.9094808315314,118.53838471946611,34.834625404714295,77.78919489731028
520.0152056942746,115.80980512208373,33.400010134661535,78.02318854750878
519.3280105412027,113.91331409001322,33.05524314301875,76.65869871829007
516.0488706787401,114.32702246478095,34.53355589561547,75.83128196875457
512.9272759064224,115.09798245369447,35.65473125310875,74.28936199092756
512.2873573321799,116.03884473769632,36.93456840159381,72.40763742292384
510.74956088507594,114.55179594903376,34.91280300623917,71.98349614054045
510.79280839929453,112.21531195381768,34.826307977802,71.68274468535199
510.450755015719,112.36808963590299,35.51041474495304,71.37718932118136
506.7517921452169,112.81796936165713,36.27070574931098,70.47742986967307
501.2889206719005,112.09571623467203,35.58096142204598,71.92193612364329
498.4377327436141,106.84249247750625,32.940333101082416,74.0853794604385
497.80547804824556,107.22172071437299,30.896814963230913,74.98093675099939
496.9949628121633,106.09916557852374,29.256178197665584,75.59521340383296
494.49370594601095,101.03544028131722,29.427538507291093,74.44997267866107
490.23205889909553,89.88687589372243,29.965873075907524,74.38921478325042
490.0573110945814,98.94251161718712,30.31536868493584,73.94097190372415
487.2921187609629,88.52095689009033,29.423772919349005,73.91264495124021
487.6571911577545,92.37571309650485,28.693628125765784,72.55990899393129
488.3630255685907,90.25188064109685,28.83864374442174,70.5808361434342
488.58507323769595,90.51800158826339,29.92532108921522,70.0485942491011
487.88209216875435,88.95218031755482,31.33128322709841,70.0955009831742
485.51698261826397,89.1219706988295,31.357991129552495,71.32375728680042
484.76894440531925,90.67762704764496,29.68182983402891,72.97080117128905
485.61956077336504,90.37368793960698,27.980597097937387,75.15891245865605
485.2899962573252,86.77848710228005,27.058533574357472,76.02454391067164
488.5806332830465,82.57454423455282,26.784877009150364,74.97100341677287
486.94565512259646,85.21440741233003,28.497944394554054,72.80505493221108
487.97922691472525,72.7096792043815,29.544217728569222,72.90717600192619
489.0395949987408,84.43246989481099,29.00034647386076,74.69143323422972
490.7562132263385,80.52694430764319,28.7527412108428,72.945590832033
490.73343874982663,82.58277778766283,28.79829016386661,70.3972123859806
493.12517539577027,80.70301913518,28.597038655573268,69.57450790735236
494.6618686969649,79.52288100828473,30.05954383805429,68.91085630456266
493.8174820601669,79.53066929437784,31.74831711165028,68.89527973237642
493.3147733884626,80.04120064457403,32.75373445505899,69.43193214670382
492.1645143387197,78.22664421459636,31.88806190036778,69.89485435248221
489.320346286241,80.90514846248377,31.27761598136051,70.8366278806721
488.62912496344404,82.8649357295689,31.082416308810586,70.07233798278955
486.94787824623705,82.64362048871837,31.318660789913057,68.95184398783485
487.17340016757197,84.67035583329971,32.41862697090271,69.55140336965025
487.7903288485114,81.59973956862564,32.76375431856738,70.95568177036756
483.38609833954683,83.21931297911044,31.939485962939003,72.53289963617674
481.4880568499281,80.96874062741608,30.893908243783297,73.80627054063667
479.46667303270794,82.47477077513363,30.0951911273564,72.40803849549063
476.217303782915,80.87635181714137,30.276061874233182,70.86647559694327
472.24360158905813,81.37648597680086,31.981865953169088,69.86620727762428
465.4289296313629,81.70209380637932,33.00382773512219,67.6390688517877
461.49286129964594,84.66466810302613,33.069524984782426,67.95907178951302
458.16968836559676,85.2929153785569,31.880351870523715,68.26968103492291
453.0550135476598,91.43998565087595,31.25326192233969,69.93381995550212
447.62928021534714,92.04771736405868,31.15589139105662,71.84659572796764
440.6084406269887,92.72584649250484,32.476542562815574,70.49033747107534
439.5551090314845,92.05313822173868,32.98954571940351,70.24209397818723
437.6501662781049,93.49360363544173,33.60140446975704,70.55918990718682
436.96335381713556,95.58408463081525,33.360724811301836,71.22114165762166
435.030685803113,92.36105153325047,32.36680096978761,71.18819469333882
433.64220126283567,92.19655863400133,31.940005451225673,71.51718049183711
432.1382203674521,91.64547419549399,31.749635305366272,71.02018340053853
433.08360696836456,91.71036529349193,33.036078354621495,69.30179307900258
432.05045909939827,92.1098692940341,33.51625417083079,68.50278507791826
428.9121484466778,92.01528199135956,33.46165912713437,68.69195968326731
428.19559480088884,92.67973244253074,33.31014597059359,68.94767922904366
427.4915924858244,92.85555298083487,33.132428269138764,68.5960381524354
423.6482673050013,102.5814567534295,32.93158466477148,69.65171491888157
425.44759781148076,96.16217990917445,32.51172399795675,69.77506722281447
425.78641254318427,94.61734095196356,31.834094534549816,69.69701014950627
427.55954883296516,93.82751765209818,31.42957044011956,69.70578250667126
427.937931598576,95.6118287708272,30.672804908897845,70.82888005131635
427.6037250225555,92.10288125456893,29.77435109291213,70.01244024369966
426.215982000127,91.62608407508013,29.471489252796488,69.4268606601909
424.2660600911294,91.25630346589355,28.795290542672838,68.64107436919113
423.45687491385,91.109315881606,28.91164839356353,65.93102453042981
421.8128168174225,92.20304125818168,29.27003404775471,65.20843904661034
418.99024982481836,94.30789274309551,29.0724014308747,65.38081102834894
414.23721484921003,94.5078594331716,28.36043938383199,64.98087764819677
412.4146402308654,91.44674761382262,27.681440803813466,63.89618825904827
412.1168134447403,92.46388337919515,26.86339953023977,63.27561157412717
409.9595888370399,93.88406782749462,27.00708104921936,63.21575447514242
408.51960035754445,94.04216905009115,27.103192099492496,62.89955202994935
407.99583164549404,92.46304864840346,26.761671988088565,63.27967776231513
408.34602525038565,95.65083541055873,26.06128477830531,65.235183896087
402.0790970350346,88.79406264146185,25.956787900742647,63.50185316862365
400.2216598521692,90.27361757021497,25.539372670610284,63.297603041692774
398.19947644882194,92.77195963990789,25.482585443242687,63.76912428105643
397.3576565199617,92.44067568273557,25.793397673535566,64.43169219540107
394.95106264799375,92.41873884018979,26.442845304291446,63.087652509432644
390.7839318054207,93.06205537446219,26.49657722071836,61.801019440887835
384.9449328360039,94.61572974991545,25.91259073104008,61.41855611853953
380.3633466223217,94.57524591453989,25.649721320445533,61.49952378929063
378.3204940344918,93.83655097412368,25.706170242364482,60.29074283429578
374.45466978718315,93.74496692812659,25.478095396913567,60.47391092628996
373.90558934763015,93.63744578836506,25.25102685250566,60.68895320581303
374.63574752329333,94.27719434257666,25.115017753911353,60.733763350121905
