76.5,79.5,64,52
73.73628168773048,77.23520382412275,64.87878391081946,51.880939638034945
72.42763012304451,77.2082823583742,65.66020174682244,51.93478256953201
73.17289430548456,77.15038621984408,66.0184066663533,52.05057484659227
72.0426397795404,77.25293510378881,66.42281733720377,51.84547707870279
71.90575523117803,77.33378027200376,66.6965864339285,51.683786742272886
71.77345611593931,77.3410894246621,66.96118466440595,51.669168436956234
70.80195849059537,76.40877483534989,67.03986975794439,51.669487458431206
70.80140062124184,77.31445104809887,67.04098549665146,51.72365201049762
70.83612565941253,76.40580679015419,66.97153542031006,51.674524124399106
69.90869064887467,76.4137769178841,66.96184996373688,51.65858386893928
70.82132013912799,75.42611734723359,67.00073888214172,51.76975511132884
69.80902735763807,76.34382792423231,67.15877181240987,51.800886590043056
70.75106600021091,75.42317588169664,67.14416789252692,51.77271730985167
69.73742096857194,75.4860811293515,67.30266650741304,51.64690681454194
69.72218748832799,74.49368703601229,67.33313346790095,51.76253399702874
70.78389913782047,76.06022638100998,67.08122090896202,52.37247678712539
70.7949984558006,75.10785890141179,67.05902227300176,52.39961977022371
70.78446194318701,75.13996578025582,67.08009529822893,52.33540601253562
70.6782389094086,75.20370984602019,67.29254136578574,52.2079178810069
69.70662158623284,75.3438096178475,67.35763106786034,51.927718337352275
71.67015326565001,75.33261221533242,67.17972046012194,51.95011314238244
70.71212402502339,75.3554356917464,67.22355508957361,51.90446618955449
69.79822262312135,74.43804332542904,67.17920790355302,51.867100932364544
70.79694732234942,74.42055223911476,67.0526225585225,51.9020831049931
69.84335781437588,75.40183426226959,67.0903014708322,51.80901916232083
70.847420968227,75.37717248792995,66.95073527920292,51.858342711000084
69.9285356760306,75.43209863946899,66.92127458363403,51.74849040792202
70.07028909333252,75.44564434847524,66.63776774903022,51.72139898990951
73.86098278915463,75.35747235275947,66.49725917041341,51.897742981341054
72.0438420983191,75.53095065555571,66.40965862884255,51.550786375748565
71.15832623240829,75.61456668486755,66.32673365935952,51.383554317124904
71.13979116640778,77.33255864001703,66.36380379136055,51.647504936568055
70.18838397684584,77.44838466645238,66.4117883983198,51.41585288369735
71.95559698445774,77.4582832572246,66.58094765880456,51.39605570215293
70.94875954085765,77.63125712113718,66.74056832878608,51.05010797432774
70.00821882530738,77.72800256026218,66.77079735988623,50.85661709607773
73.77380471374713,77.74859283715014,66.63225367507717,50.81543654230183
71.93838147699361,76.96468544293072,66.61235592574246,50.537879219319805
71.05193563787802,76.99753829987088,66.54470890214577,50.4721735054395
71.05583402389863,76.11346593113957,66.53691213010455,50.401883497306635
71.18154969489845,76.14421673284849,66.28548078810492,50.34038189388879
71.22913952664071,76.08697371714607,66.19030112462039,50.45486792529366
71.29313234957817,77.01037750188345,66.06231547874548,50.4408088256
71.22882047917292,77.06310557179418,66.19093921955596,50.335352685778574
71.25122674993001,77.13457817652305,66.14612667804178,50.192407476320824
71.37039976952519,76.24301271342233,65.90778063885143,50.14774719639816
70.50912993382721,76.274889735056,65.80689200416448,50.08399315313082
72.26027655298897,76.29623590597822,65.94629757826468,50.04130081128636
71.3584195650797,76.32765286790625,65.92773356560178,49.978466887430294
71.42563402515468,76.41306440534728,65.79330464545183,49.807643812548235
72.34403728016616,76.40195541319257,65.7726288287848,49.82986179685767
71.37160909159925,76.46437954727521,65.90130679173022,49.70501352869238
71.39871569196461,76.43832586471032,65.84709359099949,49.75712089382216
71.529985195172,77.37659436068098,65.58455458458472,49.69670904122128
70.89336697920415,76.51261346304857,65.0466534758267,49.6135332957924
72.82005813251912,77.45250271876714,64.79642808935887,49.53533324443632
72.08588101651134,77.6673389296823,64.46829658503783,49.105660822606
71.30856888667114,76.84592050842592,64.23844989354818,48.964026713948705
72.48660440500464,77.06096683509051,63.66103335034133,48.53393406061951
71.91068809147848,77.21020602327275,63.050035564233355,48.235455684255044
72.97046687741651,76.55465161968432,62.679118917417206,47.79792356637196
72.52416774586584,77.02138190194063,61.83587156439234,46.864463001859335
72.73859375498924,77.46502085991546,61.407019546145534,45.97718508590971
73.53153975553062,76.72509008694982,61.5078473971077,45.770326779796044
72.70445587970104,76.89088393844538,61.477145831721415,45.43873907680492
70.95530404261238,79.58273746633866,61.61750552424033,45.09194799350601
71.65935729166327,78.0957820751338,61.88481743221571,44.715021963761444
71.82995088910988,78.13586086262761,61.54363023732249,44.63486438877382
71.18331235660722,78.77716276551666,61.17011403477868,45.019053850544836
71.69577535060998,77.7808291854958,61.81261570869056,45.344293348669126
70.76992367211227,79.41477619930974,61.98179819052474,45.44144107136378
69.75407689486235,77.62112005677722,62.326807987804095,45.65538584198789
70.54373279469475,79.19281833632927,62.442928857128095,45.90285462086132
69.50179408884699,77.7649982184385,62.82555120891884,45.35598473683332
70.33914734348691,78.51745346724155,62.84892860238511,45.549158141973344
70.66071568220539,77.03229127383896,62.20579192494816,45.11625681459653
69.76129883977836,76.82717387506946,62.31987995190009,45.52649161213556
69.9522347274132,76.17423212729133,61.93800817663043,45.1391625073958
69.27852216836308,76.8094756895757,61.604374623536714,45.54973405402102
69.25694012443002,75.9991485396283,61.64753871140283,45.487663831976974
70.1242782348838,75.9132325357851,61.59522597291191,45.65949583966335
69.98659896165358,78.4383617998525,61.87058451937234,45.66238767047827
69.36470068564236,76.8216566054013,61.42576438912593,45.518564694842944
69.46175287323277,75.93525903349487,61.23166001394513,45.61186127507843
69.33678924815297,77.4697641979885,61.48158726410471,45.89899898999964
70.06105768326415,77.45022526942245,61.71962604501135,45.93807684713175
70.10537744157119,77.42478649189637,61.63098652839728,45.98895440218391
69.29951362094552,76.59757224926236,61.55239325455795,45.95306197236126
68.99218405907288,76.51157486150046,62.16705237830324,46.12505674788507
68.14460834924805,76.5641566022731,62.16150064364935,46.01989326633977
68.15178693283976,76.5069047939298,62.14714347646594,46.134396883026355
68.29072302712626,76.4045311445541,61.86927128789294,46.339144181777776
68.3036343427905,78.06239112379203,61.843448656564455,46.42277680253491
68.24478697673523,77.22412293762595,61.961143388675,46.39866238602199
68.35787493033943,77.21519024462911,61.73496748146658,46.41652777201566
68.3835990241605,77.17972427708283,61.68351929382443,46.487459707108236
68.40068895647704,77.1401219293794,61.649339429191365,46.56666440251507
68.37194568668943,77.07226745579047,61.706825968766594,46.702373349692934
68.29617684028565,76.24794342505949,61.858363661574145,46.64788282798412
69.14615521630958,75.30127484662653,61.86296425403086,46.83666264034548
68.34484516742654,75.2430698338076,61.75787305516789,46.95307266598333
68.43212545911878,75.19767544120478,61.583312471783415,47.043861451188974
69.31464024694327,75.25830074369819,61.52511191507386,46.922610846202176
69.28047036322694,75.23974971341423,61.59345168250652,46.95971290677009
68.45350392564953,74.50865425548166,61.541773654358785,46.716292919332666
67.55182389623847,75.26980479496744,61.644283593418834,46.89484196012315
70.00793697806986,74.4704249927827,61.8480399655477,46.78827405256209
68.37083197787577,73.75964625403228,61.708862837021655,46.503137965605816
67.73332682511288,75.73402318297067,61.28395840576144,45.95421358130096
69.43584647524885,75.23344987661002,61.24786074337376,45.27088937508016
67.82858375929047,74.46330525876643,61.116912937934146,45.13844199208912
70.51153637391268,74.46090054775917,60.7567357962009,45.14325141410366
69.02092053031097,75.33891533074988,60.41161012132311,45.05040052916279
68.98322463822456,74.47520724091514,60.48700190549597,45.12140794301342
69.26645353383456,73.65507434207211,59.92054411427594,45.102955863456216
70.1185953181965,73.04217437443796,59.866053466586095,44.67896287769051
69.24042728513288,74.7119712930034,59.980359988652374,44.62342812868155
69.27089382326503,74.79274306194066,59.91942691238809,44.46188459080704
70.06116408219361,74.18598625176371,59.978174349047386,44.03611025664446
69.25956965900053,74.92221566533225,59.94815990767549,44.19685471726544
70.82568140778308,74.3304741978633,60.086701809508845,43.744954952504116
70.16546863454022,74.43217714537877,59.77705396560021,43.54154905747315
70.29570173693338,76.70287580588243,59.51658776081388,43.86625581683403
69.47424776910673,75.75964500307805,59.53608986502105,44.12931159099666
69.68877822176232,77.88991279430415,59.10702895970985,44.7528131104144
69.78305089828757,76.10919026229132,58.918483606659336,45.05090187021514
69.76810329768597,76.2271768365284,58.948378807862554,44.814928721740976
69.66095291567672,78.40115033316627,59.16267957188107,45.357803338713595
68.8283829176461,77.83790490113485,59.18542085157256,44.84189548640671
71.37235060710199,77.64824059095632,59.00046848589503,45.22122410676376
69.78197378943393,79.09498151632724,58.90582928756121,45.60313508969186
69.69821383416287,78.25881088661947,59.07334919810332,45.633002473135306
68.92264546754417,78.18579152402853,58.978966641166124,45.7790411983172
70.37804737194037,78.1456000327708,59.3610729343198,45.85942418083265
69.3798607499307,80.61455273991763,59.70384442583665,45.88232402404647
68.38638609999546,79.87266861444945,60.031584807104956,45.70688335638066
70.04400364137058,79.92673529198927,60.039046199691896,45.59875000130099
68.58375863004412,80.80671707866775,59.64014203412269,45.49848352205513
71.0267480881181,80.00141143897474,59.710096543237285,45.45711699302029
70.26064523522385,79.06585504096674,59.58993251577144,45.67586005578197
70.12219167230111,79.8268357957296,59.86683964161689,45.80800319282856
69.20226739464684,78.94701892736174,60.04620335299502,45.907152085633825
71.69688073063051,80.40660737832059,60.051492068967015,46.31765210900903
70.74143525064794,79.5918967185849,60.2907726769476,46.275463076495846
69.80763799652613,80.2843416045065,60.48379113679242,46.56514935305148
70.66697525879856,79.4356443049808,60.44736048607917,46.58030007827125
70.55759494791009,78.55964326618513,60.6661211078561,46.650367693276486
71.37355403331853,80.9383073657313,60.720619214029895,46.95228832515622
70.52877368751692,79.18986127158377,60.71801282720689,47.06484635659878
70.40017797935862,78.29058581355494,60.97520424352348,47.169437332810745
72.07148706748103,77.36801117593023,61.031770660820754,47.314994311289084
71.17041598679353,76.47569315025606,61.13108639852714,47.39680393896884
70.2641183792247,75.50969594626918,61.23800583378625,47.62312256706405
72.8964205037402,74.58690181179324,61.10638146555558,47.75771754241581
71.16308695796607,73.78488077215917,61.15070812872058,47.65058940749231
70.13145293888545,72.95498364709202,61.50387052924357,47.60027801998834
72.85839168714277,72.99287331618399,61.19404575424448,47.52449868180442
71.9557218654343,73.04189128590744,61.29066898829914,47.426462742357494
71.00730801248638,73.065933554085,61.47889981758573,47.37837820600236
70.89560789077436,73.04046438144354,61.70230006100975,47.42931655128531
71.66714598486934,73.01129904602513,61.8741534279236,47.48764722212213
70.7767467779781,73.02107864521497,61.936448270801684,47.468088023742446
70.8048653789039,72.15293001800535,61.8802110689501,47.48524983486616
70.8215674961778,72.25299011841109,61.84680683440227,47.28512963405466
72.53534873224947,72.1911206123762,61.84881260315127,47.40886864612446
71.59637609664581,72.20454903066724,62.00992535534457,47.38201180954236
70.67254500231655,72.23586683754408,62.138734672679576,47.31937619578868
72.45842504553775,72.26267720104362,62.00656597949127,47.26575546878962
71.55558011816055,73.9488053539315,62.09535076958108,47.32730929234306
71.56845096850003,73.06132839729179,62.069609068902125,47.38299969604107
70.91838888000053,73.15853637287589,61.64995379003102,47.18858374487287
71.86354675619077,73.25824111718089,61.46984412828008,46.98917425626287
71.91995707905117,74.14063207916564,61.35702348255927,46.928598303100955
71.97152785047322,74.21716769123785,61.253881939715164,46.77552707895656
72.84319113047795,74.31078418938577,61.20798188716668,46.588294082660695
72.70657181720537,73.48855798835226,61.48122051371182,46.53907492441017
71.86892066578883,73.47386425443162,61.45948939032483,46.56846239225145
72.68204164111356,74.33599145811897,61.53042958347518,46.54139012867655
71.84332585076038,73.50255662305025,61.51004001285217,46.51043864748463
72.66813507036599,72.64080704530843,61.55742646638106,46.53693291022817
71.8471110513041,75.01624279504193,61.50131477272426,46.88054060610299
71.76748311845978,73.26914218854589,61.660570638412864,46.968914087567
70.87817427309159,73.19087122519956,61.73240364489489,47.12545601425964
71.73967370142597,73.2090960738742,61.71983914398551,47.089006316910336
70.8577117590717,72.99345911938428,61.77411495671137,47.52028022589019
73.46392355385558,76.15151293375419,61.71421640877253,48.07420598598891
71.71433343197066,74.48861238514742,61.762171774185916,47.948782204846
70.8239609421176,76.15316902037846,61.81861222394171,48.06827799428453
73.43871323465231,75.31937384728496,61.77044325985183,48.008756466811676
71.69637331670374,74.4889545706628,61.80430906286918,47.94418800361609
70.79997117233117,73.61965234157947,61.87223965942938,47.957918769597825
72.52339731915387,75.34687470825872,61.87765783063445,47.9557445010898
71.66062719894504,74.5209394096816,61.87701544623191,47.881432473423814
70.79746033094659,74.56439853626739,61.878386282222834,47.79451422025224
70.83887737278465,74.55917371397886,61.7955521985467,47.80496386482929
71.72804083478243,73.66330974036026,61.739698496719086,47.87421858989857
70.79435246028041,72.73874014200842,61.884327840037045,48.00061038091613
70.7323658847255,72.78858482600394,62.00830099114685,47.900921012925096
70.63930479700105,72.8820904065307,62.19442316659574,47.71390985187158
70.50415731560135,71.84461795696662,62.46471812939515,48.061774494462725
69.4687802191439,71.81094132073645,62.7985962073914,48.12912776692305
69.47941080345366,71.80360657279284,62.77733503877187,48.143797262810274
70.1725435172228,70.93103274776055,63.13405462896941,48.145959895139015
69.37073752653397,70.87022197445762,62.98920380716586,48.26758144174489
69.3604738491941,71.65249175688093,63.009731161845615,48.451278420355806
70.13891202903278,71.72110393039205,63.20439908562368,48.314054073333594
69.20594268314815,71.73654920875497,63.31805983948375,48.28316351660774
69.19175563541312,71.74293413225733,63.34643393495381,48.27039366960301
70.05088618173002,72.55832594166912,63.38190508427877,48.3933422927382
70.01752524185132,71.66225376191753,63.44862696403618,48.42920748769307
70.01219226951258,75.06006992323805,63.459292908713635,48.66510324638414
69.05010184980759,74.15688677593947,63.62158195734192,48.7095777501996
68.2451894604393,73.36279613183319,63.46631319616885,48.532665498502496
69.13299955363433,73.36967682326433,63.45053237775916,48.51890411564023
69.04440192787638,74.15723030164787,63.627727629275086,48.7031713203696
68.04190603048325,73.26235902528346,63.86763657716633,48.72783102620341
68.83869701663758,73.23989794077531,64.04319969844184,48.772753195219714
67.93653579718845,74.06116440611915,64.07496645499282,48.902775946879295
67.79820050325358,73.19714717006823,64.35163704286255,48.85564878724763
67.8395240413916,72.32056059392883,64.26898996658652,48.83021036062052
67.86684198125137,72.22859487092154,64.21435408686699,49.014141806635095
66.88211586848107,72.15435707399182,64.40470172404599,49.16261740049456
66.85519772274985,74.8235272083216,64.45853801550842,49.17756793417492
65.91328238208946,73.9402080194813,64.55687333368832,49.15871094871461
65.96938623084004,74.02937769576369,64.44466563618715,48.98037159614985
66.91378498133601,74.23634738597596,64.33793398385924,48.5664322157253
65.93151681620861,73.29421099808366,64.52879092364392,48.67702560103979
66.81625245706319,73.36176185012206,64.53771362825421,48.541923896962984
65.67909284144113,72.29772650907685,65.03571088429887,48.89367260385393
65.58984717777605,71.29773027093309,65.21420221162901,49.10400934576168
64.59355692610126,73.07333487469836,65.41097060319292,49.14442436180248
64.58619586542589,72.23662550187665,65.42569272454367,49.018373742495605
64.4471088532218,71.2597707261667,65.70386674895182,49.174450891437026
64.31897617397567,71.23840589839821,65.96013210744412,49.21718054697403
63.4092849456376,70.38457892267799,65.97049604086031,49.11581597515453
64.30238844134723,70.26570237227699,65.99180630918853,49.35356907595653
63.299199481256004,70.50419322178573,66.1864522290423,48.87658737693907
64.08140751468093,69.54284809680314,66.4289191540359,48.99239463506079
62.267880997836365,69.45538170175587,66.43104056249474,49.167327425155314
63.10136401370262,71.23002958329965,66.57943897820124,49.24876055694573
62.12288937906179,70.27537721421488,66.71743377423115,49.339110821863535
62.03960329512736,71.17756602807819,66.88400594210002,49.357265610123676
62.044258870917375,71.05897147260286,66.87469479051998,49.59445472107433
61.04173863720734,70.0930777415087,67.05062928849357,49.69713621381617
61.93823837087197,69.2419990230198,67.09109264281096,49.565830829147295
61.95870520915925,70.23541285489468,67.05015896623641,49.41093005452506
60.91252445121118,69.40594386278508,67.31375428503515,49.24110184164685
60.91636217643058,69.55292859641439,67.30607883459635,48.94713237438825
61.866358904810184,69.5482877655459,67.23112843642338,48.956414036125224
60.96930799992873,69.62124693512409,67.20117213877322,48.81049569696885
59.97275930010942,68.73596909907236,67.37306209959728,48.75984393025774
61.08041267802328,67.96037499531093,66.98073803466991,48.48804944688028
59.999485724773095,69.0387893013008,67.33002525861451,48.14378751745631
61.12862798303864,68.88158160968277,66.88393984757954,48.45820290069234
60.077096249895966,68.88332394957017,67.1763951486975,48.45471822091755
61.1112464576519,68.93179591012647,66.923080408272,48.35777429980495
60.376778047235206,68.93639380042676,66.58246576895047,48.34857851920439
61.34502154735364,69.87398849667063,66.4502129630433,48.27762332104633
60.420441824388035,68.9230606177162,66.49831006343086,48.37841673341154
60.58807819626796,69.74038713277213,66.16303731967102,48.54721103463169
60.5990961338168,68.81426224497476,66.14100144457333,48.59833332986082
61.70954747768913,71.46702472938401,65.72172990534284,48.697701806584774
60.85425574618018,70.52267231684587,65.6354255738123,48.789518837112624
63.53122710162228,71.48463130273586,65.67271963190635,48.66267978832537
61.64390286207546,71.4866409948557,65.85623012928944,48.65866040408567
61.81871655454135,72.34729456061089,65.50660274435765,48.735646154393635
60.909716361520694,72.36781327461097,65.53036560849606,48.69460872639348
61.8453774531272,72.34689068325703,65.45297053898352,48.73645390910136
61.924285538261344,72.36755751438662,65.29515436871523,48.69512024684218
62.08410101212367,72.21047054313183,64.97552342099058,49.009294189351735
61.11883516911193,71.26074993023505,65.11542646675335,49.11810677488462
64.859769647619,72.17784204073025,64.81170901218236,49.078460429504986
63.1611720803655,71.26676283184737,64.63037933413696,49.11135644099455
63.03590512296521,74.0775157758567,64.88091324893755,48.85095677905709
63.03040553472056,73.22117044387372,64.89191242542685,48.77704743655805
63.09703256491199,74.13422128258398,64.75865836504398,48.73650519820286
64.0521931313434,74.13657006222385,64.63120461611061,48.73180763892313
63.20129824529672,75.13898475906204,64.55214512351758,48.50782750993314
66.1091725970052,76.08157627309137,64.06434954360208,48.398628856375
64.3728483279947,75.13636808838767,64.00345874566597,48.52227555780383
64.45085234690603,75.1656873304334,63.847450707843294,48.46363707371238
65.36277108055525,75.20230782067969,63.78813888477157,48.39039609321976
65.25061846930356,75.2861350729827,64.01244410727496,48.22274158861376
65.28382048144525,75.32755770875082,63.94604008299158,48.13989631707752
65.30009710439438,74.41540584948937,63.913486837093316,48.203460346834696
66.29333658570393,73.46883071008524,63.68829045833115,48.335328041786035
65.43181935588001,72.58947660486888,63.651320328699235,48.33403166293899
65.45894271777846,72.5949784763132,63.597073604902334,48.32302792005035
65.36086633812454,72.72547277854858,63.79322636421018,48.0620393155796
65.44310539255005,71.90706860215484,63.62874825535914,47.94170796590064
66.39389401834048,73.66777734698982,63.47983889165465,47.92562625198339
66.41537992325577,71.89416799766705,63.43686708182406,47.972571642623166
66.36634585984135,71.95882869067017,63.5349352086529,47.84325025661694
68.11751269971973,71.05020802246611,63.53186132196505,47.9108616964906
67.19885445935194,72.02949158322497,63.61848984414986,47.70298253352367
68.20540791979371,72.08981964705264,63.3539920616398,47.58232640586831
68.22222867737186,72.2014321556717,63.32035054648352,47.3591013886302
68.26417167893646,71.31050324221007,63.23646454335433,47.40251271911896
68.2493378069084,71.44197389961005,63.26613228741044,47.13957140431903
68.38438471367584,71.55217531402232,62.99603847387557,46.91916857549445
70.2843181044753,71.57324745122311,62.648797686370386,46.87702430109288
68.68811972150547,72.46183871533123,62.40051539115653,46.820181303453445
71.33563193052424,73.28310334276514,62.25238194629924,46.893282372979016
69.77552843016676,75.93367701973892,61.94345003639542,46.73584338495967
71.37459207857253,75.08672748702882,62.15990431634185,46.722451662000886
71.29495642128822,75.15346134710698,62.31917563091049,46.58898394184456
71.35285575077245,75.13919820224255,62.203376971942006,46.61751023157341
71.35957217012187,75.2011519834827,62.18994413324318,46.49360266909311
72.31336259613352,75.1906952395434,61.989446958011975,46.51451615697173
72.38773872941589,75.25008088156525,61.840694691447226,46.39574487292802
71.41663577806212,74.49781585825747,62.082733732230565,46.2001080576194
73.09770715579816,73.62852707257358,62.121890087269776,46.23803607373154
72.29779913236351,73.69110468984634,62.0198400870692,46.112880839186005
73.2314869177313,72.91304312563845,61.85072945073307,45.97073903320233
73.45316381363149,72.04117356779648,61.40737565893269,46.02111248565241
72.66044713574804,74.7564475930766,61.30536531157787,45.6528955444573
75.26386400093236,73.85755797328335,61.13813237602763,45.7708078524377
73.54721894061359,74.91043201105583,61.21291962612548,45.344311212162545
74.58426031468542,74.11364975487949,60.81224513218574,45.264467470311295
74.57706610562255,74.17906687854615,60.8266335503115,45.13363322297797
74.64906488548546,75.11022734422812,60.68263599058569,44.935396472079276
77.15758400553163,74.31308141451925,60.64154146818046,44.871040425601294
75.6644459052657,76.00982600267879,60.31387984425341,44.79148907374113
75.68977628435914,76.85288219204506,60.26321908606653,44.7560605684581
76.49859592114828,76.00972714136185,60.29491311881029,44.793037363502506
76.31702589829595,76.96602036950941,60.658053164514925,44.53087167835263
76.51370059681082,76.11483080151051,60.26470376748519,44.5816067296548
77.29855508095788,78.5290314904723,60.3414933990854,44.692701151414155
78.22332603576127,77.69310418636678,60.14143738891806,44.715069860185764
77.54606133040869,77.73225995458418,59.849156818683255,44.63675832375095
79.19884471528195,77.63278595231803,59.82575368345998,44.835706328283266
78.45318448556755,77.70191121532204,59.67309385966027,44.69745580227526
79.23018763013646,77.735491935607,59.758482927829675,44.63029436170532
78.49129078846128,77.74008990634815,59.596680289102814,44.62109842022303
79.36028524730347,76.91309826808644,59.49567469423019,44.63809837393469
79.41324745895497,77.88561425006948,59.389750270927166,44.32879009982431
78.67818962030452,77.18336870528269,59.23081391583979,44.1042291570096
80.36648416154001,77.2430818002192,59.10014248256014,43.984802967136574
79.51886397058213,77.32912242178644,59.17636669137435,43.8127217240021
78.66060655956886,76.49963718415135,59.275524029166704,43.85433471503808
80.29548534063181,75.66911637266423,59.24485969850652,43.89582972227949
79.5276974069499,74.98505608016977,59.16067541435059,43.644190155748674
79.46348387349349,74.2851272365718,59.28910248126343,43.42969025361188
80.25336433082762,73.55968391459426,59.32213299680966,43.26778546735244
80.36891669516783,72.85697144091198,59.09102826812928,43.0625743169121
81.22177913672992,72.0819680266938,58.989063203209916,43.00882132714361
80.46891624056252,73.04263598971062,58.8934591482933,42.68881524836139
80.56425420412896,73.06989558545183,58.70278322116046,42.634296056878966
80.65773684964158,73.08375654600601,58.5158179301352,42.6065741357706
82.34932965208182,75.40308624116197,58.30772014020221,42.73054646787992
80.91405854517893,76.2177029392264,58.00542374887897,42.68773237431557
81.00160811768383,76.18049449949956,57.83032460386917,42.76214925376925
80.27083317677331,77.04870629824819,57.71219044953298,42.605409692429205
81.11635329757254,77.00510441501991,57.59647037440581,42.69261345888577
82.72031912518045,76.15656053200746,57.53851808266752,42.8147115431719
81.9545022505796,78.43812977737917,57.49404425583806,42.979895780522
81.10878758718343,77.67437249878164,57.60733950689438,42.929276261981016
81.01009576080664,81.55739731002163,57.80472315964795,43.058375337428444
80.97749014281406,80.774168193288,57.8699343956331,43.040687979931405
80.99796878064635,80.79412124822744,57.82897711996851,43.00078187005256
80.90547360421235,82.42179085764263,58.01396747283651,42.912586181969445
80.23334161125918,80.87776982344673,57.773291148409974,42.83074762969552
81.73916657734135,80.18539455816595,57.9215225217269,42.63555750751641
80.32282808640288,78.67196041344903,57.596208905309766,42.50443519865617
80.29414665053523,77.80378599683037,57.65357177704506,42.668881305870165
79.51436084390036,76.97516033753517,57.637674290536566,42.75066352468235
81.13432623851374,76.24168647467121,57.550877367901585,42.64104431711441
80.41515046767212,77.84028551277464,57.41577709641922,42.59074986723871
81.24426492661942,77.0977566029834,57.32812203306365,42.5052338322822
80.6607974109499,78.02011733713212,56.9272165950663,42.22835283332115
82.17696336412249,78.12395387356506,57.0093043291225,42.020679760455266
80.65091796680865,78.12753440728656,56.951284805211316,42.01351869301226
81.42886466070846,77.52557320862995,56.949447517840554,41.663384989896635
81.49993696597384,77.676283149033,56.80730290730977,41.36196510909052
80.8374121331592,77.0440645539588,56.591170879778346,41.08522060607818
80.88354760356681,77.13753574715503,56.49889993896311,40.898278219685764
81.90070385432333,77.27701337782793,55.99347438879843,40.619322958339964
81.94992799005735,77.46790988742444,55.895026117330374,40.23752993914694
80.67366788956963,77.91912355206999,55.42980613424053,39.33510260985582
80.85854271247965,81.85251633236346,55.06005648842047,38.90316772155157
82.60438220366368,80.66845589557619,54.516891202446104,38.32277489873245
82.50424205568905,79.99730961301766,54.717171498395345,38.20859663582777
81.76451270131636,80.78557431306999,54.739016952668734,38.08968049019513
82.53302235573007,79.42814135423001,54.65797678097193,37.89258813361387
83.30794516599053,79.55883819926966,54.559629666879175,37.631194443534554
82.54332586361247,82.61792775209344,54.643176244436916,37.29578344668055
83.16301941107045,81.35813171955684,54.84518912927475,36.93257555224609
82.29002063341835,82.3101709479616,55.15276605157477,37.90533836144499
83.04842130011227,81.49994031351534,55.09514050019219,38.066623848332235
82.34625612646371,80.86992700747507,55.03849635735203,37.86567597027547
83.03630515027314,80.65481222884992,55.11519411762244,38.29590552752579
83.07485177664984,80.4763901021913,55.03810086486904,38.65274978084302
82.39711607157605,79.77951577241535,54.92377756145498,38.57670372683329
83.9137520814993,79.67187463204408,54.82412893961514,38.7919860075758
83.18129827685883,79.03417611007723,54.82018163096454,38.59852813357797
83.95106975208384,79.58368958115425,54.74624408860785,38.96510659951726
83.09597065169987,78.7230647207921,54.9859137259901,39.215827756855866
83.81676016165974,78.63543865105295,55.022620649705985,39.39107989633416
83.87633659754084,81.63787171675087,54.903467777943774,39.31312029824997
83.16955627253029,80.14822386645724,54.83838967727352,39.33513849745445
83.24914057683755,80.83410329657676,54.67922106865898,39.441394747096155
84.01266973298218,80.76246168364416,54.62951298603979,39.58467797296134
83.49646373741884,81.44937718872046,54.18297376979126,39.68979817018398
83.18237810035299,80.79767808754713,54.81114504392296,39.51929636050567
82.41759320154154,80.29845584418939,54.860083947422865,39.03710995309815
82.36762326446474,79.61807412275348,54.96002382157647,38.92443557637333
82.36370391080048,80.35885438218548,54.96786252890499,38.91596908033595
82.26678307970298,80.36353263866076,55.1617041911,38.90661256738538
83.06337167043529,81.00238270721964,55.04437814645513,39.10476356708739
82.97314284649941,80.37244100830483,55.224835794326886,38.887305080567174
82.25476412334947,82.38517264829059,55.185105783681976,39.291304171430006
82.1861182273887,80.98606638859331,55.32239757560353,39.124427269129164
81.47117585140079,80.306418131884,55.27040936937604,39.001850824344466
81.08797446006938,80.92946292262741,54.5577464584767,39.23482693641982
81.14540329239563,81.20585674059379,54.442888793824196,38.68203930048705
81.15423833498161,81.6516900001498,54.425218708652224,39.25164679844452
82.64240724639753,82.82755693904626,54.38964111742155,39.84067315225273
81.92032376102865,82.04858305972036,54.3542946504248,39.91910747317003
80.60179894755535,81.1413181230084,54.03081811220233,40.253374264009395
82.70749749222018,81.71700897558239,54.261887115730815,40.58281458981414
81.96109258055452,80.79869941768818,54.264968269625086,40.92970503616551
81.35613295040955,81.2717655066202,53.9794406186878,41.479019769528676
82.0571301607119,80.38820212622673,54.0775032395378,41.74608948886093
80.52192153260539,79.59459607622844,54.13610875457766,41.8273957182709
82.10242568645776,79.44582468488576,53.99135098974898,42.124938500956254
81.40821875778309,78.76854742264406,53.869009131998084,41.968737310339435
81.40590839090214,78.8378935193117,53.87362986575999,41.83004511700413
81.35610978464432,79.5627290735825,53.973227078275634,41.884532084460886
80.56714708994434,78.78642815112637,54.04458545903055,41.9305669207281
81.33381112504344,80.88011001710825,54.01966419530528,42.268423608183205
80.37539770754056,79.2837561717496,54.422968955686876,42.43408714965216
80.34702938283976,78.52692928408882,54.47970560508847,42.42535696478896
79.55142152902613,78.16932699858744,54.54781193009473,41.61745215317072
79.60324555893024,78.27057274144025,54.44416387028651,41.41496066746511
79.49483505207616,82.06434001960199,54.660984883994686,41.357938052607366
79.50000219769686,80.59966897994488,54.65065059275328,41.2703270537677
79.54789317803815,79.90422350416023,54.554868632070686,41.154330049287594
79.41054754377421,81.28723961746593,54.82955990059855,41.39536488739657
79.31480160273127,80.56700391136255,55.02105178268445,41.32417974978999
79.24140800515181,80.52854571980122,55.167838977843346,41.40109613291267
79.97246677516569,79.92048339715127,55.22262382482163,41.10031839120654
80.00743398412929,81.29083832592003,55.15268940689442,41.38523931646288
80.10801909069475,81.1837317551077,54.95151919376348,41.59945245808755
80.85816530063812,80.30520597205437,54.96807539407449,41.83965540399648
80.13482049767919,80.34064066048728,54.893742546642954,41.76878602713067
81.61451457814046,80.32065597308497,54.97181914029374,41.8087554019353
80.19554941112929,81.16850551083522,54.76859899467918,41.63363156625322
80.98269041128015,80.4774940260913,54.70893530451518,41.50103622560336
83.46468758940847,79.7867862976967,54.279573375696344,41.37090753991332
82.07144567624741,79.98091201028117,54.060310155722775,40.98265611474437
82.13539660398146,79.21991881004094,53.932408300254686,41.01144931420702
82.80347669928463,78.4614363438257,54.0879614968879,41.03670085939797
85.27288236162633,77.69336543967842,53.63264150672641,41.078345556185226
83.86652589618049,77.00301860036627,53.46889008296205,40.970807057481494
84.59112782837545,77.68659656671441,53.503666090968636,41.08763099718172
86.01264752786345,76.94374737086457,53.63345697412651,41.08691424781447
85.17838408066116,76.95733041429408,53.81359953016251,41.05974816095546
85.1690612823148,77.00776197191307,53.832245126855234,40.958885045717466
86.65140158655366,77.6938696010775,53.846220899056725,41.075997977728235
86.59895778687648,77.718738739132,53.951108498411095,41.026259701619246
86.63740900310043,77.78542706175146,53.8742060659632,40.89288305638029
88.9254043976564,77.86889848530107,53.76488707012372,40.72594020928107
88.21012086652787,79.35632805221172,53.71095569580596,40.720077948609365
88.18235263458493,78.5866786391327,53.76649215969182,40.7757960757512
88.20700958102898,77.88100371347574,53.717178266803735,40.70180893410141
90.43279536736077,77.15337092883763,53.715738384187574,40.67369727336178
89.78747638386668,77.84029933558362,53.52348013838147,40.7827366726641
89.11122687644772,77.84886058905823,53.394234083158494,40.765614165714865
92.09707093942252,77.22686950542604,53.340523439805054,40.53010196233025
91.24720420819891,79.45556298852937,53.56542473814773,40.497211488437266
90.47388484837157,78.8749598842268,53.63434039731734,40.180694636557355
92.62464228954781,78.86127628051219,53.753623504348646,40.20806184398658
91.18046967368596,79.5961533861574,53.69024351907419,40.21417024119525
90.45922677209649,78.85831862410713,53.6577315181384,40.214841961181044
93.43041531123086,81.01590213210913,53.61340990498541,40.32321654401383
92.66652072856999,79.63278454875902,53.665588142732005,40.13822985556374
94.07291350952357,78.92378610184028,53.799563346644476,40.082846366491395
94.13730874219813,81.18506399326414,53.67077288129536,39.98382903914595
93.40126945197903,79.79542208914356,53.67191860710812,39.82124713813627
95.7237774801631,79.02896665685077,53.431768163612475,39.885869465097684
94.96388599372796,81.84376432190528,53.48585783921926,40.1190473240427
94.38669368796292,80.46380299740548,53.169911707612954,39.93830848676957
97.22058814014702,80.42787963753396,53.352382959817135,40.01015520651259
95.78001934568975,82.61895723930448,53.30048449376659,40.0275540854192
94.8665717820645,82.7037823142084,53.66136728586673,39.85790393561135
95.5610398343604,84.06974298139355,53.74115951604846,40.06343927078815
96.98670574974872,83.28676881540467,53.83644096985394,40.15608096047483
96.30035914564448,82.5611212787615,53.73286175211608,40.13110360781479
97.04681500142027,85.7205224529163,53.71423765572244,39.70945172013707
97.13453810275207,84.37068119980285,53.53879145305881,39.47493283065798
98.10605457112379,83.60191928349312,53.056349586986556,39.55186559260626
96.41771783949085,83.61559604355591,53.52399225603465,39.524512072480675
97.69154624728588,83.00246827356435,53.89869282009464,39.28958892263879
98.35812198794841,82.22042001102196,54.02855799138615,39.390668795107004
97.57884197631438,82.15647802539281,54.1204710298692,39.5185527663653
97.51546026466207,81.29521652978305,54.247234453173846,39.77093457715327
101.20543060323763,80.50365243058674,54.24832797034331,39.87785593668176
99.8111130804003,80.51971218985278,54.0810091143872,39.845736418149684
101.27619275460428,81.09662396310019,54.10066630260516,40.166821139967816
99.84015874983899,81.0914336915259,54.01179930046697,40.17720168311638
102.74739619071974,80.34197361283822,54.11446786422119,40.196835979112805
101.86882383316002,80.96448322392294,54.39044370908218,40.43298562720183
103.36694945940935,79.53530339933258,54.37265776506725,40.31287996789884
103.19993763216704,78.78121280518872,54.7066814195519,40.33406569945546
106.99015750166754,78.03065027200043,54.58834158861991,40.342770784218246
105.42203741717371,78.05310758267528,54.74305356768823,40.297856162868534
107.77189509619824,77.21663091988704,54.52047551636545,40.478430386202916
108.38288027846366,76.49631403783525,54.7904595071459,40.42710979499519
109.8392780689494,75.73695994475821,54.86810009220204,40.450599898135465
110.54121856133145,77.14168473455172,54.96100206639035,40.63471623645323
111.33309615848493,76.4014150055407,54.87845895941367,40.61404360714493
112.23481816024307,76.40643361875797,54.574633578552564,40.60400638071039
112.53396646381523,77.8008532635279,53.9763369714082,40.8048351903854
115.69354707442494,77.0998419558029,53.613213168106824,40.71784845135586
115.06914611522343,80.86384799088552,53.37996077427018,40.6001079423889
118.08559163323017,79.44706857994476,53.2533742415319,40.48051451263284
117.35805309679756,78.72663293959499,53.23575729306498,40.4486917720002
119.63056017750553,77.98324799568421,53.10646107720302,40.463555677970454
119.76665468670214,77.98856651571776,52.834272058809816,40.45291863790333
121.99929375318271,77.24434664378869,52.76654760100588,40.47550715670908
122.0710184241436,76.52172064529381,52.62309825908409,40.45557315663682
125.04864858219304,75.79825972853781,52.51852371672226,40.43982354671453
124.36484019645206,75.86681180228331,52.42532227536872,40.302719399223555
126.5973439719811,75.1596012498841,52.33179787919477,40.25997945239391
127.98530457554371,75.79250555047605,52.46595012925408,40.44920757980226
128.6474943248677,74.36294964793129,52.60173894756502,40.38798275097405
131.4109847187867,75.02482263677766,52.91973313256607,40.52548051649106
130.53798784977465,75.02186446757914,53.197388353851835,40.5313968548881
131.88361113078489,74.32454770025524,53.45148317525076,40.45335969782623
132.56189798363187,75.06970476734831,53.57017995909641,40.438316053179655
135.50623695282013,74.43170000916825,53.588835571991005,40.23749218172199
135.39926148744638,75.33907152354631,53.8027865027385,39.89658445950395
136.0395836490088,75.92117645910946,53.99365449825494,40.20388690701891
136.7865555489297,75.34717205370531,53.979157368224946,39.872449048015405
139.78285051445778,77.45383653322736,53.88176026009634,40.080514706166966
138.94626801641655,76.19422697189682,54.07920021233901,39.64828374114846
142.66132195272775,76.88224648993362,54.007307777784376,39.74388779268842
142.03902109295512,76.91779428226374,53.77979067421463,39.67279220802816
143.59407899500843,76.12870501954384,53.60466746926855,39.7834744338877
145.023712191677,78.19605621239239,53.67869567462019,40.048713946223856
145.10839782965414,77.42491747407942,53.50932439866589,40.11887615180002
148.0683221184501,77.43068917167446,53.47221664632784,40.107332756609964
147.47924283179367,76.59291429812745,53.18044371567442,40.31295099973765
148.9047778984562,75.82142728613626,53.26706690350994,40.38707836313977
149.05148659437705,75.89164889909723,52.97364951166823,40.24663513721782
151.2101148419426,75.1529182794095,53.05022772272514,40.25948480786393
152.7601253367684,77.29363196854275,52.88218430052456,40.37602378077392
152.0922210542012,77.23435013492012,52.752664779495724,40.49458744801919
155.31970646289014,76.43449070729305,52.15883454396227,40.62902115781222
155.43666118224107,78.62756680656501,51.924925105260385,40.61807820979098
156.92404925637072,78.63859849252681,51.85944530212879,40.596014837867386
156.97505292620815,80.27199319835691,51.757437962453935,40.23580114730264
158.33694046086444,82.40081134893501,51.9254009838703,40.315771982239866
159.7515240895563,81.00598061679125,51.99570902862982,40.20595814438408
161.93964794289897,81.00983853698335,51.96653365244731,40.19824230399986
161.9409213942145,83.15432121493873,51.96398674981625,40.25463527133768
162.55652080556305,82.69568819995607,52.18212000154354,39.72256922687866
165.3390876788533,82.75530852940466,52.39294234455517,39.60332856798151
164.57750023763938,81.93174286948326,52.47086139717846,39.805204058019754
165.30673090838027,82.60977936356451,52.46214022298618,39.898871237146736
167.47621906941885,81.79583134419462,52.47657262716115,40.07563103380248
166.7122966010902,81.03578092558121,52.55017706046209,40.14149136767298
168.23190338646916,81.02516835689403,52.423838784548444,40.16271650504734
168.91392621901662,80.21309315306281,52.51464928775961,40.3320107444037
170.3139864006764,80.78473624062846,52.63253302883831,40.64772662147154
170.24278247402333,79.99334529724213,52.77494088214443,40.76456233318311
169.55218611463187,79.97266515082563,52.68610936299713,40.805922626016084
171.04255961718425,79.1368519933172,52.64404383182181,41.00820820406824
171.72634023431613,78.37143395739176,52.748472603348816,41.06705427012834
171.7655935779516,78.33275951894376,52.66996591607792,41.14440314702433
173.1300780410695,78.27873848958356,52.890200302514046,41.252445205744735
172.99901648792093,78.22049509031166,53.152323408811164,41.36893200428853
173.60885978021716,77.54221540679973,53.418266056076504,41.239862139454615
174.2873289190781,78.31003858434718,53.54891944726113,41.191807453266264
174.25876672178129,78.34074005832625,53.606043841854756,41.13040450530812
175.16285473026807,77.64542577029587,53.28654284872273,41.03235805752741
175.94036397557375,77.66564548729096,53.21372401333744,40.991918623537245
177.40979438163146,77.68425818900086,53.23572095303216,40.954693220117434
176.72800555857577,77.76838011697349,53.11914043928203,40.78644936417217
178.17606041186218,78.66414560579616,53.174303595600165,40.47055481797229
177.4199474797337,78.74845597866249,53.21520366216217,40.30193407223965
179.49930049360677,78.82504950554545,53.464087294626395,40.14874701847373
178.8256120607677,79.6533284009162,53.34097927686819,39.96267411116858
180.22824712726253,80.39651842840121,53.46684502278403,39.94186199565131
180.19316516526766,79.73080388515696,53.53700894677378,39.806147868832426
181.53768447826408,80.54300959295682,53.779949429594225,39.64772600763936
181.62018606997378,79.84170538233309,53.61494624617487,39.58324654664826
181.62168550904357,79.11110436466161,53.61194736803529,39.58092503605683
182.25595560389473,79.06203773151961,53.80684710285121,39.679058302340835
182.96868911710035,79.14816444208732,53.84939024487537,39.50680488120543
183.74619231040387,78.4030082983465,53.76021615641572,39.53128487053974
184.52179882993144,79.12026920465811,53.67388231042623,39.561642250982146
183.85361145177234,79.11938403897182,53.546191941436035,39.56341258235473
186.0067173379821,78.47382606748998,53.62644078351049,39.39237498715375
185.26091387315645,78.510379314774,53.657478456607805,39.31926849258571
187.38808582210243,78.50893024765054,53.78265941843816,39.32216662683264
185.9949551584709,78.54062820947138,53.64534084987908,39.25877070319093
186.79473710773914,78.522128462044,53.504441766352954,39.295770198045716
186.76250012360157,79.25450104093905,53.56891573462807,39.288156938672905
186.78844469892002,79.2169346200935,53.51702658399121,39.363289780364
186.73327119717572,79.16329868595777,53.62737358747978,39.47056164863545
189.62423548150701,79.97238608916564,53.692906634544244,39.314252246151476
188.08329805734962,79.19083871699317,53.854186838633446,39.41704966838361
188.77232884913332,79.11283534962118,53.94055805115302,39.57305640312761
188.65233510090312,78.4027963418383,54.18054554761341,39.52483084473239
190.09513957426674,77.5985267939934,54.23724885238139,39.66221381467455
189.43532247678138,78.9736749585935,54.082611485192785,39.86046060979296
190.74678682208898,78.945110862885,54.410030730442585,39.91758880120999
190.7972976494771,78.27906235664518,54.309009075666374,39.768601067597196
190.69044761390018,79.0392043197719,54.52270914682021,39.725423805725896
192.20340636205495,81.30161402224805,54.45607609124796,39.63953106187952
191.33942257254301,79.91862694619473,54.706822847658984,39.45106356876046
192.05248466328882,79.90195713080881,54.75862629603978,39.48440319953233
192.0098780476933,79.13745805954075,54.84383952723084,39.53414027177661
194.17054566818823,78.46289514242528,54.96661599379949,39.40189553682137
192.56657374534987,77.05643119091553,55.212447488586086,39.25271108895074
193.31704915941427,76.25501105926759,55.193819631652715,39.37322838105115
193.20213615175103,77.73959832781546,55.423645646979196,39.372105154372896
193.15270453620977,76.8937846024798,55.52250887806175,39.57624609150711
193.84115092844578,76.83024858297709,55.63796144322598,39.70331813051251
193.03284350830222,75.9840018081166,55.75839051346773,39.89962591018807
193.73789058754372,76.59559097508313,55.849537373625644,40.17768859489597
193.69548592088154,75.76836107829112,55.934346706950016,40.32495182051214
192.91319312383507,74.92210442075303,55.98802876346619,40.50656159801151
192.7803275556493,77.22263166621332,56.25375989983769,40.44961471035249
195.05818532283791,75.80898262471672,56.251429091693154,40.2413229758572
194.30694125977772,75.78250712192252,56.23958448438596,40.294273981445585
194.9483973382122,75.04052461241268,56.471697012146926,40.26321431583532
194.33085413309925,75.02656068595759,56.18875451435072,40.291142168745495
195.01876573876075,74.20326270355025,56.32713437654037,40.42353506004754
194.41731981426045,74.17161141997086,56.011548395815275,40.486837627206306
194.38226574177614,74.89733259134478,56.081656540783904,40.550130345827505
193.5722467560576,73.41527875501286,56.18485615518363,40.48056130441668
194.3571197526968,74.23270434158721,56.132369595584166,40.36296956494692
193.573103359683,74.28591679735986,56.185872183835485,40.25654465340162
192.9140187713954,74.30199150124372,55.99045120840587,40.22439524563391
192.86816889096715,73.47955507049019,56.08215096926238,40.359167816195175
192.93226185667461,72.67064546093138,55.953965037847475,40.46328047108242
192.05458492141622,74.84525784609315,56.19584419185483,40.654479850287046
191.10510729526783,74.0690548224542,56.57451464832641,40.68660110173964
191.04828174956077,74.08243905742857,56.688165739740484,40.65983263179092
190.13577314867283,74.03682225972767,56.9853474343144,40.75106622719273
190.00018831463734,73.39487087709287,57.256517102385395,40.5011302414478
190.09646974451857,73.3314389528317,57.06395424262294,40.62799408997015
188.66515079129067,74.78989441333172,56.86058645425598,40.77708886379277
187.05324929759072,73.33382530316585,57.019635432617164,40.62447307508583
188.47878924054868,73.99762722691389,57.23310331093579,40.82914310970703
187.71955624923277,73.93050281590841,57.21269314625697,40.963391931717986
187.63891354611619,73.18729207956497,57.373978552490144,40.90903661526387
186.90378828061094,73.05603831127617,57.301904352582824,41.17154415184145
186.1956856996728,72.25335953443536,57.17255651822024,41.23134870928416
185.42229847113305,74.59562208976511,57.17475508376509,41.1805512732285
184.63001121805928,73.95548074052202,57.2155555443992,40.91705992620127
186.1696932730204,73.81777011243773,57.216306717000144,41.19248118236986
184.81044810512614,73.85209195125395,56.8455969806617,41.1238375047374
184.80930046215815,75.45469121189177,56.847892266597675,40.994341480407925
183.99808225664952,74.69786593471896,56.934571075208936,40.9722344323476
183.40867183168686,74.63299314692958,56.57668391281086,41.10198000792634
184.11695943920915,73.95158084242543,56.69352184682218,40.93139146787872
182.68924865408454,74.64444388878923,56.48417863055698,41.078047768408325
183.3404940290565,73.16085582814563,56.71330444190206,40.98199076711758
183.22519903701732,76.2562016477054,56.9438944259804,40.92535519054843
182.33775294746243,74.87975477837381,57.182708273426925,40.60609226588521
182.1754869915871,74.20035338046804,57.507240185177665,40.43045537000938
181.33675626468906,74.04054507728473,57.64824826783449,40.75007197637601
180.533952965318,73.20817980094218,57.70999811596421,40.870945778448714
179.70378079385483,73.89283904341536,57.82355912678716,41.04841062560568
180.3143245119458,72.36478383194695,58.15389778748232,41.00166885478831
179.58295915357144,72.23210596881623,58.06097512027824,41.26702458104977
178.76433600527974,74.69948420343573,58.1396004376997,41.00813104929671
178.69336979421115,73.36597045888485,58.28153285983689,40.564071108075964
179.45811317159377,75.50785586145841,58.30240571895817,40.93137914458832
177.9723712469096,74.06495762838526,58.160410797330165,40.703696839738356
178.01283601364685,74.77182210440027,58.079481263855676,40.84080341924806
177.96171410693765,74.29358045173304,58.18172507727404,40.24541192719187
177.25295409279366,73.59714806064578,58.0556589612155,40.09469056501982
178.02177858195503,73.36393230176381,58.05720118547616,40.56112208278375
177.37704543735003,73.31031977017263,57.799745347679625,40.66834714596613
176.64710343786314,73.23071257269939,57.714829005411104,40.8275615409126
177.44473333635423,73.23404518094326,57.66571057050844,40.820896324424865
176.67193967513703,73.1806530289017,57.66600952981349,40.92768062850798
176.50667485660387,75.44279098757136,57.9965391668798,41.044562414485405
175.645181017744,73.95056656231466,58.16554660317547,40.92105078215064
176.39114391960825,73.8170251936073,58.22812067634879,41.18813351956537
176.33723114315012,73.77740923505658,58.33594622926503,41.267365436666815
176.30903985116598,74.43902089196816,58.39232881323334,41.50692979524487
175.51591006943156,75.18055653312881,58.41099996670522,41.59144692292056
176.23585291582214,74.4902489669899,58.54037736715564,41.40279896196678
175.40886056454667,74.5818479832099,58.6262491669307,41.21960092952679
175.37949112183415,74.56935016635936,58.68498805235571,41.24459656322789
176.0761659651834,73.94762528673292,58.85932939774224,40.92035529039565
175.17931218702552,73.89951395506667,59.08806498135944,41.01657795372816
175.0984985601643,73.29502488872588,59.24969223508185,40.65554014406204
175.84170935380078,71.80320351206439,59.329754170386586,40.5062158522296
174.37579113870905,72.42993087560339,59.131154529537824,40.81797916066772
176.71858572145004,71.63602241532233,59.14771439189062,40.83841307195158
176.03866525928436,72.4014408246322,58.939584463470084,40.875547106083744
175.37259471296449,72.45093242076983,58.70628225877303,40.77656391380851
176.87074434012192,74.72228979103829,58.830552778500376,40.914703834334844
175.14475761112388,74.00117358390446,59.153638189386676,40.79249222504763
177.58094477878018,73.32912314087216,58.98316600446141,40.56929239431646
176.10958841236462,73.15846274385927,58.803806286455185,40.910613188342225
176.8639111399604,72.3187335294597,58.85913334049877,41.026099107906205
176.82870539665865,71.51001404302096,58.92954482710229,41.07682220214571
176.77264876191305,73.044343661818,59.041658096593466,41.145397488208985
176.73530564807203,71.6181645719134,59.1163443242755,40.854868808820044
177.66510534979142,71.4126774254136,58.8245144958897,41.26584310181963
177.51885578596776,75.70017388606556,59.11701362353704,40.5416043832004
176.62663016816776,74.20315289191757,59.338868174921835,40.410453003065975
178.23646000003822,74.21262304314484,59.24674629135612,40.391512700611436
177.3325024664421,73.24767497129682,59.49259453896603,40.75934202472517
177.2682567307702,72.36800701372232,59.62108601030985,40.946813193257796
178.105093325453,73.12971361396784,59.52431852239636,41.00030569421892
178.03968852005028,71.75937287024283,59.6551281332018,40.58832483578597
178.90106440832292,70.30838441886598,59.50385821780399,40.347338016244606
177.32597481417275,70.98058029538309,59.52362053686004,40.56815469783255
178.93444451908024,69.43029099489554,59.445013081795366,40.53040134405734
178.15494419504205,68.59285063778881,59.436657885996794,40.637926214395875
178.96247455192736,70.16477943342417,59.39060811902324,40.63209051671927
178.13941887807007,69.32044708417851,59.46849938785397,40.752535136326784
179.75135711499635,68.47305226357322,59.38740038214615,40.875936043464975
178.17096088426098,70.90689436821559,59.403776954539616,40.72487566779616
179.73657662904554,69.31915553721767,59.41245522192369,40.760443572838824
179.69153725908723,70.82821111158182,59.502533961840285,40.88368148499309
178.9248991848393,69.98791948321039,59.46173730056749,40.99019193196723
179.80685956812914,73.32497763911549,59.27303621035699,40.61695432563383
179.06073067002347,71.73340480012352,59.19909721957558,40.667706429632325
178.9954832041291,71.71935076968762,59.329592151364366,40.695814490504105
178.9348242973013,70.90421840249935,59.45090996501993,40.75772411411625
179.75094928447768,74.14342325841966,59.38986939761508,40.56415203006734
180.4482355061777,72.74275094987968,59.56238075071815,40.2313290541411
180.41447778429082,72.09795270686126,59.6298961944919,39.9567597239522
179.65962473739958,70.57209416017933,59.57897761405995,39.887227468887204
180.49556738482397,70.30893797590555,59.46579622442698,40.41353983743477
180.55523609135128,68.78039872672437,59.346458811372386,40.339153313045735
179.7175506842351,72.78666511683655,59.45912794497727,40.14012893595855
181.38633551057717,71.34624456312179,59.2437549370381,39.89877339864317
180.57298687387336,71.98414426777298,59.31660073009365,40.17682546969288
180.60160369468397,71.2484746068645,59.259367088472416,40.08860398052046
181.5500670965002,71.93488864013969,58.91967614505276,40.273011774182834
181.55412052385094,71.29080239074237,58.911569290351196,40.006010163462236
180.9395824805803,70.4612725661758,58.590017354183935,40.11444178988682
181.0375297486915,69.67212035166075,58.394122817961524,40.14516788297146
182.03618975952352,68.82478153746246,57.9419355524456,40.29471275521993
182.7872878130737,68.02070933095274,57.98052019556829,40.36207641801629
181.94922207918856,67.2020932325762,58.11417527446453,40.456832225895255
182.06522535771754,66.44112180612566,57.88216871740656,40.432714697007825
183.52293755315313,65.68604027191225,58.051058983289124,40.400720437057785
182.7818271947436,65.61057436523457,57.98909954706534,40.55165225041315
183.63562311176443,65.63085800987199,57.82724448137983,40.51108496113831
181.9792901678116,65.08584889643566,58.054668075345965,40.05848204104119
182.73208404497797,64.42143167011446,58.08765772312825,39.84873909156859
182.74010581548188,63.575808030803486,58.07161418212041,40.00438183441141
182.03623492793508,62.81772896896537,57.941417780847566,39.982601781721236
181.96562474204617,65.89747691231359,58.08263815262539,39.9655597478179
182.1348804584399,64.48537568171076,57.74412671983794,39.71483785978663
181.4130575599678,64.45284478746072,57.65956533528089,39.779899648286715
182.168830213748,63.690866347361904,57.676027813505314,39.775848742699516
181.54831117262685,62.86634948566268,57.388876713136504,39.89669328348686
182.98795520611557,65.29783871715547,57.56129353539966,39.61127215436219
181.73336812485675,64.47772618996181,57.022996676504896,39.72776169804329
183.38249900738333,64.44016036349413,56.759806402778665,39.80289335097866
181.94777596588887,68.33125492057891,56.599653609754185,39.59470142684273
182.67241776904484,67.05496928837601,56.65931264331911,39.12938741149476
181.28830296979234,66.27506604866812,56.42323211529202,39.18703882764452
182.7375311843037,65.4096706817716,56.52386452965614,39.41828513974418
181.8866534565986,66.84838505768079,56.72073543616675,39.55062548572494
181.89418111840223,66.08760540924635,56.7056801125595,39.562140558690444
181.1107463771496,67.59736044518374,56.76254262851009,39.562644419924936
181.1532145972329,67.61084984577208,56.67760618834355,39.535665618748254
181.84580026007885,70.62955949327436,56.80158049041969,39.53482883481566
181.1020540082924,69.92124385150251,56.77806856813021,39.44045569249705
181.04554218183318,69.23384369314415,56.89109222104868,39.30616592119605
181.0291215263511,69.09531251961225,56.923933532012796,39.58322826825986
181.82836378826147,69.00054833453895,56.83910087825723,39.77275663840646
181.08769739123522,68.1960692581305,56.804933253930315,39.86621437284393
181.13437161175466,67.44869829031475,56.71158481289142,39.84442980960601
181.11234347872,68.03070330995098,56.75564107896078,40.19517565630534
180.45826925331977,67.3244522279318,56.542583598967596,40.08647188955012
180.43712261440498,66.57382770314422,56.58487687679717,40.07153031255198
181.23486881702254,67.97458193660361,56.50596883206708,40.30319056664328
180.64956265200195,67.33597532129971,56.15737509850129,40.06119773364411
179.106461607822,68.72544804185219,56.22369071057896,40.302138768821315
180.51156161830656,68.10024780707406,56.443317296514195,40.03762593492543
179.81334837814256,67.37339576068076,56.32586021308334,39.97744646395322
179.90780846703274,67.25699426630766,56.136940035303,40.21024945269944
179.84138530514392,66.41216835109167,56.26978635908064,40.38781419760729
180.58459277153227,66.34332845593931,56.30039267173736,40.52549398791201
179.78200592494548,66.28208682287492,56.38581682768016,40.647977254040796
179.73666034989765,66.22413484261841,56.47650797777586,40.76388121455382
178.9285152251463,66.22692049792987,56.56645959390125,40.7583099039309
179.64267782304063,66.11767125334885,56.66574510903814,40.976808393092945
179.618634841175,66.03262106587262,56.713831072769366,41.1469087680454
179.48098799613774,67.58371181746081,56.989124762843915,41.11719075166062
178.62976630558248,67.56259085112967,57.15164983559093,41.159432684322894
179.50242677865268,69.08390760430946,56.949405458598626,41.20295231625948
178.67990438653052,68.4259692776865,57.05372464676128,40.978103373423735
179.51475744621035,70.85116541393151,56.922628840352964,40.7435420397877
179.53881555690194,70.16089126308285,56.87451261896978,40.59132543003135
178.8543293384006,71.61603809268135,56.71395438255279,40.7400931176737
178.81929081101185,70.96197624917795,56.78403143733024,40.518670219345054
178.84506359016996,70.7148674679536,56.732485879014085,41.012887781793786
178.17211989852387,70.69823516817144,56.54406059771657,41.04615238135811
178.91034211357294,69.96854368744425,56.599617450966264,40.973534059464626
178.24618107520698,69.81397353338741,56.3962885204045,41.28267436757831
178.16501432723982,70.46799639838724,56.558622016338816,41.50826978517982
178.08237728967748,71.20043839795818,56.72389609146347,41.583192759667114
177.30900750900923,71.15253326488894,56.72708967305394,41.679003025805564
178.1420451376002,72.82896718512455,56.60618024595316,41.41646684549669
178.07785123939703,72.19048477317901,56.73456804235949,41.154408409061396
177.41620663967265,71.39540092900428,56.52118773219949,41.20790658780206
177.1614710309754,74.43480673570672,57.03065894959401,41.26633596714479
177.09853588126998,72.96967114633927,57.156529249004834,41.11060837388619
176.95146677490382,72.23168374794525,57.45066746173716,41.044235530422156
176.94308390184378,74.57131371862167,57.467433207857255,41.00211117760236
176.86443748491175,73.86854384392203,57.62472604172133,40.86237863940079
176.0547239653867,75.24436638777979,57.698801252300626,41.20143720862692
176.0646736743547,76.67868397051339,57.67890183436459,41.43691704623073
175.23723447104206,76.59006968686205,57.77814930512108,41.61414561353342
175.3911398673538,74.93066716817297,57.47033851249763,41.812851144626514
176.22859703072209,75.03760158379633,57.35407063827094,41.598982313379786
176.88739837945334,73.33602011429241,57.58983791301368,41.89540530797714
176.78644888619482,71.67876720888825,57.79173689953076,42.08628046669841
176.71060938718284,70.11513528201505,57.943415897554715,42.0775180039434
177.57151980093286,69.16313851191723,57.7917658584332,42.411340755760484
176.78034657296956,68.93886536319685,57.800764703071735,42.85988705320121
176.50996573767844,72.07671576046144,58.34152637365392,42.90752881565727
176.5168531700055,71.29238578524036,58.32775150899984,42.88635349363169
175.5918792948625,71.11857139974006,58.58842044659223,43.2339822646323
176.96607947209452,74.07627773475554,59.0378961931884,43.71432179672164
175.33411044665738,72.99379610689992,59.07455340302822,44.265644631915656
174.37923369849014,72.77634534413424,59.36108504920901,44.700546157447015
174.35686995800447,71.89215998233573,59.405812530180356,44.83422188692823
175.96378128875347,71.1073047113714,59.46711127085314,44.76637172777153
175.1007980132096,71.05049311522461,59.5556921188944,44.87999492006507
174.95699606696408,70.16809499827079,59.843296011385455,45.00419930284684
174.95894929675023,69.32019966912699,59.839389551813184,45.05298770732521
174.818984133223,71.06339174525536,60.11931987886761,44.862083959574214
174.57876220657172,70.29618243873695,60.59976373217019,44.74762280928443
175.49712665403976,71.20939473501895,60.41734656406101,44.575509943547324
174.75901104894433,70.43731519309534,60.24485898037186,44.47095023351451
177.4727311503538,71.45832305678464,59.750570264668994,44.07331833517461
176.72121885568404,71.08210035210865,59.62323957024756,43.19540846076565
175.94024925845486,72.10436890879654,59.57116256537759,42.76488754671824
178.43833949642539,71.4883475445125,59.39342913473061,42.39078126018835
176.7871137764799,70.70543116121326,59.501280229639846,42.35931385429596
176.74142267741058,70.47818779977409,59.5926624277785,42.813800577174284
176.60127054240388,73.1391384503211,59.87296669779194,42.31373745114878
177.263830161674,72.42569753807419,60.15113635315041,42.137330381743865
178.0789008876388,73.95346956391201,60.12557991564988,42.29095635892643
177.2926659732068,73.21226100557304,60.091316095285805,42.166639826376176
178.16467676202365,73.09404777713513,59.95145907458166,42.40306628325201
177.21909850699217,72.24759048292073,60.23666670059647,42.490031987632705
179.64387016700104,74.62984921404053,60.222214020602294,42.56060516541667
178.01158464262764,73.88960632245664,60.261501357891525,42.428449092855665
178.82078787715676,73.03617893508144,60.254151721897834,42.524247034541546
178.86493245101587,72.82786721744591,60.16586257417961,42.94087046981261
178.8690139345172,72.71365711987585,60.15769960717695,43.16929066495274
179.63524085496317,73.64613677807598,60.246934849064914,42.92602043133243
179.5687123628122,72.8779158433739,60.3799918333669,42.84342563415025
179.5232184892626,72.85539266524272,60.470979580466086,42.8884719904126
179.41393611765872,72.92218420103443,60.68954432367383,42.754888918829174
180.41209998083616,72.88060173255307,60.31613034819349,42.83805385579189
181.11287878981207,71.41675709660389,60.53320800183066,42.528472584512286
180.43617589064638,73.00634806422323,60.26979880188625,42.58292064582517
181.88613574450667,71.45797087700466,60.59733823599584,42.452215878432135
180.261266829656,73.20596261387232,60.61402411000657,42.18928436038742
180.91295761065427,71.65653308406505,60.92307890749578,42.06327070103043
180.79713571254584,70.54410164244351,61.154722703712636,42.67311440020209
182.53503677958065,72.17797670068887,60.93611106092773,42.662554774996
182.441186271444,71.48943812773007,61.12381207720105,42.41451420568305
182.3613830376863,70.6514259033616,61.28341854471644,42.466682499799276
182.22120412863433,70.5100239622223,61.56377636282036,42.749486382077855
182.15537421567558,72.10517976708397,61.69543618873786,42.83124471678401
182.90214171053924,70.5907746841452,61.841275255685915,42.581306769310785
182.01034604551035,71.28570207607241,61.987424237318784,42.82889433388124
181.89149102003068,72.24015704961626,62.2251342882781,42.56372724612058
183.490112972074,71.60528768729276,62.313771067025236,42.1905256293507
182.73209822965146,70.63668865707707,62.19170913586164,42.48963227377336
184.30277468050568,70.51266994010871,62.33277496238499,42.73766970771008
183.3703574429905,73.00048189495487,62.55016614796679,42.70437566636328
183.2553186301539,71.29397168273246,62.780243773640024,42.81705730982273
184.9480073639839,70.47510141118379,62.70587377438957,42.7992941187153
184.9291486235994,70.08037953787738,62.74359125515859,43.58873786532811
185.80356117656046,70.86137576914189,62.662484700690776,43.69446395425342
184.8929740847711,71.6628311388072,62.81541868078866,43.759793418403575
184.03965538063335,70.53138359508606,62.85042671908949,44.35105913587127
187.58260224134375,73.06710230058243,62.49219878444971,44.325371064964266
186.71402216376805,73.15796842477587,62.55328559571126,44.14363881657739
187.397931770971,72.42926435795268,62.8594684186718,43.92704491285736
187.36431420789165,72.11995247059065,62.926703544830474,44.54566868758142
187.28536497957293,72.05526449138301,63.08460200146794,44.67504464599669
186.46525571073295,72.78990473820276,63.034020650222985,44.89656404128206
188.88857161196478,72.66447681872182,63.26843998550835,45.14741988024396
187.84690434243032,71.75091406825163,63.6504108260622,45.27318168266922
187.7463413837932,74.37261694394608,63.85153674333638,45.157429427899125
186.64697439205315,73.51099133162523,64.33991652389653,45.170326449620845
188.18539345157978,73.35257757095286,64.69898347206212,45.4871539709656
188.0104741844778,73.12382818086259,65.04882200626612,45.944652751146144
187.8733893156398,72.16179525568897,65.32299174394211,46.12727473891397
187.79425752675246,75.84634607372081,65.48125532171676,45.752580905672644
188.57587050158574,74.27520101493033,65.66284169998711,45.40524636737983
188.53480824106958,73.94231811119768,65.74496622101938,46.07101217484512
188.3929897862532,72.68920543326365,66.02860313065219,46.823183430488754
189.20505961781717,71.605719936843,66.17521135107604,47.21940653977826
189.02875672701168,74.33397246407955,66.52781713268699,47.101381464653635
189.76527601082284,72.42900614983691,66.83766496198321,47.34554129930186
190.60150814437222,71.08724427375111,66.95679928263532,48.23746646372257
190.45871005927634,73.92215254488235,67.24239545282705,47.991904769221236
190.3314367197141,71.97503851039119,67.49694213195153,48.26938922375622
191.2324961543294,71.7547427023935,67.51161781863303,48.70998083975158
192.1052058230823,71.56584525703391,67.59046261723148,49.08777573047077
