70.5,51.5,107,87
67.91092664579494,49.02268061134342,108.12709006883533,87.9035821377384
68.04158568660841,48.927083455906256,107.8657719872084,88.09477644861272
66.14086681461126,50.27985544958319,108.5851460166505,88.47129617581108
64.2744343969294,50.18240740075801,109.21880386820364,88.66619227346143
64.38401234224784,48.25549676723844,108.99964797756671,89.40791923905758
62.788513049375766,54.04493004094865,109.06992850287321,90.31192493338786
62.93547889631407,51.03330589363318,108.7759968089966,90.06238156572128
63.04007004653635,49.43132447965291,108.56681450855204,90.13850025089896
61.627356519511515,47.85490879008947,108.26639014345771,90.16548021088184
61.83545309385847,47.78013953364663,107.8501969947638,90.31501872376751
62.07003474481458,47.88702238630986,107.38103369285159,90.10125301844106
61.999785059219235,47.89459514291778,107.52153306404227,90.08610750522521
62.083647403631296,46.29893934570215,107.35380837521815,90.1685175183645
62.306515869237934,47.91034779564751,106.90807144400488,90.05334373847447
62.733164070245294,48.11269873046128,106.05477504199015,89.64864186884692
62.89759696850852,48.332166718391704,105.7259092454637,89.20970589298608
61.41111056015964,48.59250656292173,105.63178573663217,88.68902620392603
62.795453932947694,48.72388978531656,105.92035993606154,88.42625975913637
61.311713125515446,48.807209444189276,105.83036629733338,88.25962044139094
59.92260610069373,48.805897186658655,105.5551779480337,88.26224495645218
60.045458010929465,47.225001732628236,105.30947412756223,88.37483174854556
59.86641231920447,53.77315041193045,105.66756551101221,87.46745620952375
59.851620403381084,50.89905940509533,105.69714934265899,87.13940148844705
58.58386509735614,50.90323908968394,105.19938149985893,87.13104211926982
58.693001724611975,51.038479473049264,104.98110824534726,86.86056135253918
60.20303080991647,51.01907397690006,104.97880757795775,86.89937234483759
58.727638991746495,52.62903660587544,104.91124281807889,86.69779548310564
58.49031095342927,51.1219625200922,105.38589889471334,86.69788845072193
57.13199109605539,49.67216533305555,105.08117827887719,86.5761224942113
57.476353489381886,51.333757448322,104.39245349222419,86.26764426433205
58.98169981982649,49.96408497666454,104.38088839163018,86.00786164735177
57.686665512460664,50.01209457981942,103.97620125717887,85.91184244104201
58.071844900003036,50.11882889295331,103.20584248209413,85.69837381477423
59.81957731418754,50.037667823005094,102.68205143781341,85.86069595467066
58.626758374032946,48.50183356239492,102.10146792309683,85.96614308086524
59.03493216743971,48.70332371509934,101.2851203362833,85.5631627754564
60.61498900049379,48.880154243056396,101.06489404772066,85.20950171954229
59.34977168441033,52.01258814889442,100.664531499454,84.8062282687334
59.34105677210415,50.70928196142674,100.68196132406635,84.49471165589276
60.78603995478947,52.400553985361725,100.70537625058287,84.02554889990995
60.84950796194933,51.107959630766246,100.57844023626316,83.70455538711141
59.47169978636879,51.26199642199915,100.4350052171217,83.3964818046456
61.03290811748778,52.91144644053396,100.20446222093815,82.98945543363043
60.959969518825275,51.57637927628954,100.35033941826316,82.77783242464477
60.94364004216666,53.30832904286518,100.38299837158038,82.19451988122711
61.148786836170416,55.08389978488877,99.97270478357288,81.51504586556075
62.395468056964525,55.276264343932304,100.33371952727008,81.13031674747369
64.14077806489865,53.97132795242027,99.69679767825276,80.8864913636468
62.96871998892362,52.68261489284829,99.20094213317005,80.62394578575794
65.9374110052671,54.19600522637377,98.9197754773356,80.42527280713324
66.09190220376546,55.56737069502314,98.61079308033888,80.503116512285
64.90827165346406,55.65027365615594,98.16096856169449,80.33731059001941
64.93360122173569,57.31094270828828,98.11030942515123,79.82346337178521
64.7589834364178,56.08978695472961,98.45954499578701,79.46737027256357
66.18578893500145,57.56364779891063,98.40393916482209,79.31765375040392
66.49985988313483,57.722713435797345,97.77579726855532,78.99952247663049
66.36941218260495,57.80639632709343,98.03669266961508,78.83215669403832
66.50056660931713,60.640467387679294,97.77438381619073,78.72647132469541
67.93863313621762,57.93910068926537,97.67374229456634,78.57822165717005
66.53905542637777,56.44717403279443,97.70135176654293,78.79052902240882
65.5165833010683,56.31767478049111,96.9708878953766,79.04952752701546
67.14722320703507,59.12315519365481,96.4779889741769,78.97532848215576
68.43352285706638,57.89605684383691,96.66499487695229,78.66991997895356
67.10659219605802,56.486302317280746,96.56131442656664,78.73188725966352
68.75919145999603,58.00524918936037,96.01306663137701,78.45094424819067
68.73608712343172,56.623070828439666,96.05927530450563,78.47131848012793
68.97233214284077,58.139419481077844,95.58678526568752,78.1836432894615
68.97788355708246,56.926429695937976,95.57568243720414,77.87651379195599
69.05080168227792,55.42329981789854,95.42984618681322,78.15480040049184
69.17968652998836,55.55675541825002,95.17207649139235,77.88788919978887
69.33239185301014,55.6995156005715,94.86666584534879,77.60236883514591
67.81904498511344,54.31467184771363,95.18071583509803,77.65941259481748
69.28151081174498,55.92829548291246,94.97417729212631,77.1505584347112
69.23799680714376,54.56647978549615,95.06120530132876,77.16719967026673
68.05199086287199,53.071771076113606,94.72462102605112,77.44802092521064
68.29758974649728,53.23378584712239,94.23342325880054,77.12399138319307
68.32728301637195,54.62847407217521,94.1740367190512,77.02979197072065
67.05190954595659,54.77245287112081,94.03204204929754,76.74183437282944
67.12917800774687,57.557692522881396,93.877505125717,76.54316341735392
67.04108482189673,56.24476684221048,94.05369149741726,76.48869776323295
67.04071641779615,57.64773837300892,94.05442830561843,76.36489802556494
68.3471335125883,57.66186474373539,94.1217460822095,76.336645284112
68.43995491501254,57.77863212145374,93.93610327736101,76.1031105286753
67.08080596857286,59.26902878638984,93.98030240205593,75.79641596698752
68.37407754866007,59.43782735438705,94.06357177867754,75.4588188309931
67.21542264405188,59.65694945166703,93.71526003276915,75.02057463643314
68.71873597609964,61.36126759095399,93.36181024404814,74.26511523323371
67.58530479800658,60.10125151191278,92.99316459178205,74.14963938286394
68.9019427715771,58.93783058336065,92.98787356573028,73.84849631887892
67.64358912243704,61.6190868388857,92.88156218056889,73.7320211747119
67.72246292532442,60.089625172478215,92.72381457479412,74.17144467248623
69.18433653089247,60.18813052777577,92.42427634943525,73.97443396189112
68.08597885710385,60.4404016916483,92.00456957249867,73.46989163414607
68.06945330569565,59.10435467676769,92.03762067531507,73.54017857145497
68.36230813181552,59.27454294722607,91.45191102307533,73.19980203053822
68.49213752901667,59.231856909945186,91.19225222867304,73.28517410509998
69.96893052253459,57.974284186465276,90.82502131017563,73.21396448352137
70.07002254621483,59.26552712782251,90.62283726281515,73.21104517053618
70.36026911772989,59.390723407067256,90.04234411978504,72.96065261204669
70.38032349132037,58.165060843003324,90.00223537260408,72.84852756412268
70.26190584639328,61.773213698837225,90.23907066245826,73.31528079915714
71.38901816750102,60.49081099332142,90.55705556500001,73.30787666543151
71.42978406320806,57.85444143003867,90.47552377358593,73.42666905786531
72.73395817841089,56.517227923400796,90.44481913779947,73.52345247652187
72.76034377869178,56.60636461636394,90.39204793723769,73.34517909059558
73.93434833376753,55.378782501241886,90.61908182587881,73.22530032204705
73.074959228301,57.933496993008205,89.76127101263906,73.26904938686005
74.33141718875451,56.689541352780836,89.81247543443837,73.19284032460845
74.58072382633934,56.792602436552315,89.31386215926872,72.9867181570655
74.77420772882391,56.90516896608009,88.92689435429956,72.76158509800995
75.99376062390736,56.85805054858384,89.03088039002279,72.85582193300245
74.91144651999522,58.09276284858941,88.64929508777237,72.932610843066
77.08559292845503,56.85156893105288,89.3841739962948,72.87341281541805
77.15385427449658,56.99555750226128,89.24765130421171,72.58543567300126
77.32721186568155,59.64758957256386,88.90093612184177,72.37171810025669
77.37413266756307,61.137771183671916,88.80709451807871,71.9277446441265
77.40512835986844,60.127498065634626,88.74510313346798,71.42052527392991
77.3820343158117,62.902991214284164,88.79129122158147,70.90674257329881
77.16889426808652,63.10887498432868,89.21757131703184,70.49497503320978
75.3690954420016,61.92954911028994,90.30633493025132,70.34279274233691
79.14954233868926,63.13109957856286,90.32049897158014,70.46471108402578
77.97097990162214,63.14970422159843,90.15040476025695,70.42750179795465
76.82741079933729,63.0509132647638,89.91353015346687,70.6250837116239
80.76694037110006,63.092945947825115,89.60527420844974,70.54101834550127
79.54691916598361,61.50476706756099,89.52779916737374,71.1998586547206
78.56251641943719,66.41976003582171,88.96957787430426,71.47797986284846
79.82668731745125,65.39512149951722,88.96421275616035,71.00428025757326
81.15003526676142,65.59918935221074,88.83273331651779,70.59614455218617
82.74703236439174,65.79883873284638,88.14532039258982,70.19684579091492
82.97542050858837,66.01577004813923,87.68854410419657,69.76298316032921
83.138922857475,66.08506062295783,87.36153940642332,69.62440201069201
85.56614522201917,66.29478019809085,87.44363755230783,69.20496286042598
85.50539957480983,66.34920056027033,87.56512884672654,69.09612213606701
85.42469690317685,65.03128246226703,87.7265341899925,69.26914184180602
85.43990824668101,63.77110035617374,87.69611150298417,69.32140848683808
85.36484682986665,63.80112179332067,87.8462343366129,69.26136561254422
86.6904982458018,62.57586862738428,87.66473543602237,69.24206801313721
88.12441351525595,61.43345086585408,87.2636165648421,69.0601918684696
88.35214561706786,60.30421789680901,86.80815236121829,68.86104179204924
88.5616167825014,60.590769610918386,86.3892100303512,68.28793836383048
88.6608295288259,59.4335940738832,86.19078453770219,68.17060233419198
88.49448596338766,58.20264027173339,86.52347166857868,68.20576659195206
91.06658051762867,58.44531355424155,86.24409929919447,67.72042002693573
91.1906169717245,58.468055771928874,85.99602639100281,67.67493559156108
91.25031020417691,58.49711525211178,85.876639926098,67.61681663119526
90.1998443626743,55.987267444929365,85.56463162797559,67.81063228330488
95.0487263654177,56.23311073165771,85.51210595201287,67.3189457098482
94.01685846284919,57.477290439189616,85.17332057626626,67.23310747566802
94.19939475221514,56.274820007193675,84.80824799753437,67.24210779509947
94.24393020613354,54.97380490097164,84.71917708969757,67.4536424132678
95.50053701308966,55.167901947413355,84.598526525103,67.06544832038438
96.62548581847578,54.363097370669024,84.73304465351836,66.29064173468544
98.10839271775295,59.03630896634513,84.14111919428953,66.43977190063532
97.08738519977139,57.82940789087093,83.81588133885523,66.48632116018631
100.59184546393075,59.16576937150413,83.89604284729556,66.17662554450628
99.5289808109518,60.7339588769193,83.66254508715853,65.39947359977091
100.70749664661066,60.87659969004338,83.64853793472318,65.11419197352276
100.77736289925355,61.15555081008402,83.50880542943742,64.55628973344147
103.04969570160789,63.54585824608351,83.61804662192023,64.42958165863399
103.03056125844725,62.37805526505571,83.6563155082415,64.4386297642192
101.94939108620038,62.52718010876701,83.49136622634049,64.14038007679659
101.97380013839495,62.573518637584584,83.44254812195135,64.04770301916145
105.67203368127855,64.87972186851027,82.999046631648,64.07060695428596
104.47355064788418,64.84510283258206,83.08475573567753,64.13984502614241
104.49724714686329,64.85147106243022,83.03736273771932,64.12710856644608
105.67167106659726,63.68034011863007,83.00127737630132,64.15660797599642
107.07207508411473,64.94068269074035,82.5131610801208,63.94861457063027
106.17745771432601,65.04515698957547,82.00054795390736,63.73966597296001
110.91842851814428,65.042616512254,81.6810584674032,63.744746927602975
108.83893467015966,65.03637718054205,81.26842358928741,63.757225591026874
110.06363971020264,65.05694482826233,81.09871599831241,63.7160902955863
110.3254944019096,65.0357228794028,80.5750066148985,63.758534193305366
111.4081284132514,66.34347446245314,80.67884755700548,63.41213999199529
111.62513769330448,66.43014903763503,80.24482899689934,63.2387908416315
111.76482024212521,65.3745196863662,79.96546389925788,63.09443618256226
113.05071169298373,65.53697160639484,79.64267286969948,62.769532342504974
114.2219453094909,64.47961904169239,79.53897874313348,62.64546436546152
114.23035562308831,63.34363655290066,79.52215811593867,62.682258903360975
115.32779918094191,63.512175150608954,79.56278162663997,62.3451817079444
115.27172425711021,63.65618635919995,79.67493147430339,62.05715929076239
116.58960100485046,63.80365099726173,79.26686431595174,61.762230014638845
116.64704324489438,62.79838737756689,79.15197983586391,61.55610770564785
116.92576362152126,61.86583081251166,78.59453908261017,61.209681188245725
120.32368190707359,62.88642894807661,78.39084721506272,61.36586648496823
119.69629094658346,61.9790036242585,77.4488224008339,60.98391039739535
119.97529382581595,61.97097639971352,76.8908166423689,60.99996484648531
123.26457498184129,64.07912862437112,76.81595569384349,61.11946130618694
122.44218099621654,61.59128375186171,76.29205136150682,61.75776644403343
123.8711796480315,62.57872792846139,75.60505261935799,61.95387665231519
124.12260617344239,61.75039878348644,75.10219956853621,61.446921017723454
127.26552669303466,61.825487471814604,75.2594286804887,61.296743641067124
126.48111179451618,60.822076675147386,74.68057977928648,61.15588653616237
126.67218735155949,60.158369730960246,74.29842866519985,60.34679590567549
127.04136134576714,60.17794699025303,73.56008067678454,60.30764138708993
130.29713166046423,62.37533133908693,73.3652468967754,60.12401058901216
129.45418219846817,61.499075102182516,72.95153989632041,59.776917138373925
131.6398216088725,62.48290225717206,72.75553326979058,59.896898925534266
130.7924805888319,61.61330702948074,72.36365571183137,59.54952978287645
133.00641912220573,60.69848971566202,72.0856210745625,59.30424319577449
133.20269666252966,64.97020714285304,71.69306599391463,59.027539267957
134.21207957316608,63.10580406295318,71.73047528611592,58.64399520080843
134.39743378557657,64.17297025315554,71.35976686129491,58.56021669034614
137.52892320627654,65.32467625788779,71.22728865337051,58.300304892040174
136.75203327951834,65.27090296867549,70.74380508505041,58.40785147046477
138.80338117398318,64.64945871937263,70.7042364931844,57.61917637053865
138.93895707019425,65.97496357707527,70.43308470076224,56.98637956673001
140.09591627335624,65.92036502941801,70.12297668936637,57.095576662044564
142.14967923555767,66.05234118023212,70.01707880849536,56.83162436041632
141.3623672523191,66.28442107772057,69.59678521744,56.367464565439434
141.31670191741566,66.39908262969925,69.6881158872469,56.13814146148207
142.26229988870352,65.69399528693788,69.77556134308922,55.56967474858676
143.4270164085516,68.56928965493054,69.41689716779442,55.731392605805326
143.40096336212991,66.67073270792235,69.46900326063775,55.59272449546196
145.31420975501584,67.50895295791017,69.57539625030606,55.88272688320643
145.18014448790717,68.44030378656751,69.84352678452345,55.99279970295474
146.1194583380781,66.51261787485682,69.94357017620116,55.89082934233696
147.10416101958796,67.44287835545063,69.95271719614624,56.008860764114175
149.13067968553537,66.48545743782702,69.86089193013203,55.94309656642112
148.41526205371196,67.30715166815128,69.31359532060772,56.27783997894373
152.5268505847413,69.16974725314728,68.9910286891327,56.50295402424361
151.71853217428995,68.41649815326315,68.6338301034155,56.03561681739193
153.70034576436026,67.46428467642824,68.5917843224853,55.97925307145656
152.8706304941273,68.5059875032637,68.29198161464637,55.85508066609047
154.80480440726905,67.75325147197546,68.32886923027812,55.407935007709334
154.83702474555082,67.99200979904802,68.26442855371461,54.93041835356421
157.86092676550885,67.46225519860735,68.02832436834525,54.05269426959665
157.12902093566373,68.51359838302716,67.57275230790785,53.86939162088466
160.06315017573024,67.8553765397949,67.43277916849765,53.27640686044156
160.36310219463923,66.9304232270847,66.8328751306797,53.228652371061756
159.4089778664782,66.94270860582135,66.85342795870613,53.20408161358844
162.1686898005233,67.96890318537119,66.99684085740364,53.03930471008464
161.44061439843492,67.99764510521949,66.56585615075949,52.98182087038804
162.46979885997206,67.20309576380446,66.38708690022634,52.69131988067695
162.51550636431182,66.26725333807673,66.29567189154685,52.690857615532735
165.25883146972282,68.89853938759803,66.4212386130527,53.040502448817996
164.23876709638225,67.95855763686984,66.58303272466695,53.04213131520747
165.13938185447657,68.90722396077773,66.66264440607983,53.0256398649932
165.14809360620825,67.89670246108977,66.64522090261644,53.16488907914885
165.93804827275332,68.14540291764544,66.9490969040034,52.6674881660375
166.9155074127869,67.37436001906997,66.87454478058653,52.32920780653818
167.68715556582492,67.48837395718668,67.20497590048356,52.101179930304745
167.6714738313068,67.5907557338557,67.23633936951978,51.896416376966705
167.68907446941114,67.73520708802363,67.20113809331107,51.60751366863086
168.37898360414871,67.75012365899535,67.68828900500796,51.5776805266874
168.23401267976948,66.83245971624189,67.9782308537664,51.53909300682476
170.01423147631297,68.4844844993265,68.17320574942681,51.990455929402856
169.92258415095,67.47803861774759,68.35650040015278,52.11530154137988
169.00783450482214,67.49528879803458,68.29312096514914,52.080801180805864
172.87017503288874,66.53514501250254,68.13383654152089,52.1097395937437
171.9634678297532,66.5675491803787,68.05785960122039,52.044931257991365
171.93462653405757,65.59883015716512,68.11554219261164,52.095194115157305
173.7720972096723,65.55555632380629,68.2183508479908,52.181741781874976
173.9899388027988,63.518140759210006,67.7826676617378,52.47286274539165
176.94686578836905,62.5494002010162,67.53865521151019,52.52039668814162
175.4441243234146,61.70572559291736,66.77015415956143,52.32075391341045
178.0630514943917,62.48450194629974,67.1482790931883,52.63519429850605
177.3235947800476,62.39899781904419,66.7443032482023,52.806202553017144
178.146305002092,62.46254799792928,66.97836637600577,52.67910219524697
178.1531098664332,62.427125036262495,66.96475664732338,52.749948118580534
178.15305773243384,62.39813779903227,66.96486091532212,52.807922593040985
179.10480678331598,63.28542686329532,66.94425155073047,52.91623320168755
180.170759957293,62.46407528140345,66.69667725752419,52.674604310723545
179.23756168620943,63.54960926637138,66.68645625617621,52.38015388430284
182.3261424601365,62.57833558966058,66.12432839587191,52.451023341874475
181.34493017604012,65.24891693336883,66.22253093927995,52.702526728812124
183.29028968154452,63.39798805328723,66.07142686949614,52.664769547750396
182.41588416244488,63.430120542100425,65.9533587733776,52.60050457012401
184.3920141135277,63.44070843401318,65.7291530662209,52.57932878629849
183.43011538921172,67.05656973156458,65.792704176766,52.78859154354316
182.33434556658233,67.1191660633794,66.11963120830725,52.66339887991352
185.1980361882778,66.25386545434772,65.99503720004574,52.52640435293379
185.34177415572717,71.08350832949915,65.70756126514699,52.184438838812355
186.23346933088632,69.32969842965736,65.7776817741619,51.98503691982948
186.22337227509337,67.53652063563429,65.79787588574784,51.868695911893816
186.23446150000444,67.52962814277728,65.77569743592565,51.882480897607834
186.16409272920978,67.57486547313951,65.916434977515,51.792006236883374
187.03015916736635,65.89970127693725,66.03463899168922,51.44166084831318
190.71192366101022,65.04389494949012,66.05690447978037,51.30682488436269
189.01855242532253,63.252234022247016,65.75445704706831,51.20095683476153
190.76611120768285,62.27545995645626,65.9358377939873,51.316255810523224
190.67895662794717,66.68496416640856,66.11014695345871,51.7117368695578
190.76216690204876,64.81510506342386,65.94372640525552,51.747463464921
190.04462637574636,63.85655634459843,65.52877682149403,51.81453026620557
192.08579996398927,67.35674515934566,65.13596611336887,52.193225573432365
191.231655997411,66.43667014695973,64.9993628754136,52.188484427092455
191.1660977555328,65.55933232985433,65.13047935917,52.10044105305633
191.277059796338,64.82157195182194,64.90855527755966,51.732658709895816
191.23450511907015,64.95353807223765,64.99366463209533,51.46872646906441
191.2267080964866,64.09444169371393,65.00925867726245,51.355960303048384
192.10272769067308,63.313722067771735,65.08658643769208,51.08803260613015
193.07541188996333,63.28953116185229,64.96741617285619,51.13641441796905
193.06865327907587,63.23608586957935,64.98093339463114,51.24330500251493
193.12542434687012,63.182626509715654,64.86739125904263,51.35022372224232
193.0661708270244,63.13894655281307,64.98589829873409,51.4375836360475
192.13733335796164,64.87456873357709,65.01323881142287,51.627008125392905
192.12138079111,64.85355634641193,65.04514394512614,51.66903289972322
191.99635325876577,65.80032389644596,65.2951990098146,51.61049617674772
193.97891445976234,65.82511540394228,65.00583364905428,51.560913161755096
195.05358145628244,66.78360743567075,64.6891412562054,51.47657069848945
195.0393090942431,65.97524539156322,64.7176859802841,51.26687412881757
194.98303103749527,66.04233097989434,64.83024209377979,51.13270295215532
195.9088913029169,66.99801487463202,64.80152194512945,51.04433554487291
196.70979374320746,65.41635482071437,65.02084244490638,50.56540489199213
197.01429245735682,68.14737063786376,64.4118450166076,50.55345426150329
198.69027038188557,67.08939996718652,64.67426053288739,50.86220992018913
197.7947354978026,66.93566424011257,64.64911160924666,51.16968137433705
198.71511082441955,66.82899377352658,64.62918817318747,51.38302230750902
197.8096772072713,66.0636832886844,64.61607112668494,51.08965899639444
199.48395017085508,68.62912999176474,64.90556930281645,51.41583174518229
198.49385782358166,66.97002193717795,65.05700302737918,51.07654591438766
197.48466478312744,67.89255990861795,65.24983032720849,51.057028752586746
201.11198091075346,67.97801765010114,65.3079644132612,50.88611326962038
200.34192542489959,67.920079589303,65.02177445179518,51.001989391216654
202.16038241461743,67.17793082836673,65.03247651461977,50.662478891959054
201.13196156815513,69.03132370608398,65.27086726204614,50.592595027520986
201.08269388910318,67.2605014269086,65.36940262015003,50.49232502481141
201.05288819473478,66.21934293933157,65.42901400888685,50.7538121251409
203.81381437100086,65.27850941578266,65.3851564206164,50.80948091748483
202.83461790245303,65.21250139090148,65.51731530927042,50.9414969672472
203.4610170222042,66.12527527241437,66.09491947149988,50.946351605953154
203.26019521712348,66.97861349765186,66.4965630816613,51.0789811460516
202.12747659877581,66.00891971463363,66.91440094443197,51.17076933816341
203.73235491846177,68.99762677635607,67.4155892471473,50.75977262784937
203.89360959441672,68.07211109935164,67.09307989523742,50.75440146822232
204.8879896526346,67.19537920151112,66.95572113020664,50.65646391249837
205.02761414306582,68.17296049049766,66.67647214934418,50.54900986533307
205.84299665775194,67.28604291903292,66.88740488897875,50.48114723925572
205.9163658102825,68.43717955038635,66.74066658391762,50.0226776684727
206.8492767921813,69.46509399734167,66.7089194711772,49.80092362561921
207.0337305681514,68.55116944822974,66.34001191923699,49.79880853976373
207.0020307700945,68.56802161576155,66.4034115153508,49.765104204700116
208.79489623951136,68.64865073523087,66.46713739066253,49.60384596576148
208.09111633166648,67.7013712562641,66.05163686231015,49.67534457965291
209.03496170507267,66.92289491191514,65.98185077654881,49.41439260729983
208.0416489439099,67.64840026672113,66.1559009404109,49.77595725615131
209.77804876378218,67.62719431221356,66.32537554591576,49.818369165166445
209.78260809170558,67.57692144087203,66.31625689006896,49.91891490784951
209.75319070817838,69.38995003432247,66.37509165712338,49.9446896520442
211.45417329758743,68.50796357943744,66.6275931002055,49.881429250864144
210.7417136297271,69.35573295177801,66.22246895075622,50.01593399135294
209.76398540824695,68.5739570985775,66.35185280315392,49.75341310719137
212.56504184334142,67.74336306269845,66.22099684896412,49.590848873616395
211.67605081708462,67.743551588979,66.17987722193485,49.590471821055296
211.79145679143716,66.19654009760858,65.94906527322975,49.0475556640383
211.8865260472313,65.34709423607465,65.75892676164145,48.940373523383876
212.89227511418906,67.17879758500499,65.54885568740059,48.87982094487247
213.92887888507335,67.2410090272363,65.27288825436327,48.755398060409846
212.15198262522603,72.671953369739,65.24467087384518,48.6395390760428
212.97087796644908,77.26794555830381,65.39555992971187,48.39095339047718
215.5181552439527,76.31319792200979,65.66171794644856,48.513544472483915
214.56797837412913,75.52405049673712,65.76911313261616,48.29888076954974
214.57483299661806,75.32165200790791,65.75540388763827,48.703677747208175
215.48640313341986,74.27166919972308,65.72976127379411,49.00614570381842
215.58480919033076,72.4210930491755,65.53294915997228,49.10317824667351
215.56801976920883,70.57165919621013,65.56652800221619,49.20074179388614
216.50981500483576,62.50848243982823,65.48569624641715,49.102266867556175
215.58276487620338,60.86513464713364,65.53987868320505,48.78912681199158
216.4843321417606,58.20968839209168,65.53236330525473,48.71316186258313
217.44070003770162,57.25739622667011,65.41388877099916,48.82348493579974
217.45853304562408,57.13287278927814,65.37822275515424,49.072531810583676
217.58371079526992,62.64208560759816,65.12786725586255,48.840878130158615
217.54380339356442,62.67688379848277,65.2076820592736,48.7712817483894
219.36622272044792,68.12165015294278,65.1433882934338,48.623383703251164
219.29625885566855,68.18909238991085,65.28331602299255,48.488499229314996
220.24336015590285,68.95666221136429,65.17590852432572,48.740154688209955
220.14267135670892,72.65748659648708,65.37728612271358,48.49562457880029
220.0798956400778,70.88122590773156,65.50283755597582,48.471464335663896
220.0249135273728,70.97197885984016,65.61280178138585,48.28995843144672
220.81824637955333,70.01228340804577,65.81468671941012,48.42079869265012
219.8686908536004,69.06500983921134,65.92003481606626,48.52158287506931
222.56771472237227,68.16278151696378,65.91303455385335,48.52902369445415
221.4867186048455,67.11702290009492,66.27799534076854,48.823509480053474
220.58697433933602,67.08833313139763,66.27007963895869,48.880889017448055
222.3664778077297,67.00254123574805,66.32752158962116,49.0524728087472
220.33827149938077,66.99844698498549,66.76011590876979,49.06066131027234
221.1310005308697,67.08367689625368,66.99327491263128,48.89020148773597
220.36719448829513,66.18019547224236,66.70152585522992,48.87780319320804
223.04563623458256,67.8007619769345,66.78882682566385,49.2661264924963
221.06394941523985,67.85247168278167,67.10735731611388,49.16270708080195
221.01717197206324,66.99360584423675,67.20091220246707,49.05487404277736
221.0093340673065,67.60674559940325,67.21658801198055,49.65381028039682
220.95573403946122,69.29535266591742,67.3237880676711,49.94714808609063
220.16326903434936,68.49366793301125,67.06700713336434,49.708806607372445
220.9817695618275,72.16352428273409,67.26390906711072,49.70470586273738
222.0363879438988,72.19527429725946,66.99150149086574,49.64120583368664
220.04743302008413,71.36469451324167,67.30611587871435,49.47071767183184
222.67050995674555,72.07598467929512,67.56086756036746,49.88177252471691
222.6537512704012,75.76970310062346,67.59438493305615,49.871312361120175
222.76229598884802,74.90142031042586,67.37729549616249,49.763295798481224
220.97644850463755,74.94347064970137,67.26996517058025,49.67919511993019
221.8160253337469,74.97898830215095,67.4273147316961,49.608159815031016
221.84568736110492,73.15854642167051,67.36799067698004,49.573583689658335
221.73879037210062,71.22651307526422,67.58178465498868,49.76512683761567
220.8088784392304,69.4298360463454,67.59895832594967,49.67318050589448
221.60544835081492,67.46904232297183,67.84722210637838,49.91196074544615
220.60752710288773,71.10139668933782,67.99397430934414,50.04361318426879
220.6177454439054,72.02828557923291,67.9735376273088,50.04331369762605
219.56134985773815,71.182962986236,68.23316592187875,49.88079600585533
220.27395844238117,75.01916226140038,68.66238933525008,49.62615978615608
220.30759428188756,73.04117464734243,68.59511765623733,49.868592065222735
219.59714006576962,72.0207061342,68.15629225933085,50.04979526236527
219.44699234874795,70.14573983210134,68.45658769337422,50.08763686074116
220.46679634600002,69.16988017513413,68.27820639590959,50.17812947763606
219.36202654665286,68.18410185742417,68.62774411376948,50.28968423222156
220.281178984101,66.43866569916752,68.65657965103031,50.046275724420674
219.3648069824324,65.55925944332344,68.62573977185679,49.94150435359815
219.36501300840524,64.6618652026003,68.62532771991113,49.87489708152792
219.5202541904277,63.68784947136877,68.31484535586623,49.96263279919749
219.44260761043904,66.43390865672524,68.47013851584356,50.0415850284579
219.40198614110352,65.61254156715216,68.55138145451457,49.823642421277086
219.53498669802235,64.57309242629995,68.28538034067694,50.04420864582298
220.605945946717,67.2146950549641,68.00137629946786,50.33474675703552
218.86846676566768,66.06437833025689,67.75961098153526,50.7770183664343
218.81327739051565,68.91415891373163,67.86998973183933,50.66322588599053
218.7214181380635,68.08952457636768,68.05370823674359,50.450753177453436
219.6197202095849,67.22455869379638,68.11816174633421,50.3196272899626
219.5491764390718,68.06457360149471,68.25924928736046,50.49948685869599
218.5073105885627,66.39631144874804,68.47800011281369,50.10604941305942
218.37944827875492,65.56266599828986,68.73372473242922,49.91148639693801
217.3589391812174,65.58403500569727,68.91220166777717,49.868748382123194
219.31920806621972,65.53454256405365,68.7207566322362,49.96773326541043
217.34810258312106,64.72314769608371,68.93643111965321,49.72725476196016
217.91353559714727,68.56635845755886,69.66815330487691,49.49118609211431
216.99933329929596,68.43925804506236,69.6267703947663,49.74538691710731
216.0652341317593,68.31011963738564,69.62162175798932,50.003663732460765
215.10252780315054,67.28251927043378,69.66951549938057,50.181345550538204
216.75001005403465,66.2910338428648,70.13688481575107,50.283149496606754
214.72124385567832,69.28953789642212,70.41456919950572,49.95591340892918
213.67382830469214,67.6027693387388,70.62065950656607,49.551968934471866
215.5572890163767,67.43478471931454,70.62413232279589,49.88793817332038
214.68199720224467,68.26475364636806,70.483924780316,50.1187914899573
213.77865332760328,67.40311663904714,70.39813871763499,49.94959169263533
212.96182169642591,67.14742047543987,70.143414000088,50.460984019849846
212.18476752775175,67.12219048615466,69.80457414712458,50.51144399842028
211.5908543591635,66.1733959043776,69.10375987288667,50.520392550560004
210.85217634064998,67.12174787261563,68.70296243789718,50.50184208610046
211.75433046747213,67.31922857564477,68.77041655780862,50.10688068004217
210.71385158593043,67.98982970617251,68.98506781262057,50.63198492725813
210.04552302561962,67.16597499337595,68.44354320809468,50.40151262770378
209.10567076435004,67.05769003029374,68.45707154039756,50.618082553868184
208.1834656414971,67.95126099077847,68.43155075567952,50.70087166332272
209.93621143504012,67.12825821763522,68.6678577080199,50.47597793989597
207.9590524303587,67.93334869731314,68.88056572832598,50.736601975068524
207.85259497973195,66.98411897198736,69.09348062957947,50.75675191641715
207.90951549776383,69.66864234258892,68.97963959351569,51.03332887015479
206.89638542287767,67.7819103151672,69.1212218704312,51.03743717928466
207.58540778657715,67.76224576387709,69.63007441304117,51.076766281864884
206.63683589662077,68.71810076398211,69.63194505065118,51.060329423957555
205.5644142558775,67.91594238900183,69.88175637797787,50.76961421975825
205.68833462036787,66.89414423003726,69.63391564899712,50.91915800711554
204.7834405288386,69.4638447882983,69.55095795468611,51.457994522701945
202.5927287241524,67.71805673669525,70.13174135272793,51.148930414577464
203.53108678745275,67.4858835686731,70.1590992959839,51.613276750621736
203.5539272073748,67.45300125203264,70.11341845613983,51.67904138390266
203.54096448557948,67.29554054878172,70.13934389973045,51.99396279040451
202.5391007421186,67.11962942578572,70.22502638762163,52.34578503639651
201.77788061693678,66.19705269160691,69.82235838468556,52.265830251454446
201.75238018601658,66.1328240963133,69.87335924652595,52.39428744204167
201.7182064404254,66.15672179739435,69.94170673770833,52.34649203987957
201.6926165719982,66.17262611694903,69.99288647456274,52.31468340077019
202.72822722594412,66.20213472458065,69.84273214633048,52.255666185506996
200.78092774750326,66.25901391355214,69.90169862135835,52.141907807563996
200.75490310342911,65.27503329116085,69.95374790950665,52.19301665794427
201.3496232489052,67.14933575936055,70.68278832445104,52.28137313333799
199.11663116810763,66.36383145289885,71.28674224827603,51.921366627376294
200.93745024564743,65.38801061409728,71.51367252504919,51.93872408905306
198.75315489610762,64.39452912282616,72.0062379367092,51.98767442788555
197.64894803762965,67.2440039496604,72.26836413316215,52.127587335726005
200.63569494454407,66.39246144140347,72.1525550793838,51.87811076555634
198.68435038042782,66.18690343095966,72.16183614118424,52.28922678644393
197.56333734755427,66.00352070422517,72.45025958930576,52.655992239912926
199.4987436992908,66.89180829221301,72.5074518352049,52.843419538623344
198.66360263941874,66.02825603044421,72.2097861649985,52.60257627221043
197.7309798479479,67.85738526111689,72.1155554312669,52.863270444211636
199.9663608685264,66.88434648713948,71.56944098565805,52.847024194392375
197.9841945617743,65.84756818520694,71.62625257861342,52.966820287983026
197.07365656111966,69.74323510659036,71.49074164681545,53.00183417764525
196.97959140668067,67.82775835292841,71.6788719556934,52.92258710727358
197.98915321141436,67.89267660003264,71.61641030483926,52.79275061306513
196.7709141285334,67.02109696543938,72.0993036338866,52.582325045537026
197.5401997897233,66.97780228499333,72.51819934998616,52.66891440642914
196.60709983905602,65.96982725519439,72.41915376407182,52.7196189787782
197.71895666170013,64.92109470751201,72.16001538115827,52.85250881176827
197.81122795714694,65.67922112212717,71.97547279026462,53.2990784136279
197.78530411111657,64.68746782018795,72.02732048232536,53.31524607073284
198.7425374047395,65.47868110493478,72.0812459270428,53.701211533202404
196.7028352275851,65.53973473235554,72.20958621594285,53.57910427836088
195.44667369985928,65.44900236842264,72.74642426798667,53.76056900622669
195.47571875435705,64.48882820515423,72.68833415899113,53.69429809294008
196.29366208654093,66.21782591897951,73.0370978972785,54.20560347059994
195.35900365976227,65.24743428073734,72.90808642994536,54.14805842619382
194.1541036295659,64.25346137193634,73.32246241871178,54.14058017216953
194.21119147056947,66.04260249989348,73.20828673670462,54.56550093353585
195.15540223308284,65.07445439025213,73.32668923542255,54.49497312907384
194.22776079314656,64.91929972217491,73.17450147576146,54.80528246522826
195.1001079294223,66.8658790640946,73.44004006470516,54.932589504379294
194.2450678547259,65.92240619924127,73.13376323232629,54.80317825231431
195.16180600029307,64.9754904465587,73.30986524583557,54.68743145303589
194.1288929106547,64.81957348385825,73.36532649175768,54.999265378436775
194.12653746567648,65.72388021590841,73.37003738171416,55.206962145717426
195.13750545293843,64.71184234770281,73.36787902824955,55.21126026106936
194.38135470957113,64.59920243460527,72.86036551346382,55.43654008726442
193.4980798690073,66.48335349685796,72.61115494834394,55.69975845525414
192.6194257624793,65.55429234816897,72.35221127643639,55.541628867668486
193.76669982757542,64.64321507716367,72.06738503341029,55.354061522512886
192.46616496807258,65.40473604339823,72.66613783251296,55.83333650994682
193.39724241734626,63.58268024746074,72.8232514582653,55.43891105322228
192.03899454164707,62.51293336711984,73.5245142224801,55.56317182672052
190.96038702226105,62.53909986591074,73.6537778744339,55.51083882913872
191.90229898510466,61.52112438106703,73.79901961627378,55.517724131299005
193.06562523229454,60.42559903749199,73.5037575099362,55.67738443040697
191.80962155577677,62.285292626326914,73.98626437582061,56.016998227039366
191.9240562007429,61.351381530587126,73.75739508588832,55.84242005192492
194.1591926259037,61.12482775561386,73.3592447363632,56.295527601871456
192.98056812894364,61.9551971419772,73.67911182893101,56.672170730497115
192.89079031806,60.98788631748745,73.85866745069833,56.5583888402335
192.78461641349068,61.87051224606119,74.07101525983694,56.84242631045011
192.5687564446724,61.91244385791621,74.5027351974735,56.75856308674007
193.32597108446393,61.086642751897486,75.05068573423351,56.34778548243444
191.58841759899258,66.13258227737936,76.46177248779051,56.57600751839898
191.7493579905762,63.9813139281542,76.1398917046233,56.700096730552204
191.9336881964469,62.935215544640684,75.77123129288188,56.70593272732958
191.228909709148,62.79041926254446,75.09994182893664,56.99552529152203
192.3561872297306,61.79402308013974,74.92074014661736,56.912964297485644
191.4078067089233,61.65941603130924,74.74622757605185,57.182178395146636
193.43696443863573,60.49720391021861,74.83392114727395,57.433598122004426
191.98528230075604,62.40015245510773,75.65884331583322,57.784585246626364
190.68418574854076,61.3877879645012,76.16428337619178,57.712561183767434
191.91082500686701,64.49731198789775,75.81428950758652,57.80336708111598
190.7940632949875,63.58114331001635,75.948382386954,57.53627389248719
190.63983399183672,63.51031175398964,76.25684099325552,57.67793700454061
192.8492332451724,63.47578159557266,76.04630203313653,57.746997321374565
191.8951627310588,62.45218219474742,75.85239461304698,57.69214767470837
189.61931051922963,63.35397982819627,76.20770561103554,57.986749120645584
192.91264192683465,62.34561880193645,75.94631091290188,57.89504846747309
191.82076056822223,62.26955969164925,76.02713363686871,58.047166688047504
193.9891119879123,63.24139013550662,75.90373982046009,58.210160311818534
192.64693233531816,64.18542631907142,76.48066930062106,58.42951776971629
192.4120104941535,63.18305510114231,76.95051298295036,58.31445012411946
193.33878061554418,65.22397646355839,77.22206934895206,58.482800616853424
193.1445046220702,64.25787131134027,77.61062133590002,58.2830262899147
193.1559069996943,63.10864584884346,77.58781658065179,58.44683782029698
193.1508105043245,64.10674991654821,77.59800957139137,58.587599432022365
194.1209947221019,66.0792748431272,77.79706620018926,58.92139970756968
192.98721959977982,65.22568616504223,77.9167058204035,58.48066643930965
193.94423504684096,64.30334031257678,78.14520623002866,58.18282684049314
193.77481366192598,66.34507329758856,78.48404899985863,58.38163356861109
192.54035356021026,64.23904904239419,78.80342414988716,58.294591972194084
195.87972186314647,63.058750436857835,78.58361584492903,58.50221308296204
193.62510543157816,65.10065875371728,78.78678179932157,58.7244633579872
193.73017942218092,63.03364312027105,78.57663381811611,58.53897081329351
195.89504914852347,62.94116296176855,78.55395213772363,58.72393113029851
194.76028196306038,61.732832953431185,78.66727619209937,58.98438083042285
194.96256972993893,60.57749975903826,78.26270065834231,59.13285198099658
196.11116191773263,61.55080681902513,78.12397632281836,59.344697901086306
197.21273304686042,60.44089231075319,78.0806391841214,59.40472179807158
195.88895338072263,61.21767782874312,78.5680744386618,60.01127483982688
197.86847373941401,59.94790721626099,78.96394360500143,60.373361122929964
196.2187368918248,62.05534663585037,80.07401712313496,60.537282637840995
198.52591039338742,60.905100325357026,79.87767269203277,60.62877397281617
197.4370573321215,59.84726927930454,79.84787597984244,60.53693323019899
199.48586209954243,59.65585534541056,80.16136473372755,60.919761097986964
198.25960763937465,58.27225309322658,80.39729560726643,61.47038755555821
199.24676198394448,59.21929807159154,80.65214748079558,61.805458161497086
199.1589809821346,58.084473313030536,80.82770948441534,61.83659438245304
201.25632691861125,56.9455875353472,81.11641751359959,61.872665986750945
201.17523150262616,60.33903856631122,81.27860834556974,61.825841883798404
201.03120569985356,59.30753931732839,81.56665995111493,61.64043831929655
203.00773268298582,57.979435310223955,82.11313683085136,62.04688091050495
201.6112329844549,61.37843221775829,82.64140464811578,62.043081834828705
204.8170767160251,60.297839856348375,83.04786467928122,61.93155072621327
202.59552114770975,62.526541812822856,82.9368197751562,62.02830285402001
205.0179170168206,61.62595094696762,82.64597050183724,61.55251335327913
204.18372649898242,61.589047697925494,82.04959136580086,61.62631985136338
207.59272613022893,63.89931244691368,82.00226424668006,61.51957178230177
205.30582292918737,63.04475621652293,82.06722114517868,60.97425949129103
208.89858439333563,63.07481534192364,81.62117004019333,60.91414124048961
207.6199411769949,61.92526075677641,81.93973547424542,60.974529412154766
209.71300056108558,61.887264563287395,82.24272860362589,61.050521799132795
209.68815708969709,62.718140079490745,82.29241554640288,61.63917924591125
208.34971338011565,60.51078272989376,82.70850506951237,61.53229815299835
211.76233653204426,62.63820416508496,82.6794003955783,61.80821636923142
210.44082141222816,62.49919183404484,83.05297756990458,62.08624103131166
213.88946849407733,62.42339516672014,82.9947440995322,62.23783436596104
212.60711283745178,63.40321376766453,83.27817546284061,62.55947711401488
213.5168196874634,63.245869212325964,83.74961620710084,62.87416622469202
215.58585576886256,63.0306996796901,84.2178997848926,63.304505289963735
215.29927941402744,66.40937791378423,84.79105249456283,63.49918073199784
217.3038397992757,65.38372363759504,85.44043872356929,63.221235784624795
216.97178827454044,64.2713456095093,86.10454177303977,63.111409497892865
217.0289860896625,64.16157384364028,85.99014614279562,63.330953029630905
216.8524433279632,62.951270880847254,86.3432316661943,63.40682403230018
221.6130267601721,62.895799363316975,86.22743672160243,63.51776706736074
219.25436891840633,62.99486737715792,86.24194680992409,63.31963103967886
221.54817236777896,62.92593564214478,86.35108911549783,63.45749450970513
220.14522780213798,62.70905871862846,86.80468499523309,63.89124835673776
222.69514236493325,63.72222675706378,86.43744804154576,64.2312083658187
223.95659719616563,62.437090048607615,86.28082172167825,64.43519844013375
223.90352275635763,62.06752171328631,86.38697060129422,65.17433511077635
224.76946801022657,61.78281439338114,87.03602077324359,65.7437497505867
224.65475704988035,61.54411697966103,87.26544269393604,66.22114457802692
225.92524294383395,60.064396798186394,87.13589600524662,66.76915984175832
228.26482716438517,60.976341685337324,87.29350825969345,67.36366041523111
226.59795709249673,59.916958784554424,88.19676331552392,67.05194112885047
228.796045189966,58.52431158019326,88.67895866009582,67.3980497678176
227.24294537239274,59.648575136126254,89.33297116492133,67.60170978627264
230.91428475885982,58.54111440482218,89.3867370774218,67.35114968706921
229.7433753556126,58.41548308452197,89.2663485976459,67.60241232766963
233.2146058837843,58.37496736910772,89.71732065067812,67.68344375849813
231.58408691124666,58.25037556606106,90.50568556868673,67.93262736459145
233.68258798746558,57.12004650972447,91.28618884677982,67.70453276199918
233.4755360677358,57.0118421111659,91.70029268623944,67.92094155911632
233.44889680128392,57.010328246989474,91.75357121914314,67.92396928746916
235.6060654238577,56.991482678387854,92.45442740285097,67.9616604246724
236.63373087577838,58.30142141985104,92.9179618836712,67.86064832640764
235.3570269371264,58.327822878919505,92.94712220571586,67.80784540827071
237.9552184907898,58.2438930724144,92.79838621859828,67.97570502128092
238.03166115622543,59.42245354314312,92.64550088772704,68.14290398228098
237.97628198134674,58.097215237088,92.75625923748441,68.2686407421124
240.1630423688285,59.1965619470196,93.43970651007756,68.5984313460275
239.90457194414145,60.44560744534873,93.95664735945168,68.64461436082698
239.61591014795968,60.41751839905503,94.5339709518152,68.70079245341438
240.53946584855044,61.4889593534472,95.2494252689336,69.12047626292997
238.75802553697858,60.18767565782481,96.23199277990483,69.14273054200228
243.9466150644177,61.24400980301064,96.23712045159597,69.62563893327297
241.53622869097197,63.636957761592136,95.85070593994733,70.04693027465008
245.0362513852521,63.93922248704921,96.66460626667818,69.44240082373594
244.7110967311524,63.878815201347905,97.31491557487752,69.56321539513854
243.2218837240239,62.49910157414902,97.67444009812498,69.70374115852681
244.24176788967046,62.25664473150408,98.26133132943363,70.18865484381669
245.51753400132276,63.34414780145292,98.35332931799124,70.65717891578126
243.88572625733252,60.825460444366136,98.96431136273439,70.38928674348033
249.19973869198827,63.37419063627566,98.96619761545222,70.60678192067593
246.40320005697245,61.827768635335524,99.23709897002944,71.03853796482899
247.44720700976617,61.61073781743167,99.82138276163522,71.4725996006367
248.44165043515858,60.116848645286325,100.5207875204051,71.7720863353727
249.24847757015112,59.95816354492084,101.61094746426707,72.08945653610367
249.0759998814024,59.80130792451955,101.9559028417645,72.40316777690626
250.2770546850106,58.192413499298134,102.28972737102147,72.8850224908757
249.94588473990532,58.101432861387195,102.952067261232,73.06698376669758
250.8618342371345,61.03542949469262,103.88211560441248,72.72288517536444
250.5927076255134,59.459245017019896,104.42036882765468,73.10491613358519
248.8996308385645,58.03045427999004,105.02174395673461,73.17771916282703
252.9241110289624,59.25080394435106,105.35798326556764,73.5320863973146
250.2471911248192,57.64385589413116,105.09982604923121,73.93998398544296
251.44877136317695,57.51624379976915,105.5054946255623,74.19520817416698
252.86449867346298,57.28826967778291,105.49321295935869,74.65115641813946
251.23015304536727,57.28771271905614,105.93539859319051,74.652270335593
251.26847972131804,55.635412610510464,105.85874524128894,75.12365798228133
252.83236573549783,53.866757084546194,105.57079651927748,75.82114572786182
251.1860487380842,58.53848105062849,106.01648535691615,75.01853326726288
253.8895992624527,56.945593164177446,106.29033991253422,75.36383123798744
253.95439435422867,59.752750070147144,106.16074972898232,75.45014174717514
255.77527312987678,58.03522319906453,105.36876504878558,76.03542261824089
254.38065116644498,62.34684161484138,105.31060252521414,75.95440513799227
255.91683243261025,59.60731541835151,105.08343281286454,75.74307189101005
255.8101776288479,62.290047111256705,105.29674242038922,76.05415771842918
255.66123074855915,59.54272381612601,105.59463618096673,75.85555947969445
