73.5,126.5,29,23
74.33602235883498,124.89503978053035,28.780556356802606,22.757319364466724
75.33695102395707,124.10201531046218,28.39916543392828,22.7229018972332
75.81237438160703,125.91266429502828,28.252149027090972,22.31692516195144
77.09133377498632,125.33405423791154,28.079202977671347,21.88416345129228
77.27683286767079,124.67384794219137,27.708204792302418,21.63395376379657
79.29461933179365,125.44201786516199,27.550474285913996,21.648750886598254
79.00813830747286,124.89079884537784,27.350040234786054,21.20439672662753
80.99033855542324,125.74174793021173,27.201159890850818,21.028706617745932
80.57118622335713,124.70740551264124,27.28149571279848,20.82348492633323
80.46133020517134,124.46350081899041,27.501207749170067,20.555444137434968
80.2006994706571,124.5587291689788,27.267650300598866,20.364987437458183
81.78120077273304,124.30286273532528,27.0992420993898,20.128571704029515
81.7288521373777,123.92695326403265,27.2039393701005,20.138673603922314
83.77628002096111,123.17837830603438,26.826455979770245,20.1488745691842
83.48590139786216,122.49836156541407,26.669315157210722,20.03311191290996
83.8647104334704,121.72576619173488,26.645309781188153,20.111077269880496
85.73380063053378,122.11570234085849,26.5797358458333,20.065726263387667
85.37258066057608,122.58713995310146,26.56939447074422,19.85563235390623
86.40606819188847,121.88769854104518,26.689986517327995,19.79613710521307
86.01357973798216,121.55106715040773,26.744913763113328,19.739350224460633
87.83599257677669,122.72281735837814,26.74985986131986,19.585712873997185
87.55071151272486,122.29961599361678,26.592911671289762,19.704605285386084
89.51299905237398,122.00807845535614,27.03078360947981,19.56060585899267
88.41318559277707,121.7237532921001,27.036327087686082,19.397895038508864
88.09745712792451,123.50957512170079,26.939014091818017,19.470101007173433
89.9874089254428,122.81392892901206,26.801521413422414,19.404429025894515
89.49099610527905,123.15158334547189,27.06902913451631,19.454438112208425
91.25534235608565,122.79813877409237,27.19131447365686,19.43113168681675
91.1811850031289,122.81415447287213,27.339629179570363,19.399100289257216
91.87056157138427,122.76368930313363,27.427641248787978,19.500030628734216
91.40537072180041,123.15224102097969,27.621645494430638,19.459304646567137
90.95789469349926,123.85316676817558,27.77795612930556,19.53473599563018
91.22352305877625,123.6158385741027,27.988948607020657,19.267143175506824
91.62319433994347,122.91900643552171,27.930620917172288,19.178777707696668
93.16848945055364,123.62827612549911,27.794721840565632,19.23758390004868
92.74637555261168,122.9834588825389,27.901354535772562,19.052028184615118
94.4975769712069,124.09740040452435,28.079616125494,19.032543796791323
93.70958057605279,124.10551431113181,28.178617091093074,19.016315983576384
93.44868157559361,125.53706403529007,27.960697553547888,19.11208668911413
94.04568662895304,124.86385403447781,28.242731726283292,18.98246241128436
93.32259753715248,125.55657023135068,28.20866839239505,19.077271535027958
94.71112212265729,124.77765370471371,28.396343823349508,19.15274228731988
94.62099823168055,126.24208817228774,28.57659160530298,19.204908443897345
94.99294122834206,126.54719984150678,28.58154307842503,19.343522571904355
95.00854387799279,126.92197712539914,28.550337779123556,19.345179918816214
94.89094805819997,126.89490799540361,28.78552941870923,19.399318178807253
95.13623354516969,128.4124482902832,29.050167161942806,19.385072457740115
95.04702094321233,127.68184251604376,29.228592365857516,19.328376703447887
95.03530119418684,128.70758246224733,29.252031863908478,19.5589751901272
96.44489598685155,127.84610073757757,29.492357304489715,19.752181126511367
96.36441639046156,127.50752546231915,29.653316497269717,19.657628833144674
96.21070866184503,129.3448176526329,29.960731954502755,19.845801672111143
96.65389545864528,127.76848835701414,29.85465907320689,19.877257414130288
96.86514475369444,127.42755618389064,30.211389946757265,19.779892296728537
96.76549179195848,127.33062538963436,30.410695870229173,19.973753885241116
97.23364525689591,127.27684616759808,30.263577516917223,20.081312329313672
98.5549787300493,126.86100196396055,29.987216444769487,20.124232111869038
98.3726520908034,126.3214091393445,29.56654369318507,20.418091731024955
98.50464653523217,127.13334391546452,29.302554804327542,20.361935427033337
98.6965404688864,126.74382639516415,28.918766937019093,20.362027248927
99.55332281250759,126.36914837438168,28.751492866474575,20.338237982143
100.72536033554627,125.89505509745449,28.71808681051439,20.516201539291654
100.34420375099268,126.59941865875061,28.707751188878,20.652771998186537
100.0426072024678,126.50986880149573,28.536205063025598,20.831871712696316
101.54532469586685,125.78357938882446,28.63108856302602,20.73429129463957
100.88498512919531,125.35737206900107,28.401933875060138,20.81178902363185
101.74551456560482,125.30119360692007,28.226297928149158,20.924145947793885
101.47972891449955,125.36671931918566,27.98598500044895,20.79309452326267
101.53260598475802,126.60584213817724,27.880230859931995,20.613100093377035
102.99583910510569,125.84784778222725,27.999875442008406,20.606033393891117
102.40858431380542,126.2590681930682,28.411154903400764,20.546822693417358
101.99923685455128,126.65310927975295,28.46134884732889,20.527241494628004
101.88907346068169,126.2463146798585,28.681675635068075,20.571890507662715
103.35418681825973,125.3731324196581,28.843503661653696,20.772227657192666
103.34362333616995,124.89674664539848,28.86463062583326,20.94623804261238
103.30401945470282,125.219751174812,28.943838388767524,21.082170272257343
102.75953326703477,126.36800021487522,29.247435404803106,21.141798270032496
102.99796188346156,126.31167868118366,29.56153855981478,21.25444133741561
103.31504783962222,125.87872507623729,29.724940600345008,21.322774594456817
102.39046391776444,125.10703444873434,29.97176032263839,21.26380772804049
103.86047844500732,125.49526287982886,30.247493998114045,21.291291548341817
103.54141816427516,125.52590167063059,30.07704967179253,21.230013966738326
103.43361131911453,125.61434041960865,30.29266336211379,21.053136468782213
103.25110719134456,125.6966838525999,30.657671617653733,20.888449602799703
102.80314264949898,124.9785576955245,30.745503667127938,20.708507848516604
104.02318840341289,125.67421318858271,30.72472037054308,20.93006900322883
104.1195069795657,125.62314448585343,30.53208321823746,21.032206408687376
103.27220236154874,125.60550731897294,30.60952555875975,21.067480742448378
103.5201556963048,124.85985834183501,30.923954248216322,20.93810797878682
104.15544428324223,126.03814528340226,30.466308736619318,21.020329082485954
104.22277704487945,126.29792552059035,30.331643213344876,21.3081631706021
104.17757288334843,125.81569596602546,30.42205153640691,21.46250677173238
103.76097190420978,125.37387080664716,30.441225113863112,21.53212870966783
104.03694953463594,125.33545037998414,30.7047360901719,21.608969562993888
102.91095942684507,124.9352981421022,30.49455980227463,21.588555204264757
102.77236511328867,125.38589547639631,30.77174842938743,21.504563755317125
102.24612360566587,125.16117262689457,31.00422271359723,21.134000723284785
104.84366274634931,125.0520219490274,30.71347195991504,21.352302079019097
103.72208467854372,124.65613362138376,30.506787431764202,21.327465179719084
105.03517562679691,124.97130292746039,30.319849178674954,21.5102077820382
104.81414468838327,124.62278072738901,29.948642644776566,21.393983771455265
105.65286162113105,125.03479457131392,29.882677915178693,21.37569065155427
104.78202285831046,124.57659308817881,30.015486679284578,21.487659237056846
105.32485957024679,124.58560236709634,29.738102059162273,21.469640679221786
105.70058104542221,125.00117867056358,29.790447808213983,21.442276771689862
104.88549898710224,125.085227766967,29.812347239432555,21.27417857888303
104.55086621007173,124.79840966461609,29.679914546549362,21.04611653664063
104.0712302073926,125.23644338511102,29.843249411854803,20.96598623570356
106.1670417421344,125.98364393861988,29.63705844227801,21.065757968648544
105.52230380789764,125.22424128729732,29.335310068953852,20.993339029495964
105.91371955746968,124.40100003223495,29.342329217777873,21.060120243684473
105.32559104388368,125.12646177116221,29.72753044632153,21.19130836308665
105.45051865140138,124.17337152059007,29.47767523128613,21.49938987146326
106.18417971515058,124.21558293353107,29.611006422934036,21.414967045581243
106.77329430600622,124.03593212926067,29.233740175095075,21.774268654122046
106.77480420805225,123.88910787529412,29.230720371003034,22.067917162055167
106.02371877906398,123.3907627287127,29.121128473282695,22.258726077369555
105.02955559146034,123.00774544779895,29.494804237465203,22.21743533368465
104.815082503311,123.44636156013084,29.923750413763887,22.15255057941387
105.08190535192135,122.73643054937361,30.207917935294283,21.936786163426135
105.00549607587602,121.9515484987105,30.360736487384933,21.869370713518794
105.14209595596695,123.0929857523557,30.087536727203094,22.04589429665019
104.81176642094891,122.41998467308346,29.92964232215407,21.75478950502451
105.57517910765125,121.93765752029401,30.025574514693208,21.9080650276315
105.32544340343524,122.00666577958215,29.709694816390368,21.77004850905521
105.19949879193685,122.26127574208766,29.153293487073903,22.069119136357426
105.69415876500538,121.9153040649679,28.96869474120274,21.956341290331
106.50353371077439,122.73817029354693,28.95007691054957,21.910740894057803
106.03878647551075,122.7098542936544,29.08053377952815,21.96737289384284
105.32035848268903,122.4320033345351,28.91348866466881,21.721124261830088
107.41653305391752,122.75282109770255,28.69804874047612,21.874870579148048
106.53795840337014,123.61098894992828,28.865978601133772,21.74775431513367
107.584347072347,124.05119834741805,29.15848194308821,21.6624290801235
106.85471244615081,123.29515508662716,29.02145152026837,21.578215926493066
106.06778920379294,123.8109568396796,29.00592418122162,21.341299332269408
105.7119426158869,124.16455387606564,28.927047934619917,21.42467468191114
106.25099817574721,123.41738467132613,28.639673777313316,21.337539166562102
106.66898663390221,122.95442802603887,28.588636559012393,21.47851275912752
106.31065016389125,122.66231423894709,28.51884060642107,21.276271440697837
106.35176710110625,123.16213654279322,28.43660673199109,21.058725429623486
106.37701572889779,122.81159688770997,28.38610947640801,20.982518592501012
106.08182554031961,122.74262000776748,28.201219821401697,21.12047235238598
106.40084837882276,122.80859035397617,28.337890078400008,20.988531659968594
105.68158994078185,122.35246303628223,28.227135940814975,21.126150788523052
105.70244845679167,122.85538684738817,28.18541890879532,20.89550646120684
105.69092443491604,122.50031102659887,28.208466952546583,20.83486450686467
105.7019582963738,122.42539866398947,28.18639922963106,20.984689232083465
106.34877243590977,122.3707400656688,28.4373083948152,21.094006428724803
105.91084963021747,123.2064339030012,28.5352793365226,20.978368093414424
106.01114064204197,122.57374844066962,28.334697312873594,20.68880146494104
105.65579675431532,123.75059605287422,28.275712474038244,20.644124083397863
106.14902895227338,122.51450419338043,28.057292041969532,20.8121759108432
106.08789829751322,123.34335647054816,28.179553351489844,20.689432550641317
106.03438617027003,123.0669780172511,28.286577605976248,20.474862310970238
105.75204790319665,123.39302206937458,28.08582491291184,20.588203433934435
106.17638085292988,122.94722633164716,28.001402310187874,20.71555161264683
105.7743101936593,122.498714503101,28.04049545847157,20.847527099481706
106.754917414491,123.72677059918692,28.38269301938897,20.694826909890665
106.47013491940373,123.36201857792793,28.181757965223255,20.653830908068368
106.8929306287842,122.92283995299587,28.102943248666996,20.76541145572783
107.75860360738277,122.60049261557889,27.906414449848146,20.642697551372656
107.04153685728048,123.35158584748962,27.815726674155403,20.665332363448492
107.52110115006117,123.00833189656615,27.61800051835301,20.590437835536406
106.69248500020221,124.23382890870089,27.760895404979802,20.410949930903637
106.53412118468717,124.27214931439765,27.3212220733059,20.33430911951009
108.10192771813564,123.78363721351516,27.179455450935325,20.56287171014351
107.02851953561913,123.80363250615139,27.076150605193586,20.522881124871052
107.27296717385346,123.42278032958053,27.335068224495124,20.53677258224255
107.72518288193632,124.1198192103244,27.18262121452902,20.646663633154077
106.9670266562902,123.49861734126593,27.196019950821512,20.38615365627125
106.9474399232085,123.1423634025327,27.235193416984902,20.351256960072384
106.57969787810033,123.8806039123077,27.22324747728175,20.36963600036139
106.53642803956367,123.69711602544302,27.309787154355067,19.989062893698886
108.1693808922299,122.99640269814665,27.75703131909404,19.90522960026307
107.55838838209533,124.21547116931828,27.482943925505765,19.711201278705918
107.21823031034697,123.18631525079068,27.422568797986415,19.54743930271282
108.65545796833727,124.69764751205844,27.496439226011397,19.473100524182925
107.62982277016417,123.63624352969163,27.336784844956718,19.38498371151563
108.3971375117401,123.54490625113775,27.268369276730226,19.567658268623394
108.10512336303057,124.50715042609134,27.11731896346602,19.8484057507661
108.47606972425942,123.76430428446542,27.112826033012695,19.859298450009206
107.72996623573115,123.70322091998422,27.130012468613074,19.981465178971597
108.4271204353826,123.20023476596059,27.215253509184187,20.24766276708184
107.24393344632075,123.57565130533051,27.345333581374632,20.242260990319757
109.14416442553826,123.96420311760971,27.28147643964321,20.212478329102062
108.83968454946067,124.64194210611915,27.14457393205467,20.34872487157062
110.52109289768227,124.15172057888482,26.765794401636747,20.583158634532964
110.25209433044313,125.63046840451557,26.559729610007665,20.60191068770098
109.39066729951799,125.3375065660228,26.80014377832538,20.446614417920216
109.57392464394827,124.65046265223249,27.175988742933754,20.335982938562918
109.82103754650014,124.27822257562251,27.428042034483337,20.334183995129628
110.84306902360204,125.76383293890015,27.634231483424433,20.36329980610087
109.71554482297326,124.9709443994094,27.62819390988779,20.441686235219542
109.74491978314533,124.51882502754583,27.56944398954362,20.591036899884447
109.78275188974047,124.04224255148517,27.49377977635335,20.787762182120176
109.58650873267041,124.3694870527003,27.886266090493464,20.891776691795783
109.57070846457677,123.49383989696682,27.917866626680773,21.11070848102588
110.29982106032284,122.70636713683899,28.000123125486184,21.14517231098398
110.81387950183014,123.42951589735067,27.744063420509875,21.242989146037267
110.59418064803238,122.68689000734044,28.18346112810542,21.18874206442424
110.29872816881641,123.93794908197688,27.998804246165534,21.0133094362668
111.41530180157037,123.08417517918018,28.07530281758507,21.181093350575242
111.33953103455832,122.7422930120131,28.226844351609163,21.09106825260686
111.5708718671529,123.08993456642362,28.538787638481622,21.17041009584748
111.86594813480404,122.66508855124556,28.729304130248572,21.239433099134317
111.0508910160593,122.2471541564778,28.790026038522164,21.29060572406187
111.46590375045523,122.9545250602884,28.746458169475677,21.448779115931412
110.94282543192759,122.11717898950707,29.00422993761828,21.546701519668723
111.73297177502528,124.10611264252124,29.011755278495265,21.538379281321312
110.93139588210933,123.43331775930517,29.027132684027084,21.296194667453403
112.96810987370625,124.25409092577988,28.90446448250071,21.234952247170963
112.61213571670356,123.43212571128741,28.829128434283835,21.304313951711357
111.88792041152249,123.73760850637717,28.703005887411166,21.48062494014924
112.64944214523142,125.40090591916513,28.756451629656734,21.30700853390021
112.63773154571231,124.53547936337539,28.779872828694938,21.465429889860864
113.433046475055,124.92178059183999,28.767574505921022,21.48199320088741
113.03517218729806,124.5286681098041,28.774073418581718,21.478968502106
113.67048637816023,126.191745424512,29.082043167676044,21.310010134327477
113.65965891136882,125.78775886626791,29.10369810125885,21.326770754632008
112.83815148223822,124.94576747422006,29.163080376262084,21.427120955469746
113.1923885517439,125.95846174885963,29.24897029016177,21.784824564923785
114.36238103936137,125.44380693526,29.31357506540327,22.012604275297576
114.8011047118334,125.91808779134833,29.24236705172695,21.87028189438869
115.09384431922783,124.20814134556718,29.45971562059991,22.07886365130362
113.77151744218352,123.8473540258134,29.67572609366976,21.99089053047161
118.2750886951741,123.77511590930062,29.593921099145582,22.135366763497167
113.31653707645697,122.36559096812441,29.760847287774695,22.516872383648284
116.54756748403148,124.17602337483076,29.869129352773328,23.00247187032782
116.00710017077049,123.52425967923111,30.119197707774667,22.64426671848588
116.22191471065456,122.3162514146969,30.51840213200749,22.57378273555151
117.17675868279512,123.1534892807479,30.276222029998713,22.566814845721836
118.55276183336744,122.6775640551007,30.014086099564167,22.688708506779555
117.46068315625403,122.25544956211407,29.71436782281873,22.704978949095413
118.84100292007987,122.3207106612254,29.42469155769206,22.574456750872745
117.13203220312505,122.00113421661746,29.574209581503176,22.396503787563965
118.62555782343712,123.28113285187635,29.853089090090783,22.285954578955003
119.1711997511997,123.28473816592117,29.580727780150678,22.278743950865348
118.70709512378573,124.20465812826797,29.694278858951307,22.06822037822644
119.74146960736327,123.35879422703134,29.251415461329454,22.134062611166467
120.1156338884714,122.68875448517956,29.31036410784975,21.859587677396956
120.61063644876191,124.07438965468785,29.927734093481664,21.499379997699734
121.650610946992,124.15919879173121,30.269241409644785,21.329761723613018
121.0735363872017,125.09203457762692,30.613862277036347,21.0831466561997
120.25061160244582,125.06285047698545,30.63839189719887,21.141514857482623
120.10482859955525,124.44757735234226,30.117962296273838,21.560065500062848
121.99529617818334,123.59035894174835,30.39219047301003,21.65243698765375
121.85168886416888,124.91347959526854,30.679405101038945,21.456314424318908
121.74623177628806,123.59824063671093,30.89031927680059,21.63334192219179
121.73860758965309,123.66475146266305,30.90556765007053,21.50032027028756
121.49258710833608,124.09465082095525,30.575648497378584,21.462481669029096
124.72216451873086,123.75539483046589,30.647297282785935,21.324643199233215
124.44383374534112,123.63719440824511,30.388801619803857,21.56104404367477
124.68259108096119,123.68189634618648,30.72643647796704,21.471640167792025
124.90985274610006,123.83852308783864,31.090693634741218,21.158386684487713
125.3248313273196,122.31093677074198,31.07983149906785,20.93717921161831
125.7299972365069,123.16912734907395,31.084762822754787,20.851324339077422
127.96163225891809,122.42903899493331,31.50496592780382,20.703676664068198
126.40099202235218,123.17804611809447,31.355155973771254,20.841207631328082
127.4030129073109,123.23527172054276,31.804545380242438,20.7267564264315
127.81746680874858,122.99254166685351,31.79829073408071,20.389563377096387
127.36604166639955,124.11286711862118,31.884209345999743,20.599707491897966
129.55284493575513,122.66301004898028,32.440973086179724,20.21250811191895
129.83446053564745,122.71202265314199,32.70132106104774,20.114482903595544
129.57490444199718,123.0842408638528,32.39461422090496,20.195865509617278
130.39784882993226,122.75928292765387,32.393940675543114,20.02317376676101
129.96554082305337,122.84356608397684,32.43885766925026,19.85460745411507
130.43171526745112,123.35505851807744,32.32404484661804,19.64915865207718
129.95666344197735,124.25684224275678,32.461780420450026,19.47032735694958
130.1117547981218,124.28075139106569,32.15159770816116,19.42250906033175
134.22908143666137,123.81086672036292,31.976769511167646,19.556295893728702
134.8106079381831,123.85699895838503,31.61934642669899,19.464031417684488
133.60620463074363,123.93946081954047,31.631906874127424,19.299107695373603
135.73897055163536,123.13251579264299,31.34718939791037,19.320672002942015
136.13465879896168,122.74581185713575,31.34809273659341,19.301800040620844
138.8998605863358,121.01394715906338,30.569546448957247,19.597624578690898
142.77983177483472,119.47623726520496,30.662566921746127,19.531859226493054
137.93011883886672,119.51279632594303,30.934917491387974,19.458741105016912
144.52841951291228,118.1175085257929,30.353348147627077,19.883998204505286
145.1136440150976,117.95279294332472,29.96973187422926,20.21342936944162
143.7062005253341,117.04783459781328,29.638445409415553,20.450259338294178
143.63384080937476,116.5312269565453,28.997691193301673,20.698000972797505
144.0596582570115,117.0727623892336,28.146056298028185,21.17468199353519
143.89264641638312,116.30812913758268,27.705317607478307,21.154423753223746
144.78479319871332,116.27262110782752,27.45645171032703,21.22543981273408
144.10485645197295,116.20050460711482,27.286180404727347,21.36967281415946
144.63786103203793,116.34130850621486,26.984987618016135,21.85288138937817
143.78415173982137,117.10634851142301,27.156330319853826,21.858877261557307
145.34679740642295,117.8517073655229,27.114099658176954,21.90968988912063
146.15428118970007,117.0772260973238,27.041011705059372,21.916772812082186
145.57189039217891,116.89485905182593,26.665928841954887,22.281506903077897
146.0277951805136,117.11501240167486,26.524171545248837,22.611252483343407
145.8346984538671,117.03104388482217,26.910364998541844,22.779189517048792
146.07005192959468,116.53333546803272,27.221494312551656,22.210933819697768
145.29378344341757,116.890039873095,27.996568255342527,21.497525009573202
147.83350636624155,117.10163993265157,28.361392232321514,21.074324890460073
151.15823590127735,117.20760643832593,27.92311623005687,20.862391879111367
153.6278013419386,117.27311959860299,27.581554150383734,20.731365558557243
151.34562015911447,117.64716684236653,27.59240241941268,20.742190087133366
150.9887446968991,118.11856989879188,27.54689217657284,20.558645141553285
149.2403317981746,117.7275060758348,28.02145199103241,20.585206291720077
153.4148637299224,116.94983181303729,27.304552285805393,20.61412198566137
150.75869755680904,118.21369428241235,27.347398562302736,20.34474821965245
153.06925013022317,117.80465800171079,27.22047747952688,20.41379010371347
151.18258406811424,118.94662637056243,27.252665349387556,20.374539918624507
153.84662990744945,117.41899462625248,27.161111531792933,20.437496058058223
153.20537966400084,117.45033527887814,26.948187142516765,20.374814752806913
151.57890489294863,118.24699953331506,27.227358407545342,20.268375382471003
152.76473291329097,120.34588757735533,27.093565842445756,20.54632624556066
154.85171129282006,120.3133003994588,26.661914916086555,20.61150060135371
153.71062404514245,119.90438424529296,26.715277494496988,20.686395604037145
153.3491430484508,122.16598515975069,26.693267417241294,20.633026198955545
152.310790399785,122.5460299726164,26.53867237536247,20.616703352960954
153.81412256326468,123.97170404657183,26.496563683807807,20.729910840454757
152.51249307920568,124.5573922512707,26.13047624394438,21.04320763504775
149.90893999637635,123.22933095944467,26.88671090183518,20.73208254685454
147.56292794873528,123.62848339887921,27.837061349214842,20.68211239756596
153.2820989817206,125.09053714643358,27.828744006243213,20.80601149525695
152.67006570444428,124.70936232660003,27.525004833586536,20.804458271319398
152.09420925566323,124.37611360592234,27.917465695482292,20.711703677008426
155.6546034234864,124.1121199935172,27.670058004354168,20.475981941316682
151.76705048293763,123.41001618322277,27.88430045370069,20.368016875555348
150.39483208188292,122.15272563789756,27.59845423981271,20.609885704207734
151.59058337320937,121.63156202881193,27.47852024458175,20.895023393238354
151.32363812784808,119.81947920487384,27.252388461860665,20.719077673896116
151.93168247574962,118.31316802180766,26.790002350981787,20.716889700331713
152.01899071315077,119.47795285678772,26.615385876179538,20.627150601014794
151.64786253270958,118.22876555478146,26.61516096078279,20.89808137619014
150.4985384054767,118.9737637030567,26.67315526870408,20.90185437733594
149.2954549259542,118.16294512896637,26.83582231596847,21.027824917662844
147.78171809182814,118.15047922442287,26.85381756934765,21.052756726749855
147.34620968649085,121.11863471570175,26.971784198017936,21.14084720022641
147.6704442737324,120.96842660163821,27.079601893132967,21.44126342835346
146.3231111122891,122.04502427808046,27.485816431280664,21.57651986020783
146.1326746305381,120.72986816362942,27.09545651958839,21.89313346352695
142.61058057272962,120.33977184717804,27.206174472968236,21.902940522847828
146.2387983329152,121.34297593250524,26.89993247459698,22.213263526193398
143.75501253729323,124.30121181621347,26.459617084747048,22.477234022884293
144.1599125109015,125.47858184329007,26.419837996282656,22.43255654498757
142.31203904130192,125.82183650983978,26.272144158219007,22.514735367340666
142.47521567016673,123.35130997640904,25.9457909004894,22.84942372611685
141.03943024059456,124.50260881371332,25.74519496184622,22.85095114984894
142.0547216331552,125.96865704819301,25.244520672778705,22.97867167299719
139.9142010079276,125.91903500467717,24.970297443441865,23.077915760028866
139.32583124007425,126.54332823702507,24.634000889237207,23.342365385244424
138.21028479996968,126.6914659381971,24.59869915457549,23.046089982900362
137.61965250264964,127.40251677571273,24.279539676020246,23.124412381064456
134.9664280177027,127.87054269561119,24.360744014077646,22.934824060101278
135.72048205771392,127.26294022473607,24.342090862846995,22.660574073059713
134.12788764435936,128.72601343371423,24.56695560657687,22.6947517380826
134.16353459357302,128.36632957820433,24.49566170814957,22.66998660098049
132.2386954860032,128.05503596152215,24.632204961498196,22.549946841986614
130.06965517456845,129.53606536574205,24.51321501337445,22.559268414208972
130.4453867399165,130.3250276681556,24.50289115767294,22.463622359370934
127.78479905569296,129.363774009995,24.647875829701842,22.167762234370073
127.28197532710331,128.42472715326164,24.91652782523102,21.834869562886546
127.63199011078181,128.81988355010657,24.952340765313103,21.78039927663574
125.50816496891763,129.5744401451198,24.786842635061383,21.742335557935956
123.81987903556916,130.84790217162603,24.50166092522501,22.12481436615019
124.58041578941533,130.32857438347602,24.448660723569738,22.42943328943162
123.4266613909314,130.4137965491492,24.541970116232953,22.258988958085276
122.33117715203122,130.84354862777627,24.522527428337078,22.136288522729906
120.62679249874695,129.2835368897677,24.258575574279835,22.31813507024647
118.61623339010013,129.7112178656719,24.61303202628867,22.19610547149502
118.56809673102018,129.03705450032788,24.709305344448595,22.070620058699422
117.4510359791782,128.63736243070773,24.73423077538345,22.133605507023415
115.14319843336304,128.9260812999253,24.923153610467992,22.293959811345847
113.24682814417483,128.17700100159098,24.999452482032048,22.30554372528958
111.45429024131967,127.60708850437722,24.86123570156349,22.7007102024813
112.04090107585462,127.6627881666464,25.185641637241712,22.58931087794295
110.50920849258713,128.24328240490104,25.24069218629942,22.932489710172252
109.59858515629352,130.29311728341943,25.545108770223138,22.62489517479427
108.4259036495343,127.53675982471087,25.615769272561156,22.829970899457102
107.48444947944401,127.94116296938235,25.973458340414933,22.783774246277535
106.16484081914588,128.47784474636273,26.310416980097038,22.477830252621487
105.60119671773366,128.55580007539652,26.669979216852234,22.32191959455389
103.39236761313757,127.81733716629931,26.463041668144754,22.257313493448425
101.92178574122387,128.49351237214836,26.338066691987247,22.4380324417428
100.16670627453198,128.67279483494593,26.010658402595848,22.8469809607027
97.46347955597078,127.44476659549773,26.03405391511916,22.996012614770898
99.06576515853332,127.3588128622968,25.91650823308362,23.16792008117276
97.57374016192246,127.31940952959556,25.80983788589508,23.246726746575238
94.86723107378101,128.03091885191495,25.816891424310523,23.36826942704149
92.4097268038556,128.0281047712243,26.085923196547377,23.37389758842276
91.24820269131685,130.3579550841093,26.07316533844762,23.38580912900732
90.26990203218702,129.1822457818655,26.472578660119844,23.401445738613823
86.40267696692776,128.05450753431307,26.35657531173549,23.301786190047757
86.15043000335328,128.88744091198754,26.86106923888446,23.199222304032155
80.86209569812434,129.6710918166849,27.19603119164521,23.207567672744684
80.01325472469517,127.09725960645933,27.307441256339743,23.596416446704414
79.49200630421977,128.20713023532358,27.548835285775223,23.779983623521826
79.4999283173165,127.31661323811892,27.53299125958176,23.945451761242794
79.33715961265544,127.05491756658587,27.048336834007017,24.468843104308892
