143.5,125.5,30,54
141.87142039378384,123.75018416368765,29.63862570807621,53.88109816826861
141.34191007675042,122.47127709798463,29.396300452556538,53.83622052050161
140.7255552025206,122.4496006939799,29.332465565115786,53.87957332851106
142.19696152365304,123.05464988964744,28.981838854544044,53.96556790302259
141.61413996118128,124.25568243816895,28.85612173302886,54.14622329889699
141.6449219650739,124.33476502820025,28.79455772524366,53.98805811883439
142.40157052746568,125.0428277699895,28.56974249643188,53.8604145312277
142.3965353993738,124.95356054523945,28.579812752615673,54.03894898072779
141.73940549346906,125.51124560343337,28.608525933227543,54.20912549553754
141.73641800382447,124.1538785701026,28.614500912516732,54.34677406289583
141.76892616704572,124.79072279297287,28.549484586074243,54.36375528019835
141.71823104006938,124.19570925385824,28.650874840026944,54.263980007158466
141.13022977882318,124.06507519730305,28.536800644188638,54.52524812026885
143.47038322220658,123.20707490645768,29.024326500414688,54.949290516211356
142.06161879027815,123.17611716388907,29.228717837713724,55.011206001348576
141.21225005386253,123.89610301921681,29.616467810682295,54.88222179055572
139.63211915802393,122.00586924080174,30.14526436398075,56.03122410900707
138.59563437426883,121.194038505846,30.87651768842069,57.65488557891857
138.20989923919416,122.32856649336162,31.647987958570027,59.520305809966814
138.1645861831904,121.50464911515864,31.738614070577505,61.16814056637278
140.64050339122218,122.68606866645622,32.56530416134221,63.13919484389882
139.78190209312066,122.9145240936759,32.79470024651407,64.17009050049066
138.53839685568855,123.21262412384198,33.77482349127808,65.08077767025873
138.73718406290203,121.81457260368893,34.91439039909167,66.33973938832423
137.69876705655128,122.65158368609161,35.415987411772875,67.8161912235595
135.45262900309493,120.29181349308412,36.69714151673482,69.32460960762367
135.7491680008827,120.4046919506477,37.75381348524669,70.7486026565839
134.5708086803568,122.2426724415496,38.421699081300154,72.13914080977483
136.277924553885,119.83101605140007,40.1697322456207,73.52094364915592
136.0764344749357,121.53732569677962,40.5727124035193,75.42144613161088
134.93428614644392,121.4231983158433,41.051056814779066,77.45565313920727
138.21078999081462,120.97553953673555,41.874455762945345,78.35097069742275
136.15792427776753,122.96918096275651,42.237384095604185,79.97789248553383
135.04648183032816,115.14752340047696,42.55869908869949,82.3102182976088
134.74919404803393,117.0437007429208,43.15327465328795,84.34197039606255
133.28560339143218,115.98827950055203,44.09902375267691,84.4713806669856
133.31505769155208,116.85995731404532,44.040115152437146,84.7276447627856
132.54282913155515,117.62332822432067,43.58220110521191,83.20090294223488
131.92858740272368,120.5116020424017,42.838621947259114,81.3684805373042
131.56090338341326,121.29697339689339,41.64164383779296,79.79773782832083
130.22475171180267,120.957652690806,40.53657882897601,78.58769506447655
130.73683812141846,121.41647837260022,39.512406009744424,77.6700437008881
129.0942587235806,121.54214629677871,39.15602530793704,75.59793810378957
125.37040028127251,123.85466436493891,39.46685138960078,72.75712466820727
126.67348270902636,121.37249331486709,38.60844562675639,70.7304303976976
129.76599167551956,121.52954145346793,37.533010147248625,70.41633412049592
129.82962046578595,122.1692181168664,37.4057525667158,69.13698079369898
133.1162129697053,123.53364364575637,37.46909112226998,68.06726062676722
135.6820897905266,122.50529672023455,37.27063892916402,66.83508684545308
139.88633850743207,121.45720770648684,36.97638559102596,65.68556723467933
143.12825067897353,119.60418679301408,36.895927676200444,64.58908424043179
148.9120995342783,122.67450430346773,36.41093457965988,63.19817976841119
149.48410577491308,126.4297354841994,35.266922098390324,61.905326327443504
146.9172178941068,128.62887967928194,34.33738432916955,60.53869470269505
145.15065714010342,129.0242063281666,33.431108417187914,59.748041404925715
144.28798476710185,129.13359350699184,32.251087104733635,59.52926704727526
143.6612927757032,129.5860078732779,32.0751597054829,58.624438314703134
140.34011823944388,133.23850593939045,31.652712516020685,58.384238444458916
139.0380250584648,136.6066672814041,31.45250935858327,58.65888955892072
137.7178734828075,136.36245088998749,31.287183696672106,59.14732234175392
138.50393057230332,136.73370082552498,31.122238134767887,59.81199108776633
139.8634253540225,136.8933855214383,31.231457985818103,60.90672640318397
139.63648815082973,136.17918556020976,31.68533239220362,62.33512632564107
140.04308787589613,132.19809680937678,32.33296928722489,64.45395844669082
139.97323950494152,128.08358184642935,32.472666029134146,66.6706976914253
139.20039676200992,127.12626034089834,32.480434668487106,68.5853407024873
137.10927673217986,124.33765372665377,33.530692558514325,69.46458067652709
134.57501344985974,122.69192755313162,35.40501281892034,71.15892987145429
135.50652229944774,119.28055527821147,36.850774324484725,71.36411601181373
138.21773909208636,110.24002133958872,38.15779572048421,70.93918269054822
140.08526252768326,101.69562722914519,39.51843474069099,71.04235127343341
139.85720645036793,92.82792449251187,39.97454689532163,73.26778368216539
138.26185609840763,84.36639825552315,41.401277170126946,76.07907272322058
137.68361610518443,79.96831181654782,42.55775715657338,79.38577553266833
135.03109225714354,71.45136727907345,44.066105093025726,81.23286556909947
130.51225814187427,71.865490463825,45.298215157472,82.35600874111944
118.77640031760984,72.51970565037416,46.8907854496165,81.04757836802109
109.3694499411673,82.84689146392299,47.733975342923124,80.36066325156617
93.20180773448479,105.7878535731829,50.05706875042841,78.49661917497394
92.12706861741361,120.47488374004638,50.19450260947998,79.30322446760852
92.0608845674545,130.03077527081433,50.32687070939823,80.45557356841435
92.82547770684376,140.9614939110375,52.88939918450572,79.05271005739802
101.9424858424027,156.40908051561823,53.26369853157717,79.17139621188547
118.32037753288266,164.10018642344082,53.71737555465032,78.31832332300472
129.33261272856342,166.78401634572398,54.46576220427209,77.09118294043539
140.72874013787046,169.43048513523354,54.378485629411884,75.926423223917
142.94322330794006,170.79419974828184,54.039558164091034,75.24401343522953
153.45395768070657,169.34437779624534,53.309129877039254,74.0854492476063
156.6195578970854,167.6297424444718,50.97699498441962,73.51565441101533
156.51806887056722,160.09330563145446,49.2275078596244,74.92127179222905
156.47088794128643,146.10094250684688,47.37726665150794,75.68155510795143
151.2044881402002,141.6318718982676,46.35960864566506,74.99431498509723
149.6156219976107,136.16741299260136,45.741864322478534,72.63906466715055
144.05762445910045,130.31406716730288,45.74467472550556,71.38037419808839
134.77038512139617,123.40800370432117,45.98504934172023,70.52521787669673
125.58709325542434,123.68857803700058,46.105591493623,69.96406921133791
117.73696455363918,115.0703485559091,45.44214665422129,70.83682593054887
114.14518707393515,120.88229341569581,45.344842620163035,70.1342247011749
108.11242867719717,121.09762381106519,42.94586026121968,69.70356391043615
107.31795698093958,125.9451032715157,41.01190190673513,68.81585935703447
111.65825426915751,129.97428596182215,39.19394376320828,67.62013040933061
116.70985945208866,128.9706284916646,37.42649925124623,66.29313900808563
122.68309698473298,131.0021647291827,36.80243926977866,65.46504227128399
127.7411956554272,131.63931892478064,36.25395916769148,64.19073388008816
134.38694558056892,131.16945326899784,35.493947964349715,63.56402911078602
139.83546004242646,128.62430992229918,35.406534911014646,62.47739244968053
143.97885683754498,126.54326650821355,34.75309314277183,62.059468184655245
147.92276203029644,124.85494775291612,34.41213252508001,62.4173657881257
151.04394549905277,117.90664807511959,34.20514715171214,61.22551123335688
151.1730664078414,116.2818469811046,33.94690533413492,60.01198765948351
150.12588758894344,116.29062831911592,33.1105333340702,59.99442498346085
150.5261337214655,114.31927268780092,32.310041069026084,59.58456078001656
146.91347114438508,113.29865120461263,32.379690925797405,58.76353362743735
139.50003262362017,113.11783434046855,33.00444467157023,57.704955026149804
136.16223586269456,115.48391238369257,32.60407665027853,57.21837586558752
135.1150692580181,117.04729025437634,31.89603766901795,56.893992314833405
133.14195414790507,120.116648027013,31.689233852062465,56.29265548580221
132.01230629112484,124.62332792186233,31.204667328939205,56.88281352449646
131.36693551391306,129.0365277761711,31.12301853684547,56.29075589498278
131.68397210587295,132.54980576396827,30.488945352925644,57.43773641687186
133.2921090333298,130.67603726619745,31.377621134348495,57.08032377607699
135.54782833026522,125.29171045944133,32.37921755849999,56.82290735354455
136.40624140618735,124.52800799248251,32.053901370845324,56.95880232327259
136.5559025781549,122.95591750927294,31.754579026910214,57.327002791734145
135.2075668939612,121.67052454916066,31.674583311052572,57.12112162771365
133.70821590030965,122.45367579047024,31.90542898083226,56.93874730385619
131.51699451603648,117.89159029510576,32.132372694854396,56.36675383402862
132.45166311837505,117.3150928536873,31.643597167898264,54.758625361423526
132.1616621004007,116.18144891596145,30.87516230054381,54.329039430268935
132.4911339076876,116.927618562096,30.216218685969967,54.16572902743264
132.0840309201399,116.25435636161882,29.715023882401884,54.196852649723496
134.017321752728,115.4242057228782,31.077685300648234,53.24253238549349
136.45846507706705,115.1939323976178,31.46083167479538,52.38672078030798
134.33858255091948,114.8811469324871,31.77025750573383,51.70217863678387
131.0873857175984,111.45197855960869,31.747031357677812,50.72977160490287
129.45176266069632,112.92246347605793,31.147623008783714,50.369238080469955
129.5442825539621,114.04389405124162,30.9625832222522,49.40115367257918
128.9898498115028,114.81717082541107,30.814233435980142,49.11181539543088
127.60476427429003,115.91290827147837,31.083594715505978,48.170745400746135
124.97254830712536,117.44284082918963,31.384719686588106,47.5925337669472
128.41076081343124,119.05954882867611,31.931322674203294,46.83346043471656
124.04737415221842,120.80295676665158,32.014302058833906,47.0511276749635
120.1691762461833,120.2448704365916,32.333801695835966,46.92781763923878
126.6013463257261,120.64921157983939,31.898597738795047,47.36204897294769
129.32210045587266,118.79422551073652,31.426074532720975,47.34528232048913
126.22081448857928,120.82921835178394,30.223779228600826,48.21187479753224
128.9965034489321,112.99173980163421,30.807699233090098,47.935057292324956
129.26657252432307,113.80224055228464,31.500249260843773,47.54674396955973
134.6058858876161,113.49080476520191,31.96727361764529,46.93120986779321
131.20111479681125,126.34081170130814,32.59233362520357,45.969124691786284
127.20399439801653,123.89632765317273,33.190395261454974,44.69461015360866
123.4130345917496,118.59440229477835,34.6563851617146,43.06660144584895
116.50154556463153,117.00206097922462,35.035258994881595,42.584710198483016
112.60301156632688,110.61147924552812,35.50683431816489,41.935803764778406
112.58625892427285,108.24748197894715,35.540339602272944,41.78972610920552
116.20478240678784,108.84721037430353,35.60410301508618,41.80707104813327
116.3695935410424,110.52384670201731,35.274480746577055,42.108082732457405
124.37877907893352,118.31998190720685,35.082758596271006,42.34246124755447
124.83354223657668,111.37644791125635,34.173232280984685,44.04998819336277
126.9959733863698,110.28266482317815,33.53658322529411,45.00814995488725
129.40806093896913,110.6642829667966,33.64689778648886,45.47853608424868
124.50735883223099,109.30291060622577,33.50764365382806,45.71611621885608
130.626031641234,120.42761363541523,33.70939131752181,45.85707806753672
135.28805227841335,119.18573689610707,34.38022273864285,45.842113372283094
136.40412244034215,121.47183555432812,34.66831453587942,46.310380298029365
126.8238128552009,116.98201830594469,34.74959377148312,46.3863228252795
128.60071731878816,124.07789165399419,35.0191089245295,46.21343108999053
124.18533978077498,126.60211044795511,34.91637799837944,46.26984264616954
125.47188252239117,129.7588814002379,34.89408030103667,46.33327020632792
127.22630688712896,132.4440401555338,35.213218752097795,46.06693560311837
127.76673268512151,133.65394245469037,35.40951335436673,46.20142340131343
126.08726281957038,134.70312778965584,34.92125514569802,46.667851357896495
125.57829683865093,134.54266838365035,34.65765272302949,46.98877016990746
122.41919488628753,134.3432125460317,34.565361125744445,47.38768184514477
122.26633019147184,136.61184702433417,34.871090515375855,46.710344539231784
123.52967049782835,138.78243915268303,34.90713068109178,47.494601839391976
125.35942055279575,141.52117257561676,35.129253910420545,47.192632779209326
129.94606530841963,139.89593610564998,35.00642641038084,47.85725943022627
133.71997726960154,137.8391990241399,35.26466772170047,48.067700976404744
137.02552167124813,137.88110112707022,35.19579352807311,47.983896770544085
142.15674901376036,135.87607965174362,35.381662583910554,48.075818318374075
146.42343521778741,138.81444613995706,34.71119834069296,48.75150881264432
147.17674519530834,140.83780090328705,34.51429407058252,48.63394634077855
145.70185298882825,136.43366654060233,34.85469310642338,48.30936624623031
145.0196076837217,139.00746671368574,34.9138054847531,48.38327882759708
146.50485047949724,139.98173897062378,35.865731519010666,47.74220485565719
148.05465138497036,138.99592875897517,36.70613547472986,47.08715476784407
149.8088486527894,139.58130327098488,37.148876752064176,47.23345101481542
149.59667442915298,138.17622267796725,37.573225199336996,47.39065026452043
152.63385237031076,136.36063446941438,38.17776370164412,47.01449005085257
153.88202659355963,139.96377697867578,38.36102473071754,47.847033459043224
155.82906167233776,134.36526299337726,38.5336073481259,48.19965402973459
160.99196149545347,135.02415067680397,39.11785517321374,48.24563459679601
162.33194491395986,141.27655064714656,39.18573712294215,49.4800785898169
168.74769386075764,136.50005850273777,38.899855066075446,50.669318987482
170.8688024186157,137.06854501795564,38.88010961909052,50.93983651328998
173.76458554000104,133.90506790243376,38.733728686416065,51.621605434237594
180.11277455557456,139.47418283457546,38.811009216540775,51.83773873552909
187.90930523197346,133.63619372781994,38.88029239878564,52.12292092355453
227.97874975170856,95.42266737840662,38.78349370307296,52.79585240418205
229.7405982079486,95.36565098101666,38.135732308937435,54.34785295813425
229.8963517162614,92.62612404032203,37.82422529231185,55.47441906991867
230.0363681384903,92.15089433012862,37.54419244785402,56.424878490305474
230.0366900489885,94.20683228446202,37.543548626857614,56.730026332502916
230.04278138169062,92.36971474959395,37.531365961453375,57.45042824165601
230.17506923880362,91.95277301391488,37.26679024722741,58.284311713014134
230.11575742983803,89.62018054319341,37.385413865158554,58.462655820791994
232.18168827012155,87.4174280583165,37.754352517763344,58.36736045737396
222.23578363731698,99.60185211247095,38.081148260817535,58.07852899220953
203.9716067324261,114.81699994460539,38.46269303688154,57.77057418937211
186.57500726166825,115.61080806066988,38.57558278288945,57.6907974874826
182.82968707365393,93.61240036827913,38.523644284570175,57.94065540104631
179.11247967838437,82.21779755579459,38.40101126351987,58.058717591247174
179.1255942471475,73.16288385461381,38.37478212599363,58.03481355292991
177.54137656864563,66.57462789356306,38.52251992583715,57.61818646781051
137.16850664320873,62.73693771920627,39.421523761203055,56.25431368269301
132.43799372216213,57.09936004170625,39.87735912707495,55.52254840273137
131.54936030566282,58.47985874519883,40.15732441143981,54.25885254437999
126.38544402606038,57.15884006973137,40.10613657397629,53.93545549626683
122.22128444880484,53.08638641909264,39.572688344893855,54.69555664454968
132.1707115581301,80.00221321224367,38.910660316976205,55.61486990879503
151.04175973687933,51.9352014433577,39.72055275087379,55.40367905914204
142.20206991963502,43.26702259028638,39.484882684850845,56.31790787314911
153.5818847090132,26.50958227227631,39.26833232503199,56.76960565472754
139.72283635918149,34.73819288912739,39.87631903505691,56.87967385913784
127.5741358118897,38.40738102813514,41.4063752705127,55.61258954355641
126.68235440881408,41.155033082653894,43.18993807666394,54.68855756508195
134.1856120899001,46.36035537451586,43.57074470806684,55.04903837686047
133.9518280243203,51.93081812091688,44.038312839226464,54.761160645322796
133.72030224807204,54.828981641821315,44.501364391722994,53.62564756348085
135.94420732708437,58.301271197605885,44.68446301623644,52.8556134952959
135.1968867221675,59.166731280679755,44.644388092149995,52.65940946306836
135.2339858613231,58.45077991524233,44.57018981383879,52.56026909539058
137.57315402612005,66.86630367995937,44.476810877708424,52.540732008656164
137.58759846062094,59.30384931072139,44.44792200870663,52.40048730184606
137.644030346743,57.84060576429491,44.335058236462565,52.27920279701916
138.45051890400964,64.80113486646498,44.242279156746385,52.0399269060334
137.73817482392212,58.800284657312,44.151955746026914,51.92153475718335
136.26179276786388,58.88069648969155,44.08125792209919,51.760711092424245
136.33933735123964,59.09157480576404,43.92616875534769,51.338954460279275
134.86208576569177,59.201120283749034,43.88246735021005,51.119863504309286
134.9536508918207,59.36236101939525,43.69933709795219,50.79738203301684
134.2692475996511,60.2443576371896,43.58105627879545,50.52047620092411
133.5546025714944,59.5752410258758,43.52944014325703,50.37780323169988
134.374382255332,67.79973268179728,43.36775154540069,50.18539838786386
134.41673638073718,61.247302835460786,43.28304329459033,50.03956160127973
134.45538591228265,61.444606423222375,43.20574423149935,49.64495442575655
131.70840215878928,61.84700844083905,42.854366110683216,48.840150390523206
132.55853941504773,61.347508716198014,42.59733033456,48.39591110341159
132.01459708820724,60.92474516055249,42.25297813629803,47.809201362759694
131.35057270625802,61.292260085133925,42.16339978745301,47.07417151359682
129.34913306939683,60.71438931853755,41.95192702620597,46.825129035133116
130.27959003332006,60.27149892060219,41.48855029411469,46.313372635248626
126.40948582285347,59.49045156509475,40.935646074939754,46.493281906245485
127.34790256826656,58.94099312756962,40.434950477279,46.216060888130286
124.76472048547552,57.608571660593356,40.1460210662782,46.15325703379136
123.54239386084237,56.783730238032135,39.87423361340057,46.44471952784184
123.62782444812734,57.325116916852366,39.70337243883062,46.720314884932016
123.64113715663083,57.922990879525784,39.67674702182366,46.884447946991834
124.3731122080162,60.527646713027096,39.57478340525975,47.12308222481647
124.39361459899281,58.31212438385239,39.533778623306524,47.462047600581705
125.07812491299059,59.16194884526966,39.53334795646587,47.130988638902075
125.81478771702601,57.032869975811465,39.42350326727136,47.298703621189325
127.8734438701278,59.67211275333201,39.39907763308229,47.47740029550094
129.25541692277127,57.604043791214906,39.36843957377513,47.51357615076551
131.25539527468925,58.93292961557513,39.46863309182578,47.58923798330282
131.92396546473407,57.49290312972643,39.50099090172248,47.73029457502751
131.88962985451326,60.11235529116964,39.56966212216409,47.98015803189848
133.98250302260297,58.688990311920165,39.51535361019758,48.07259610758887
133.90396111672436,57.2274185569311,39.672437421954754,48.240357469561125
133.88911177749546,59.86131665688266,39.7021361004126,48.50379622467305
134.6009114462507,57.05740468336657,39.66587659476193,48.5622608442659
135.30321995518932,59.74102780110982,39.64891208065094,48.74562462384433
133.22269254103196,58.2713344118379,39.639379149221185,48.904619562558565
132.50945769063023,56.80540175807714,39.6733649702544,49.05151711053957
133.86806157411252,58.88164198628393,39.74673633716082,49.084905354932474
133.1622361181504,56.04507662979228,39.76139747223629,49.17007696052057
133.8621369572302,58.82890117062299,39.76013061388753,49.19656715810275
133.18791537068367,58.802359231312316,39.70965278396481,49.2496510367241
134.58642255097223,60.896359870631386,39.710475527585174,49.25840541438217
134.59887686282195,60.354621911735194,39.68556690388576,48.942815096644814
135.30390443632342,64.5609546614003,39.66932962064334,48.89305677987795
135.9694418018545,65.37845587304187,39.73104581989135,48.65084528690493
135.94311604367556,66.23766408566297,39.783697336249205,48.322496457548326
138.10464722535252,72.80686324580533,39.618242418756196,47.65692047484637
140.09321296134036,74.41342941587624,39.75997210434292,47.18969557307949
141.45883395741814,73.84951054940261,39.76480173544441,46.94949749439823
142.05035008880176,77.79090163038903,39.94617666104417,45.888751274260414
141.32114587874023,79.60546549939778,40.05366405693426,44.961465584708776
142.66852304594914,78.44303994226846,40.03543593413836,44.609790487345485
142.62661450559608,84.61830729550951,40.11925301484453,44.251836590867306
141.24338024515149,80.2695662444855,40.22916142451295,43.65135830364274
141.25652867791595,78.90178551063069,40.20286455898401,43.74556338198218
142.48323720814292,76.30912113985904,40.39290380491082,43.64397951076393
142.34658575810727,74.91722231798906,40.666206704982116,43.78144139590976
141.4706509938461,75.020640466192,41.088418250307654,43.57460509950386
142.0205686523506,71.799909343346,41.321715166187595,43.3504061807515
143.23880620078256,72.54075095892813,41.55188716721706,43.20204649853393
142.39674746911334,68.62309391435592,41.901360260559755,43.02949436770371
144.27610154389114,68.10292037863314,42.15504493711352,42.73237716377945
147.5743276829551,64.78439004076166,42.24260299630647,42.6854275022016
143.5166244721135,64.1736293317912,42.333340893820704,42.569504166114385
144.1874346287122,64.15059082673976,42.32877196561216,42.61558117621726
144.84531291153823,64.04384462258474,42.35071984236332,42.82907358452731
140.02746315371505,66.63953190189696,42.5965578866424,43.003334152398466
143.3870253171233,68.48921340342336,42.617563513391616,43.34804912148507
144.0314189596433,63.62163833938151,42.68255318467164,43.606760555328194
144.7118189154632,66.23628480888684,42.68062061764832,43.81293699478363
146.08457563073924,65.98210722407254,42.65925536506681,44.321292164412235
144.73894542384187,66.49183093457357,42.61109601085721,44.67155462741235
146.15924606444094,68.33885090884696,42.51936308677056,45.10081721453283
147.60078889708006,68.07774414002724,42.39566869639379,45.6230307521723
144.8315612099962,66.5784916595596,42.390570931370476,45.84975914351205
145.56703606286445,64.95293318663761,42.30896575483927,46.32218703094546
146.9670966568394,64.19906308104952,42.299661418124614,46.43451881650402
148.356117302705,64.15753124420301,42.31563878233001,46.51758249019701
145.5558505105136,64.1028964553102,42.32194414481625,46.62685206798264
147.63640445165072,64.71379777712988,42.361911018429595,46.80540767630578
150.46060058118084,63.94348975686866,42.32861388795173,46.942249934682614
151.12832891734016,63.868486235657166,42.39852814469776,47.092256977105606
148.28130351067165,65.24840574666685,42.45730292770454,47.15005597025138
149.67520882447758,65.22250907540509,42.49080359436619,47.201849312774904
151.74247586178157,64.48921639177499,42.592256150257136,47.256439136535434
154.54953264193546,64.45996177541431,42.63599610679043,47.31494836925679
152.40451706990223,63.034331806075315,42.677813879225326,47.33406606018041
154.49525573092518,63.018327362916324,42.747443650797216,47.3660749464984
150.9138108734935,62.28937366769589,42.817111033180545,47.40533787044326
154.41367440330336,62.200705499946565,42.919216857877096,47.58267420594192
141.6271488289066,72.87897486649221,42.84670472046917,47.597438211351836
128.1844103124557,71.45706862269435,42.67948954877354,47.59359888793731
126.13816197598699,67.88679111992681,42.50869594640144,47.628670101289906
127.68458478269683,62.89908912234097,42.253677283468534,47.67167976975794
127.7348839999945,62.159020898393564,42.1530788488732,47.736311596200174
128.5241908690978,60.6879357834364,41.989363245954266,47.84868555553916
129.31917413313042,59.939776552974,41.8134166750337,47.93098405931933
130.81950492657708,55.679269334940656,41.63770812416914,47.977139387299694
130.17294454511384,57.80868526126295,41.52045451124826,47.94943066219718
130.96777114216374,53.59606609081943,41.338866218101295,47.926279597367156
129.63934740788275,57.13258684751574,41.186127560697685,47.877203398888504
131.86031963390306,52.21974764278012,40.94892989201309,47.89180598052901
128.5383046387126,56.47002300413274,40.60296877916037,47.779244581704084
123.76226137866837,55.08080604706757,40.42016656782134,47.776281715426585
124.52723640757186,54.35444201642673,40.27792866543112,47.841297621291524
123.89371311472242,53.54288202284766,40.158549387076825,48.0779917443965
123.2572162650829,52.13897090892533,40.04339115371592,48.10951010696136
122.61276884251498,52.03722098813799,39.94550497163708,48.31300994853604
121.94431333181763,52.56787504347127,39.894080605106524,48.640037225794785
121.30448870484992,52.3414302197754,39.78119357069921,49.09292687318653
120.6166306392076,53.6228968641601,39.759239107678674,49.3253347730275
120.62141823062632,54.2459985727915,39.749663924841244,49.48001446889991
120.63176023728352,54.18366484373941,39.72897991152682,49.6046819270041
119.93613030541782,55.47192618394771,39.715561201370036,49.837516394363874
119.95450476428321,55.414974686758974,39.67881228363925,49.95141938874134
119.96083127325383,56.04562971573586,39.66615926569801,50.09928951153516
118.56622115099333,57.37800857501364,39.63289936160065,50.257011941597995
118.58156644202352,55.222055578995125,39.6022087795403,50.32957231037662
118.5849770155347,56.55817971032998,39.595387632517905,50.48477882322174
118.5927417279574,56.47529494348977,39.579858207672515,50.65054835690217
118.59460056552332,57.094871752240735,39.57614053254067,50.8296696797727
120.73002901704274,60.60595617039984,39.56814370631908,50.91226763814983
122.17188056211499,62.03686998795811,39.52861228264319,50.89461166950195
123.6049850868082,63.458662976019525,39.50474849706312,50.89337095718548
125.75146118895542,66.40936777020791,39.474092102967944,50.67502244907439
128.59486752961612,68.60829201700275,39.454994913697035,50.527960574522545
129.31423150742833,70.07787090944417,39.430636552866,50.41754197922652
131.4327105335581,75.12224981093905,39.43053278288824,50.21477750156079
129.30602286819683,75.18310110318168,39.456364969281374,50.09307491707552
130.71160101568256,77.38517251967046,39.460684939503864,49.91214648188886
127.18719475531927,76.84773785532164,39.48430664014939,49.58197764657029
127.19175273309591,75.58481563411917,39.4751906845961,49.30709549632299
127.89046080289972,74.9696082160428,39.47377582722278,49.14150905024144
127.13814595052933,70.91267664413456,39.58496701867322,48.894741114315735
127.11436644750724,66.86814919386293,39.63252602471741,48.635086350082176
127.07311822879585,66.39774973521723,39.71502246214018,48.18765275714781
126.92981092483049,64.63843902488553,40.0016370700709,47.55821740659019
123.81730500652931,63.94194027607117,40.71620493154389,46.19599291665422
122.9790715257983,62.78933714601402,41.024656149079235,45.765167688915234
126.17464843141939,63.846994012503636,41.464797739996776,45.01611303636794
123.29275828156744,62.11514850013293,41.7821100315751,44.39495305501516
126.42977723409969,61.75145789636188,42.29288787572923,43.76537111271354
128.37864397756516,61.99782741896933,42.46075011796873,43.272632067498634
127.04122816264531,62.751334009680555,42.43534801141707,43.11573575427185
129.01439710441073,64.25627824695869,42.53076165729925,42.800348299324284
129.07748569995996,63.70268520981253,42.40458446620078,42.56373904301194
127.81543909890455,63.76433445893356,42.25251117240444,42.44044054476987
129.84973534442508,62.466245759080806,42.185158032139974,42.369125043957666
129.99536615366532,62.525753202690964,41.89389641365946,42.25011015673734
130.69813139715055,62.61358906533205,41.813465423879116,42.07443843145517
126.79216306348333,60.02533287863621,41.698995568038036,41.96667978939654
127.28758604897513,60.26381064786294,42.02571760181114,41.489724250943084
129.22996339573382,60.993726434268794,42.0865540196956,41.34508971526531
131.37508226014208,59.67420820904273,41.73792983648418,41.35638380198071
133.46190785697837,62.29619216877069,41.489983901582505,41.34668956088603
131.30494474032974,63.11819398785252,41.89036797056973,41.007199977492384
131.46625790546716,63.792230887559285,41.56774164029494,40.96458116722794
132.80522473507924,63.85764256130594,41.48923386471064,40.833757819734636
134.26774158669326,65.141809881659,41.15702974570419,40.858252763250164
131.01682371923846,66.44080169008072,41.20097993294376,40.84342336547472
133.13050857184658,67.69569487607087,40.849714567037886,40.917706553034655
130.46691833676195,65.16891167923784,41.02619178977985,40.82056969927344
132.36918112534016,67.16232420585416,41.08843929529079,40.70051772870822
133.68009206678119,63.26681623112523,41.042640311203286,40.76346498178251
133.62848333210846,62.64782232279389,41.145857780548745,40.71316955116872
131.65196673206924,61.9858761915886,41.231548865127024,40.74794777507923
138.78501695983798,61.90394652086789,41.166559282850685,40.911807116520656
136.89288006887318,62.46102502514276,41.07311963661292,41.09022125069336
138.8740875091316,62.439853394698865,40.992437375420245,41.13256451158115
136.32907889513746,63.02484043454011,40.909228020717755,41.25589707757138
135.10958480079867,62.97198036347977,40.76034401204411,41.36161721969206
137.11539112791127,64.2725047656769,40.6284830555999,41.34706954715179
133.78218810645342,63.709367288370636,40.84018317567332,41.18240331719586
135.72346958358548,63.690924951101294,40.83269461574508,41.21928799173454
132.57973796607817,65.02842117642598,40.659389746459546,41.12860278280523
133.09444681942045,59.98040955800565,40.91796662320066,40.92066935224086
134.51923742596713,61.89546024014378,40.64598024362806,40.956960238245735
131.30299133713305,58.632509140037996,40.65305570138739,41.05744571854847
131.99901812544138,57.859658987765044,40.54777773502027,41.31637041284488
132.66058525438027,58.3779611072433,40.51382845569833,41.56895115244426
130.69613465481274,57.58031117995667,40.56488315610915,41.87163550744279
126.8487415020887,64.52969385372572,40.470636766577066,42.252763434034996
128.64949175970855,58.33545587746454,40.77710165162386,42.91734318569784
129.99912002253075,60.01621587352374,40.71367514968471,43.50956822913726
126.68522479795911,59.21085762776463,40.71062772910989,43.794117146711855
128.70027428974737,59.811964684226965,40.67221439327406,43.922464916367396
124.06264732625354,59.762900188456534,40.62379153831022,44.020593907908264
124.7822180179493,59.67002924315338,40.51736424003131,44.20633579851458
124.8677123605419,59.575276842267385,40.346375554846134,44.39584060028656
124.2916239932257,60.845160652727174,40.16441017304948,44.52435721222514
125.06282866538028,62.809825723391185,39.95524028365988,44.59474543565588
127.11837910369191,59.48826627451629,39.837123194052175,44.58289135504646
124.53985809900543,62.19545646624054,39.67847012575309,44.48420604927001
124.61844239833744,58.96571871209431,39.52130152708906,44.31940062009487
125.30927807853358,62.94948427133946,39.45941554406798,44.270581765831736
125.34250347577795,64.92541195713655,39.39296474957926,44.27284137139478
124.71566017204215,61.64723266440181,39.329640007389884,44.24414320855939
126.02808829950081,61.01091416878573,39.33589087454162,44.20122663875703
121.41905151191983,60.362761968282825,39.34905380932786,44.18254380542346
124.02806881039145,56.42402560839557,39.39064941930704,44.170571214814395
122.73983243642752,60.34645592463649,39.33634939155541,44.2180289093709
124.69221330221902,61.63318326704216,39.37735391508739,44.275085061302846
122.73154188704461,60.23536053169109,39.34830681335098,44.43713724394816
123.35627974660964,62.79316675633655,39.417678345541084,44.59691379993783
124.64844379090616,60.080519260034784,39.47822182273381,44.732465660969766
120.67461119215945,64.6671599804551,39.472844658372914,44.83773364229254
122.00418787682989,63.949171065963064,39.4677982139067,44.946658008839265
125.28027825939239,65.81637593105489,39.55892408892727,45.19823226274298
126.60815678182367,66.42878192044434,39.57120616290981,45.30743984338665
127.90710136313406,65.7132751975304,39.645133510311865,45.40254503420311
128.53706869064885,69.04614421050087,39.72376492085288,45.42963733611515
131.8898064029154,74.3972279143857,39.71951762052924,45.44943492708069
127.15786030079855,69.02241919874442,39.80001979587912,45.475178039638834
125.06333445415487,70.40119721940826,39.96255304398438,45.401967628432516
125.61856356905315,73.12470795593784,40.19573552027187,45.329508979709466
131.58327989717742,73.22876309762931,40.38253026793737,45.12139869632651
127.4163970053228,71.30494085727263,40.6402873133204,44.931038807876774
123.30222604608613,71.37574751107701,40.78569112257013,44.78942550026802
123.92106982781006,68.70348820419753,40.895274401323114,44.74486074522362
114.43842139124772,68.04126310828869,40.98405110412109,44.720988067732264
116.36997229710792,69.44387440380711,41.16904390828829,44.61449522062052
123.05424971873393,69.53690951240372,41.30698344127201,44.428425003427286
121.02340833381064,68.86923556499374,41.318845660861825,44.41383271482835
123.04739048206118,68.76617402324536,41.320584243426396,44.61995579832511
124.40851442111318,67.35898765823487,41.30462629211104,44.728038601557415
121.7352781020264,69.83146546038829,41.23279120412162,45.20139072341359
123.77327826393025,69.05678452469738,41.239219311510666,45.38994311772984
125.83989295828391,67.54875403228677,41.19753162172105,45.678309636605924
127.24444072466301,65.37934965236295,41.12377304735797,45.914112958860834
127.88676301436072,64.34734978369158,41.20928474790384,46.60795641626231
129.9326187035701,63.45080621092617,41.26445896580468,47.018748363019924
128.50725048357918,62.587819052016435,41.336098968538565,47.3551744622154
130.5574955222264,63.10476366776209,41.42333477137151,47.7171938574332
