298.5,160.5,48,80
295.26065881837434,159.2527193610895,47.478868366506376,79.49462327890603
296.258423150206,164.85026442990426,47.4669676162062,78.21767270809195
298.41941264342455,169.16749988106017,47.07382769497758,77.44087993619718
298.5731265865982,171.1045506862306,46.766399808630226,77.45923465442905
301.7507543306089,175.1505820092264,46.23511601582882,77.13246760206407
302.99934112953036,176.18207132621603,45.66544609069886,76.99699264079783
305.79258523821534,180.44876670022114,45.82657767973298,76.12709496799295
308.53000471316847,178.7027644621504,46.068697379212566,75.80779367787714
309.0906272164939,182.71722200941082,46.852428910266724,75.39878473417653
309.7023397468006,182.77024800967294,47.541053260119654,75.29273273365226
309.620494838602,183.10973643136685,47.70474307651688,74.61375589026443
309.3822777964848,183.18812082013704,48.181177160751155,74.45698711272404
309.59505331156754,182.15340707120993,47.75562613058566,74.60621903667808
308.6961917743331,181.80636292231748,47.63802452924304,75.30030733446296
304.68755480685104,181.02565650885123,47.96031768150336,76.86172016139544
301.5443958114987,182.46229021469375,48.3891836655753,77.89342075413231
297.200561490496,185.00646462264618,49.17650674152097,78.73033111277225
295.7895689569434,184.45340222841975,49.9976982382364,79.83645590122511
293.15895589676984,184.07495665834278,51.19674782854237,80.59334704137905
290.7069886257626,182.8818956062305,51.97570935094181,80.91698263579609
288.3732080511999,183.7128387926391,52.482562106588354,81.3354504597183
285.19415754529405,181.5213100369592,52.555398170784386,81.52833133933426
281.8866001775917,182.71336256493004,52.87292848575885,81.24342109020266
278.61836014515603,187.32985667432212,53.10874403098345,80.41131889761417
276.2783645994429,188.3887474643766,53.605416516358765,80.3851966205307
279.22285084841644,188.40208004093552,54.015021885620484,80.35853146741282
282.96227205874067,187.65543047183604,54.959891269676206,79.74590265443581
289.00868931836715,191.59222988729005,55.54118281793292,80.32172120186766
299.273869000924,187.7301074061485,56.31739788203528,77.39267894954274
310.54526279283084,188.5418060665749,56.86494352270831,75.76928162868995
322.0406284091428,202.3986254696487,56.79180151400615,77.22348365298814
326.6995835847107,213.33375654000247,55.891235829564806,78.50091934569022
335.33347813289276,218.1284990597037,55.49473353183512,79.45598855543429
335.2826983799757,223.37425995166117,55.59629303766919,79.5485504907039
330.90792101747894,227.67604456491583,55.86627904344291,79.42454998341445
326.3481648251984,234.67246175240965,56.495896836804754,80.28903114302541
311.64340689189993,230.53128720489497,58.00831203585288,77.84172613515135
297.4467841423757,218.36723322950223,58.663937097085466,76.5658767587221
285.47077033259615,218.59103209499767,59.24170046274888,76.1182790277312
270.6110947862808,223.15504558530134,59.175951550661864,75.50028061990038
262.0167077953984,223.28497158914377,57.31184355832092,77.35741549822727
251.891944398214,215.68993852139295,56.412430631227096,77.74322382870511
241.9497440537533,211.1170464848407,55.23682626948571,78.46500588154447
235.10694460678593,200.99823629885353,54.23935253678896,79.82439001927834
232.6569337760683,193.67543205763388,52.83455490614317,81.86035991755554
233.8584062916505,182.4558213625087,52.540440981993456,83.21127023765939
236.91422650020203,178.78742048040414,52.80121323438091,84.17565933237805
244.4128010055756,174.15858078598598,52.80452638947655,84.86164605501844
255.11090381438876,173.2415033088432,52.94058546569801,84.5425745399192
267.90470721475333,172.35118449816213,53.16188592700339,84.17246988944507
280.7127027448581,173.47494842022653,53.33290484862934,84.0738595438026
292.29525853365755,171.33529051883886,53.82115019363972,84.05256499701258
304.9399956606944,172.70462650158603,54.42949184715446,83.47204435715066
316.67825859025965,173.72952563423416,54.70860875124797,83.58184997942018
328.51393300664495,171.2398123314654,54.86219456204391,84.22947028612747
341.7417921428396,171.79473682635344,54.544636606049494,85.29780132271765
355.21725122938255,170.7661283511436,53.86039364769744,87.35501827313732
369.74498422744887,173.1402992571709,53.511144676538464,89.23118808223045
384.35824598208353,176.81708467925193,53.27781403094004,90.79859965765942
398.99910404271105,182.04821344686823,53.24093547436405,91.58435657038035
410.09147897201365,189.56617818385087,53.66259904682922,92.37291649816436
421.22494484147046,196.62494259917037,54.19050071512706,91.93228771185227
425.36396551969904,210.31063412270012,55.03996378485517,91.94341794334848
419.2539790101436,211.72087215666897,55.77799955642433,91.41932932491909
407.11357165171836,211.81182487378115,57.04864039840431,91.23742389069473
394.02357892938016,214.40283139436565,57.71253222657006,90.69470059798218
382.5604624293896,211.7390756220987,57.41228677662852,91.37691645253155
364.295693157444,210.50427022173875,56.69662894268572,91.51870247963679
350.27645813358697,208.39420195608022,56.91983015108585,91.10296087106812
339.90953425488874,207.37085733287404,56.81439268400368,90.83417398142731
328.329660883984,207.00209019818305,56.877213530227976,89.2620156612508
316.962744397752,203.96149716278796,56.7387015943235,88.48149825953047
304.3091580667041,189.33995464188484,57.04031284671851,85.89932332535372
295.8402203784098,188.6301600484814,56.062036467140544,85.07939354263983
288.4771475872433,190.0457411511146,55.311707056118266,84.45915633642417
281.6019579378339,191.2623899091455,53.738260089778315,84.21497685824221
279.0920881425294,189.0424290749183,52.2804073827041,84.33650366157448
276.5636093147663,186.8281888175492,50.927596265526184,84.49180499451002
272.8807630639135,185.6635727987727,49.82869029270188,84.70488741343053
270.25216070107257,183.13136909437725,48.783597225855345,85.56776296053582
267.6379829454997,181.9278911117251,47.72440106078231,85.8788683671005
265.02810984052957,179.51972042055883,46.69686060426053,86.53035197179176
263.19283557897705,179.59895931102756,46.21843029723084,86.37187419085424
260.0836100954371,181.81642796456055,46.2449998615703,86.06485781894868
257.99470939096426,181.02369671557602,46.30301351294087,85.5904264381302
257.31858102096794,180.4025973373147,45.60137407663433,84.77872901835366
257.4362887240223,181.7940844703385,45.36595867052562,84.02567876090524
256.34698210222507,179.86240575419214,45.529774380600166,83.85944112615832
251.27909479273677,177.89992884094698,45.5897994890345,83.75409514843165
251.32778702453572,178.05475972044698,45.49241502543656,83.44443338943164
250.54545934873335,178.7463794472666,47.057070377041356,82.06119393579242
250.7878103384528,177.21329253654739,48.58695984806807,81.0981848562994
247.55416262518384,177.4759691736335,48.97572061258282,80.57283158212717
246.33042066267848,174.61270099722623,49.39829713488484,80.22464572681568
245.87870978376097,176.26752322011868,50.30171889271987,78.94182502197202
242.6354876008082,175.5768959883201,50.719764656475995,78.30027995151936
245.13158815877597,176.3757232638427,51.7880806003749,76.70262540047416
243.75756051165752,181.2015477540586,52.522192442231,75.1067502295655
242.73186389831918,180.662071038732,52.57156353753095,74.18368152884192
242.6392293734145,183.3245512239262,52.7568325873403,72.83647830488616
242.53512301261875,182.94677447440134,52.96504530893181,71.62051400416124
241.5904681145767,185.9986869391003,52.897884485263006,71.38610093402187
240.58182036958627,184.00375979308564,52.96337327840676,71.47234183237694
240.34385932057376,187.13827956502627,53.439295376431815,71.06587405943228
240.06224774247588,185.14625324805766,54.002518532627555,71.13834097360517
241.8454552608176,184.05694096031425,54.3682990575456,71.3508677682913
245.02815964185766,184.82364092533408,53.92881539213396,71.79277620380783
241.82649930183646,180.9182072007809,52.43267775818754,73.67904991742256
245.57189809594837,178.8936391952925,50.87873853967653,75.74923313849504
248.4351115778922,178.23684737296134,49.12131639806375,77.0628167831574
251.23421558094034,176.49657524252467,47.472977602440245,78.56842643879436
257.29956821045914,181.12929248912445,47.16074072394366,79.15171559604556
261.68403164308415,179.49820741651584,46.284448476382906,80.44072708684045
264.6899183610903,179.1164238270769,46.205075046638065,79.22682759696256
266.9456959470623,177.689309501956,45.60975523711744,80.12293856599261
269.14765061461543,176.26788106977446,45.128455205288745,81.0044907787169
271.0629554590429,175.15844796061776,45.23015737156397,81.25720106946525
273.0360296481152,174.6749894748057,45.22725631705735,82.22411804108935
275.8452332805974,173.55232435562317,45.56641382912159,82.48359335377816
276.4407308562369,172.72931471268382,46.37089280574035,82.13413851175928
276.91249030562045,171.17295188317223,47.431386908521304,81.23883816768628
276.62112024703436,170.1496356376735,48.01412702569348,81.27672970759807
275.32430612251596,169.21620777031686,48.58859444266325,81.1244246102443
274.9730392075679,167.26846086422347,49.29112827255934,80.96672603501861
274.9268363169655,168.07273165271513,49.38353405376421,81.39426990066043
272.7225155014688,165.88095848433073,49.7041538732963,81.68979442596793
273.6114973165063,163.70413288813336,49.9800015965113,81.9358229117825
272.4251499958505,159.4811028984305,50.29057638095149,82.13340346370292
267.13071851285315,156.3866273197057,50.527992477879835,82.11148649971267
269.06898399144484,151.67062313945482,50.7993689091495,83.24768008330831
268.03055484178367,147.3490900327269,50.78076901623325,83.50891352780951
269.0928635643315,144.1380743442223,50.755189668508464,83.63383061270586
270.3350595346736,141.96650344333955,50.37126622021994,83.77603542968018
270.4380134777039,140.00317324129603,50.165358334159244,83.51046113053066
271.45543852027737,140.26580973899848,50.21920135922669,82.98518813512571
271.45328891807947,139.06798013943018,50.22350056362247,83.29906675484058
274.5928092813869,139.24063755451118,50.20403987255557,82.95375192467853
275.51905655066855,137.99459260920213,50.43260235867814,83.36478479061087
278.49225295289756,140.07612849086163,50.75929469676588,83.38376978898907
279.39563315704993,137.77548060088196,51.04934625234735,83.79144164117606
281.3316419698681,138.66289205208858,51.392865390115816,84.12438712046517
279.6179252830201,138.8895061400995,50.583277781657046,83.67115894444333
279.471307736061,139.3493597505702,50.87651287557527,82.75145172350197
277.4051130325552,139.66731553560228,50.83018890708324,82.11554015343778
275.34679160321446,141.05354664864393,50.78865077317655,81.42216842364863
272.16210453619107,139.47491202227198,50.95390249935811,82.51139687377082
268.79275346466534,141.57896183314605,51.43137752934223,82.4774486607343
265.7349442597999,139.90516864926087,51.26324558767202,83.73045157803764
264.7800778878762,139.33797397734475,51.062520686051954,84.86484092186984
264.0436581542282,141.13389685665254,50.41138335714612,85.52094875565804
264.38346318539845,142.8409164061977,49.73177329480552,86.35239068209141
262.56017436473974,145.67214125995412,49.13121080434176,87.06065117225036
260.43582959690826,149.91365206921554,49.13218445474122,87.07306132425452
259.3948507848426,152.9916106694774,49.090083957919525,87.28931848658995
259.45665792217596,156.3861968956625,48.96646968325284,86.87976891817094
261.2972760621133,160.5226783575074,49.52199196504556,87.08032311781609
264.2949563630354,160.77489470029707,49.91900969965771,86.57589043223673
269.0605305106379,165.42874778968684,51.03815568579637,85.78841967853204
273.96333795175894,173.2940713796225,51.919067404407414,85.01890973985525
281.25867941094646,177.2797342381248,52.31325812883557,83.4696727269091
288.1893696995086,184.48217876532254,53.32123747869285,81.80994932421214
293.85926302648295,185.6860157201063,54.67861600387184,79.40227541464463
303.9808747569262,183.6999709008753,55.46056020560684,77.0668147543202
319.00709801417827,201.63592917603356,54.52950843204963,76.55659181801063
330.49977384319124,207.6878782597288,54.1716963993586,76.79498799171196
337.69375096353747,206.52520661754482,54.16706372702406,77.06557105202874
345.2012516935274,202.7127531118715,53.56349048666553,78.51415168353765
351.6955004161236,194.16018427323644,52.99897538541015,79.05397956889168
355.0188419704839,184.02112842653247,52.5605810309319,80.70722499957277
353.06176894165765,174.43221461091778,52.300785716424976,81.10231645608536
350.0002066534542,164.53263970948313,52.15823083448606,82.104427883917
341.7422899922652,153.63062640610983,51.86459776500017,82.89662150083382
328.8033054800588,145.9059878094836,52.445242988654556,83.58912647697706
313.4493480282897,140.68249233783817,53.35847575521875,83.39515951420577
295.84906963758266,139.26333959054432,54.3098423926493,84.09289062479449
279.3094822881432,143.44687058979508,54.88525260042245,84.39349915725455
264.52103447258213,151.50396934374487,56.108825244988765,85.72750041031235
252.34736010611445,165.40741838855394,58.241831505349026,84.57781328778441
249.40346114337692,178.64242616946578,59.65053324524233,82.74282674666041
249.19182955050005,189.46062886032823,60.073796430996076,81.2217007174511
248.12406803486743,203.63601362534075,59.9904330542995,79.49756808296783
252.5942059584742,212.48705093272497,59.81529602693063,79.32577110788864
262.1061207060332,217.9850213885505,58.2779136498261,79.25885964499598
266.64128271165305,222.24432720943577,57.84608505956403,79.37874342420312
271.22662452698984,220.2853596798916,57.29283931280665,78.98795954133335
279.81211754954825,233.09829432023614,57.23661176328196,79.0342280040325
296.94417640653546,243.70488379814515,57.1984600491253,79.21227779810053
306.43795890398565,241.74897910264082,57.48165847327848,78.84169531820842
323.7342620692302,241.28597513154477,57.13266941716721,77.62747718075185
334.77246465209356,237.90423361943294,56.21688885466321,78.0427728240087
352.2547555240696,231.99334356854192,54.969576240836204,79.32790632262669
360.5499456784661,223.2115568366463,53.12263898675406,80.04183058103408
363.1764669491492,215.73813184971604,52.042273899593035,80.3843094651765
359.85013755889986,207.25004538890818,50.40100025368979,80.77261753398844
350.76627129044294,200.57977952409163,50.10220235237941,81.80212897147211
340.68105581804105,193.88738419517324,49.65080926560937,82.81382521036456
328.59265854577865,190.50544257494823,48.991813018970326,83.36876075302358
316.20754698693963,183.98325472717164,48.96081930819762,81.94575996531387
300.89875099829754,181.8515841975759,48.901991882355325,80.07381714388006
290.1473489241574,180.0094320059476,48.22626411964487,79.72566117968378
274.6188713813838,177.35984172351698,47.288534610737045,81.02550617023815
263.8415394870128,174.94570125020743,46.80847970132344,81.84747462628349
251.00450951600195,175.70195030577162,46.388872213663994,82.34218170205364
240.08931773891763,177.0111339114961,46.137890611661476,81.73121132298387
231.17622989210557,177.2236080285598,46.017274404015446,81.30626308885648
223.5823921066682,177.95623048186465,45.31896272850469,81.82676658804496
217.95377183795677,179.86755219150058,44.6868886191472,81.96722805103327
213.55896341258995,177.8073453737302,43.612337358635656,82.14197444207596
209.82599733927543,177.97793082323219,43.250242874650446,81.80080354307199
207.98777336808786,180.18840803928947,43.035145077318106,81.27139485066493
207.72306492249515,185.90517302051836,43.5645619685035,79.50932748320403
212.5916697835636,187.31194739226314,43.41432639369127,78.61317356917937
220.12756339959762,191.86225803473613,43.55535070820038,79.02055950084407
231.69494553897823,198.15319976477153,43.34086476992359,79.80883840605588
246.17552274118236,205.06516447806152,43.1495515840369,79.41083488145262
262.332558781993,205.26997568649324,43.28591324727957,79.00121246458917
272.66618950603555,213.94544144638363,45.48029940752631,76.89137935036297
288.1880755615104,201.13928499055538,46.92651137425981,75.74723478628037
296.89433867934605,209.52545895341208,48.69893327623072,74.32284537068078
306.643008416596,203.63228283352294,50.39656995786902,72.62148551109837
313.2236298192592,200.1353995864324,50.740931213211866,71.89776397061132
312.9732570530183,194.72998326339922,51.24167674569371,71.16387723632377
308.8917317240991,187.6224114561398,51.719714849674844,70.00899574312814
303.72803528521393,183.78076320946133,52.48925436939563,70.04600955004548
298.47989500743074,181.680861678972,53.36187983078163,70.3963505733519
292.269502356301,180.53334541416564,54.11669998712091,70.74705557864465
278.9329167366689,186.4390990137311,55.28395773966213,70.70750845030898
266.1011423475083,188.26142690924996,53.221943821914834,73.00404466557164
260.3778975506209,191.74079878608228,52.778241813822596,73.9720953131517
262.1086293448824,188.6965631316046,51.3058582847703,76.08240650316547
269.8918567819761,188.6861836590217,51.71224944697395,76.10316544833125
281.2047501736971,175.00945444555074,53.13035662246655,75.40541425651607
284.91206888910676,175.0240177952961,53.78200785026403,75.37628755702536
279.22041782782725,185.82154304427115,53.00409381181541,76.07680002092259
294.4704901143502,182.1605111034165,54.89811383447396,75.30032275370574
302.8810414935289,178.2717033865249,56.47360506024941,74.90167419454099
304.5216006137238,176.89352888116974,57.320101520403455,75.59421585497941
307.44697098042144,173.5841640575527,57.73392236282204,75.94838392639971
308.5179957655359,169.09206512779502,57.69221493822621,76.53121320338256
310.6653685687574,163.49633970750426,57.614555962649405,77.1799474667985
310.9546995215977,154.32915143031965,57.03589405696874,78.57712140866099
309.95927927114707,149.05505607399385,56.8978427668548,80.60974495725101
311.1308196860434,145.03247767613152,56.71217173562975,82.18267235727238
311.397304685286,140.5414868762777,56.17920173714471,84.63033434713569
312.6082306404544,143.00033937235665,55.963477541936925,86.33101250036528
313.8332487384531,146.77991241533718,55.741505383107196,87.68412256307464
313.9817039709517,157.7412343920691,55.4445949181101,88.20771534092844
313.22983394369646,166.0130925412235,54.700851374713935,87.39638422796591
312.3010584534551,175.70073646483596,54.33550900251231,85.80424320221556
309.33324429657625,184.92642131795327,53.69222458185882,84.8966407877441
305.01656726704437,196.84509680721703,53.65107006172526,84.91418840200916
299.9704436847667,217.248976583795,52.902314350020305,85.30223977864239
302.138354474158,232.5250940073817,52.88938449840636,85.01024702164977
302.11840028847814,244.27763017716228,52.92929286976609,85.23073727612949
307.4672287328713,241.04889747192584,53.03579220409187,85.20570895273514
305.221821733876,244.4057569016624,53.202116837480396,84.97872414016508
301.8389329936873,250.9934984233809,53.482963563769204,84.77310260490525
302.83054768515075,247.83505899401337,53.66301001260627,84.60015396834862
303.72498793995004,249.1337503075282,54.03783256959957,84.16647440791085
301.34242999455137,250.45347582183024,54.47599269752476,83.69050126074285
305.5501981655627,248.4216595371618,54.71508119103084,83.42682141231542
298.59108513959643,246.79552030923475,55.65120284813034,82.35173173655843
301.5088346672836,250.35010433551446,56.3049480983997,81.7318079896428
295.6028996106418,256.12833069449607,57.29398006285736,80.99819342050542
277.40980708560585,250.60311807790873,58.96309937853574,79.02971900328251
276.59841394335444,244.54007249312343,58.41852220748211,75.98426598395739
272.8608658799349,237.3638877699301,57.445397088125375,73.44019293795236
273.53132693965443,230.0054111433933,56.10447496868632,73.75577255904113
281.5581686963248,222.75035522137063,54.332995418799584,73.9836804396325
289.6664624418388,215.67311977012037,54.23482738763594,74.03453431475177
297.6648715097432,200.57313148503792,54.34972639181855,74.02504124743285
311.1782893570139,201.74076028044865,53.527056477244344,73.7054887166089
328.83990463348806,203.02106820032873,52.158820048579436,75.1395780679409
343.3478805616593,201.98220866728553,51.09409031822315,77.21729713402733
358.6565555126929,200.6292373817333,50.62906620218884,79.92323970513176
370.9644253672656,196.94204738902312,50.52886384368966,83.2116967987778
383.24246548697573,194.47298213281715,51.05721478717132,86.05945804594788
389.3199779420858,189.80250653884278,51.752129439516324,86.83378285885321
387.9172950077545,181.37359478303233,52.392592020242326,88.53728335491768
378.9031480541992,172.01736711689114,52.812532504575636,89.64138526442278
370.77421430781345,163.95610966804963,53.49857196647113,90.19207213122971
356.6255263590067,153.66279811640436,54.86406373589747,90.57978213838001
340.4678690022613,144.34841781491198,55.35564279325153,91.02355093785798
326.3578094660849,136.2482625218364,56.11962171824773,91.20777977138448
311.0771313414901,130.0987355285043,56.73408020695125,91.98879615786171
295.67117409547296,125.23468385205786,57.31341140130251,92.41456618839061
279.33584388267366,122.7531205564411,57.20074319704391,92.69436011821595
263.8833261627107,121.5450112599909,57.6344275361386,92.76662862643705
248.97808318274588,119.86016690856101,56.86487696755104,93.7840068271032
237.38922556476479,127.06948580534714,56.49713597675373,93.49264276958667
