144.5,63.5,57,89
141.54698243459688,62.2477528918545,57.33530632862124,88.2191298151985
141.45579590019122,63.543269510568976,57.51767939743256,87.90735641777894
141.36480766193625,63.6220366115556,57.699655873942504,87.7498222158057
141.36874880962392,63.69333495639734,57.69177357856714,87.60722552612222
141.39556894049832,63.747686731408194,57.638133316818355,87.4985219761005
140.19683400692452,62.7344429885901,57.76211217601529,87.251518453786
141.2687770522359,63.84621312952797,57.89006981426081,87.29982190077851
140.08785642192979,62.72732169455031,57.97721319929887,87.26290689515966
142.31277981721263,63.917651823410225,58.07855072840522,87.15783879727584
141.16645508873273,63.95245482689355,58.09550296454236,87.08823279030919
140.02145682410557,62.789262462141814,58.11056715665303,87.139685182669
142.2515859187053,63.980219186047535,58.202221654891964,87.03372807857676
141.12199680115302,63.9132333769288,58.18551416931932,87.16769969681422
141.20586474895947,63.87943620045686,58.017778273706405,87.23529404975811
141.2552166336367,63.81839719986617,57.919074504351954,87.35737205093949
141.2833497862966,63.82870525872169,57.862808199032145,87.33675593322845
140.09693513366852,62.7310949394735,57.96083803274492,87.25717710018144
141.21106162861446,63.809866481772815,58.00781881312703,87.37486778585676
141.2380543467904,63.83525289599426,57.95383337677514,87.32409495741388
141.27580855123,63.82530651348191,57.87832496789591,87.34398772243857
140.06649208394614,62.765650297982134,58.021791673178015,87.18813392415248
141.16864906769266,63.82755243055904,58.09268698153359,87.33953893484727
141.23172933106204,63.79008766682889,57.96652645479479,87.41446846230757
141.25360792876606,63.77614974533769,57.92276925938677,87.44234430528996
141.25311460544344,63.838569437078014,57.92375590603197,87.31750492180932
141.25443420653855,63.920690319257126,57.921116703841776,87.1532631574511
140.04071411268305,62.94990324222181,58.075545460683486,86.8218258806524
141.23457603812653,64.12320652430051,57.95841586122182,86.74581356792028
141.47788642457445,65.31560718092855,57.47179508832597,86.62851746397772
141.61976703336336,64.22449924170286,57.18803387074817,86.55308006595851
141.71787539715706,63.17078058083719,56.99181714316075,86.40871785924307
141.7221682085612,63.05732842984731,56.98323152035249,86.63562216122283
141.85279574466813,63.85375062565457,56.72197644813859,87.29240813254034
140.73019990476496,62.811128543594634,56.71203543857533,87.12251960729057
143.81767651829773,62.976703949860834,57.29433880870501,86.79136879475817
142.6162251845384,62.18793515529995,57.44009350703229,86.11175841468862
141.57150327113033,62.212378933067626,57.280179334878596,86.06287085915326
140.42521358702973,62.23427336743116,57.3267935092649,86.0190819904262
140.57029911852567,62.4324764456406,57.03662244627307,85.62267583400731
141.77161594205018,62.72396617070285,56.86928775395316,85.03969638388281
141.8993966681869,61.95053918848555,56.613726301679634,84.36279855098104
143.10812145877622,61.353289904552284,56.405601381643386,83.3479724577052
142.10146192115346,60.644009585429934,56.228325204323895,82.57593784338484
142.0321885472757,62.24708395622286,56.36687195207943,81.54581573041993
141.0111552470402,61.45292632023264,56.24615326931537,80.97134571916529
142.90051171555302,62.73783681735107,56.771675320085414,80.5536422188263
142.08415067574805,62.38379952578829,56.24991662087238,81.26171680195185
142.4343555702074,61.16830933848401,55.549506831953714,79.37957016923133
141.56706240463615,57.134880354995325,55.16752680594917,76.8635963504736
146.7618461283414,59.33606543646037,55.138960659887886,74.53342644781333
144.85309440995218,59.39789617465316,54.88373065418502,72.3733982501871
143.93208354249157,55.89415973021704,54.72644041501949,69.38431126862591
143.19757919828007,58.568624342922796,54.24435981026085,67.93756062957776
143.58498271067737,58.93080684968281,53.46955278546624,67.21319561605773
144.60966347166826,57.34054335451531,53.31762346276828,64.7014260085413
143.8373552054564,59.13777808940673,53.00583506350674,62.9633614704437
143.95623509538655,58.51413556012815,52.76807528364645,60.561441058846924
144.06861242639903,58.520960494499505,52.54332062162151,58.76412968722673
144.25484673974358,59.17099934417352,52.170851994932356,57.464051987878705
144.38509517401923,59.903144449807954,51.910355126381106,55.99976177660982
144.663288806569,60.38313514966924,51.353967861281554,55.03978037688725
144.02670717454166,60.93260022752402,50.95189040045087,53.9408502211777
144.24546561969115,60.60357711834537,50.51437351015188,52.94720992562404
146.10591794007757,60.14010123135447,50.05187618762949,52.2449580404806
146.3878563216348,60.36457420554042,49.48799942451501,51.79601209210869
146.69323206077374,60.55216898614657,48.87724794623716,51.4208225308964
146.84370767576036,61.02634618442069,48.5762967162639,50.47246813434816
146.00007491008014,60.84090810957302,48.70381063735869,49.28359267377783
146.86852445185136,61.24048345133232,48.51001351438133,48.48444199025924
146.914050433922,61.10142651861195,48.41896155024006,47.23508412874038
146.98062989351953,60.91894548767638,48.285802631045,46.093712110207086
147.09866410281438,61.31962808709428,48.049734212455306,45.2923469113713
147.14450730669054,61.71548821315963,47.95804780470297,44.50062665924059
147.15700059519438,62.05236382975761,47.933061227695326,43.82687542604463
147.138516333194,62.33224769414517,47.97002975169606,43.26710769726952
146.4554509064434,63.36600626755084,47.89983257005197,42.63591858560348
146.508100605945,62.21342773177743,47.79453317104874,42.090761125738375
147.2249590377731,63.843845287452176,47.775620094784706,41.65953358917314
146.7191432254366,63.22527416197967,47.37964767569723,41.489071796357734
146.68460630784574,63.41451856821922,47.44872151087893,41.11058298387863
146.7850841206298,63.527063077660486,47.24776588531088,40.8854939649961
146.74355424218302,63.64001824614559,47.33082564220438,40.6595836280259
146.78895972031575,63.69801402966131,47.24001468593895,40.54359206099445
146.71961419631782,64.43361794659721,47.37870573393477,40.453797303664906
145.88189357228265,63.671620849982766,47.67203312973369,40.59567764462237
146.41679203702816,65.1171261797425,47.99116169644565,40.482517977508884
144.87114207364766,65.18217439234019,48.29839901831882,40.35242155231349
143.96397433256138,65.20056579639044,48.71806129123287,40.31563874421301
144.6095717822658,65.87440978098809,48.8274100774593,40.36849446065298
143.76491248096846,65.30693022955042,49.11364879516682,40.10037367864115
144.24647039122578,65.25508094467713,49.553684527261375,40.20407224838772
144.16759326700117,65.11845402164198,49.71143877571065,40.477326094458036
143.47881106194126,64.2712252197042,49.67057001623989,40.75335052874299
144.18051331665464,64.88234381620252,49.689432143116775,40.95337997205005
144.79951255665492,64.87519637848668,49.87722113687685,40.967674847481724
144.04110522518621,65.62334753042613,49.96512862509452,40.900279718322615
144.00255211944565,64.84825239799554,50.04223483657561,41.021299938567836
144.00486215343034,64.07351486241595,50.037614768606275,41.13846379381883
143.93033184217526,65.48853943524539,50.186675391116395,41.176680466605156
144.58484470849572,63.907162689050054,50.31469250490133,41.46534826614405
143.76322819373723,64.66404044939476,50.51425115554582,41.39526712432715
143.60084139024025,65.3642006134539,50.83902476253978,41.44055866810632
144.34274449655345,63.74431522951419,50.806554836590436,41.77765686263159
143.6653254743253,64.41425228124059,50.70510811112858,41.894067529096965
142.97504858966937,64.37175506821835,50.62905845946397,41.97906195514145
142.76946551709966,63.69305527154702,51.04022460460338,41.8796572661404
142.5823350569303,64.49649970357909,51.41448552494211,41.73429479024637
143.8190718097116,63.089354786209,51.870868631767436,41.61872801259858
143.20149637248932,62.54649470767615,51.635957165025246,41.23438582847747
143.33281160256968,61.92201714309911,51.37332670486447,41.023110952217365
144.12110925646164,61.96399783656925,51.249509277134365,40.939149565277084
145.558993615262,63.27139614754979,51.272777014137404,41.2233893979198
145.77121730196973,62.45605139383677,50.848329640722014,41.399597225229776
145.1077452413836,62.42735784873082,50.72445689449178,41.45698431544167
145.93202549125428,61.67002749574357,50.525737406303016,41.52180400986362
147.35457927261595,61.58773165337341,50.57629541283218,41.68639569460393
149.65046521647466,62.96891745814722,50.3383293433232,41.8265612971953
150.05137375388452,63.39855163481748,49.53651226850349,42.41716029112658
149.48862172560916,61.83702237264768,49.215012446190336,42.64621105773841
148.80825518546146,61.01858799061572,49.130037028937046,42.83737132425371
150.38924776296324,60.96869433092357,48.86296753963913,42.937158643638014
148.09688173891288,61.796369920422684,49.11294530615157,42.72672555850254
145.78013853477256,61.81372046694592,49.41017291600008,42.69202446545607
144.9693797280057,62.347738526363585,49.58222718579841,43.0734516903562
144.55718593286338,63.00667363477933,50.40661477608303,43.2138257028885
142.84486485405114,62.57910697784749,52.358007518049206,42.59570960109388
138.4724020821211,63.43295156945689,53.63614762644838,42.381377504967276
132.4652921821881,62.696123148354005,53.57446460006675,42.3455464938921
126.66663304944584,64.08889349121431,53.108090854650406,42.57592881089669
122.48786604630843,64.77082811635495,52.43831802698713,42.71661069960509
117.7695910783903,65.39358733135715,51.399043566300286,42.96763861196112
112.87238457432105,66.80215263948422,50.80121581156051,43.11971964224364
108.05634527111624,68.16692887970622,50.08846601552159,43.34583241964206
106.07092237975928,67.15817060432923,49.6479674046647,43.89290083920578
104.75549491823489,65.77621729069341,49.334047588153894,43.7120327269178
104.78748558709357,65.24271479138665,49.27006625043654,43.314413960719
107.23716418125348,65.36414392451861,48.74251596299817,43.07155569445508
105.89176147248787,65.59195879329074,48.542918943994486,42.615925956910814
105.94084915884574,65.81054320866268,48.44474357127878,42.17875712616695
105.99146059032714,66.0075779580838,48.34352070831597,41.784687627324715
106.77555532892646,66.13549604289034,48.19373321441937,41.52885145771161
106.15308157502297,66.31440465619026,48.02670155353993,41.17103423111178
106.3052110604994,65.65269094727441,47.72244258258708,41.090810526051165
106.43228569423265,65.73362905783665,47.46829331512057,40.9289343049267
105.87464946361143,65.84332026321216,47.192436064905,40.709551894175654
108.0081518865131,65.9138177380965,47.075456534146895,40.56855694440699
108.25872739785103,66.67582459196527,46.57430551147104,40.42381263356306
109.19815876928675,66.10300485416143,46.06463565989266,40.200259217877715
112.9671530558374,69.00680930695621,45.31523347903597,39.82351942608381
117.42892089946046,69.762127293965,44.43211942715893,39.65295372462775
120.59959413018842,71.73588231192691,43.38533119903879,39.67636236370572
122.75738624800488,71.06251862652326,42.99294328585314,39.7153576270306
125.69910353771502,71.06684214790002,42.318457600537684,39.70671058427708
125.56805695202198,70.5275615110842,41.288979551268774,39.493700637253774
126.84971621528204,71.66174178962893,39.99775067589828,39.76951938246363
126.69103553503645,71.75696653229971,39.058935840626106,39.579069897122054
125.77921187006399,71.27483185471593,38.40580913286034,39.30495223343429
122.74498605160296,71.39673568962306,38.35540557868742,39.06114456362002
119.20867635989316,69.7771600690625,38.1131513302184,38.64285898879681
118.50876176550544,70.5507204060763,38.30423164708615,38.30448718667687
117.48626384454886,69.46437858442644,37.936354454868365,38.06429779584568
115.58903821816929,70.12340463940969,38.14022498349727,37.943105927255935
116.17205980592263,69.53625365932132,38.17234349417883,37.919246201244405
113.3662072781363,69.67101989225168,38.99088417411549,37.649713735383706
114.34983008116066,70.31576175740588,39.437423265092384,37.56712235358812
113.7862044953051,68.48251007605081,39.35209385205239,37.5958839620449
116.83376276812874,69.23220722268547,39.31547867088965,37.30818994167248
115.14406964532125,68.15783463817903,39.07515962753389,37.043798251371555
113.4878130081476,67.72719285016437,38.79182181713159,36.70646479915101
112.49100245844917,67.84374852010089,38.407770908588404,36.47335345927796
111.99536405858491,68.5597939839372,38.219915777790874,36.22039446213142
111.46610935126533,69.8437692624635,38.106242572570665,35.996809144797616
110.73543769104761,68.22872807190689,38.40072691050355,35.72631457840316
108.47035422145025,68.34524253748299,39.42939876372564,35.49328564725097
106.0702844453532,68.52385327212312,40.691105324101166,35.136064177970695
105.59913479747257,69.30623300812097,41.63340461986239,34.764631992000176
104.10463485724323,68.8019073742637,42.218599677662006,34.57138084838517
103.51649378459817,69.30865883511856,42.18709084958947,34.765668900038136
105.1941993231483,72.12513029611542,42.46301400529199,35.18494969938243
103.30668754751996,71.26971285436207,41.352201726941495,35.674325625487356
102.38268750637091,70.4959484166542,40.775817786189464,36.00966248937802
102.04318777178369,69.78417054633599,40.246179596558065,36.22458057120865
102.22268899187398,70.94204757334039,39.887177156377504,36.31652159116151
102.3577459589486,69.71008514054361,39.617063222228275,36.38098874888672
103.07826424629246,70.22252435180164,39.37257508219114,36.55265876102125
106.02989158850238,71.35579121728637,39.44665433526045,36.67705860504749
98.70098012550068,72.46280663572007,39.721274202973376,36.860228277895146
94.79701016907357,73.07661260635213,40.294429194928995,36.838413823447475
89.25598639385599,73.65633788497948,40.447006529019546,36.893348845786626
96.33471951554768,73.68568194762265,40.90118289017023,36.83466072050027
93.56240814862537,74.33168330848892,41.550734881223676,36.766425684465545
78.80700494249331,72.55070971617693,42.70793143683177,36.63007593126483
72.11086328117528,73.02963678424035,42.36670867286945,36.9207223484651
78.19711494344583,76.20410399184827,42.67304927286273,36.81120989551645
71.62833179018736,74.34980383392679,43.30192217699458,36.76720219064391
66.93138822661975,74.38591335956036,43.8766436340172,36.694983139376745
69.25121440172059,75.64050910380766,44.307326455917256,36.72095923693301
65.75407126452596,74.958414616674,44.928427557598525,36.810511176658736
55.479828219191326,74.20220979714662,44.906684356325556,37.037281484967124
55.43520579749744,75.43799540485672,44.99592919971333,37.14364554813952
60.952567681460465,75.95236256542728,45.58972833973817,37.40696932788183
51.093879167870625,75.1951560011957,45.725422066052204,37.61593690295395
50.896266097928525,73.81591081050298,46.120648205936405,37.752611082577836
50.066395109203185,73.73898188723871,46.46119594127919,37.90646892910637
48.60390598184176,75.03035501826038,46.73234219934699,37.977554663718074
54.998763468190056,75.70572918138807,47.264945351401266,37.95903814993781
51.23660450479672,76.49428158436467,48.088722285732175,37.72204154247576
53.83884012086524,74.94579057982719,48.279783192646825,38.12125748202488
50.110786480536426,75.71596086313899,48.94442480359869,37.939210049342414
51.44945596285829,76.44876026959705,48.99808461879404,37.83911062634583
53.352256908762726,75.02334426851442,49.28655024705048,37.96056428180088
54.461467427213435,76.44715093716101,49.810275199476735,37.85509693383537
50.394763891930815,75.64106792936865,49.67961869939977,38.089919020979714
53.73090354462062,76.2928031825615,49.90324732571643,38.165630100933264
49.53345511689339,76.41331164730055,49.99517272980828,37.92461317145517
49.627034162256834,74.9347874443999,49.8080146390814,38.11906647453745
50.25138695810388,77.01591973483491,49.94092520944548,38.10165037984193
49.68493909126396,75.48075105674779,49.690461201890955,38.4052682535475
49.60152284342952,74.79676041243164,49.85729369755984,38.388763912199074
50.25357970074107,76.18310513131297,49.939944598473176,38.3896037055093
50.18836179259186,76.109382834727,50.070380414771584,38.53704829868125
46.42236345667477,75.07136830898577,49.24777117800872,39.22064303206421
47.22869073220356,76.28013791421935,49.02608101996069,39.58503260761613
49.391471574492314,76.0784221939725,48.88092662033753,39.98846404810983
49.15568117366104,74.60459757114961,49.35250742200009,40.140582707603336
49.79874214669755,75.28344401616654,49.47385765622045,40.19036199786285
49.07441380395777,74.44387064683227,49.51237273892082,40.45936713375222
49.73007517828685,74.39718819188082,49.61613350103156,40.552732043655126
48.88004653934938,75.57447958750475,49.89800311606402,41.03452457809216
48.09734986956505,75.49471552213632,50.03308984760442,41.19405270882906
48.77826101010672,72.67602860119861,50.106228628046445,41.09158230460312
50.64315894856867,74.28785483269087,50.679725292175554,40.736791535653964
57.738555766889405,74.8527493516969,50.86392946834095,41.044502278922565
64.03067963435444,74.82195598638702,51.28747393569887,41.10608900954232
65.5958567973833,74.78498678112783,51.0627326200995,41.18002742006071
67.7371050548698,76.08952037635444,51.1319044495172,41.472072459201286
71.53371123225068,72.54905432774582,50.82041925539528,41.27127739577869
75.86765265077013,73.24316339237608,50.84241130560061,41.33137174772557
79.56463464469951,74.70915104331951,50.696559569702615,41.29864134662303
83.95628311861253,76.01945134031467,50.59437585980811,41.571745165276525
86.1748559875152,77.2647264682488,50.506315743932284,41.980585324027956
91.93252085266145,72.84003279428664,50.630495656462124,42.10034043983546
94.68308407300252,74.18302948967596,50.964499913161056,42.33191239774737
99.85465123585152,75.52543848917588,50.89499701449386,42.58241766361347
104.8331927146999,74.63621361737538,51.23232001504962,42.890237984606976
106.69033040951572,73.00017665626078,51.96041121169918,43.20073418264873
104.93521573553387,74.86043951312222,52.47661536757348,43.97124625705993
114.15778376080848,73.76075061925604,52.240120388147766,44.65323728886531
106.46754223372724,73.45549665735174,52.373505603254685,45.26374521267392
108.08724090627946,70.33685442748873,52.20725831917926,45.35472955034187
108.40974088116437,73.30077396007425,51.562258369409456,45.56873653763479
107.94902299897272,70.04762095688066,50.95480035895017,45.95946744465167
110.93732022805477,72.56637559529509,51.081013940559444,45.499064197652885
110.45725966405124,72.03694492797155,52.04113506856653,45.03761462103928
110.42703118463912,71.83623239951342,52.10159202739075,45.43903967795554
108.16294125674924,70.9776098408629,52.02424137613663,45.62110795957864
111.12967687679358,71.08268150965125,52.2383511888337,45.41096462200193
127.05560811899596,73.55502356004737,52.660224089687134,45.07681414767516
105.57459185770712,70.90997703178391,52.5580533314235,45.75288542411194
100.2164419551384,72.4190347851864,52.443419740641225,45.82932231614119
94.10444085440548,72.2538235726071,52.29361629503107,46.15974474129979
91.68957446754105,73.07008317287821,52.47426654207647,46.0769197163187
86.34737225514905,71.46472562205675,52.300484500132,46.185295827467804
84.79740286469371,72.3480308112877,52.30000420155381,45.96889498875035
80.8326247336208,73.07069858027853,52.49586757769222,46.07029802797017
79.15599941724368,69.39967418559847,52.74632164367694,45.65535540040646
73.9882898298574,73.6502474414734,52.24135527454227,46.44596792629136
74.63962402329986,70.52535254942464,52.49214787113824,46.48191377646531
73.23654101350155,72.33904579495274,52.18245784552529,45.97038333061867
72.5411961776966,73.18617549601012,52.028207615706094,45.82106382993298
72.3040119768357,69.57953134636884,52.50257601742791,45.33356160220943
72.32586471557477,72.91885551654156,52.45887053994976,44.81368184285911
74.70368855629081,73.54523765471929,52.295226652826905,45.09158549794005
78.6324970677188,68.99515244656581,52.10061618573755,44.99614804732708
83.25849405953284,70.51432464077537,52.01697787157282,45.013922215395716
87.93380026869747,72.85161030235355,51.82866783068175,44.920502080958435
92.6966985926934,73.74265559940403,51.438697237936054,44.661049162731835
98.87446194845381,76.00640165245906,51.18269515356487,44.6708787918029
104.14497485208305,75.05584818823124,51.20210750314081,45.063351697853605
111.5640787583235,76.26562738509395,51.51610661010179,45.6742346880166
105.46388015095944,75.22164008076741,51.47758239911078,46.23234411845477
109.5794192683318,76.79249753156776,52.47561189573604,46.16699846064407
108.73222520614577,74.57792301983758,52.61736750620005,45.93824994238027
108.12888843069362,75.18567175248234,52.272875376873,46.27391815732214
109.00361975389424,74.94198535557994,52.074611710658985,46.76129095112691
123.44822685286078,76.64099679783835,54.3035680163441,46.47508511697191
109.30904865097844,75.70762791957767,54.03630271537351,46.75595500100797
108.68877036559651,74.6658267195561,53.69061514884166,47.253313263755444
107.88397265036015,74.36771219043969,53.7113507184765,47.849542321988245
107.04428470112987,73.22837811151405,53.79200861142566,48.52949247432811
112.11137762031731,76.41354732050971,53.32279883383757,50.213300773659135
103.05679482470464,74.33602079135713,53.49859937590968,51.10774200484552
98.25735161750438,74.61926873672255,53.2140674706137,52.188482500730785
93.97691479815353,73.22132875077114,53.47562594599592,53.32449943996969
89.00766101802822,72.67032475441589,53.322785601865846,54.426507432680175
86.46268808294325,71.58664748877227,53.32228045839327,54.89704495941991
80.52970417474583,72.0176725416829,53.25887462546531,55.73919108921618
79.4141036887131,72.32513476693578,53.773681733752106,55.12426663871044
74.14344657631914,72.37483549549245,54.02562387435511,55.024865181597086
68.1088342679938,88.39775094790878,54.07366090495978,57.32528452261015
64.35812817289433,98.31972085458075,54.558564065788154,58.53087179737799
57.9685044825075,94.81600757242383,54.873182250316034,60.196314420443635
60.41094664174757,96.62795901620072,55.4231976849604,62.00731128601434
59.14384319847191,96.52293358942215,56.10883205179729,62.21736213957149
60.73760521195994,91.93633864677896,56.64687554923778,63.939416976024795
59.48662990344258,94.2719555310496,57.25069778489489,64.96256835161633
58.78604419223852,77.74761634918454,56.72820901946255,65.30902352205857
60.00516984177137,73.86294567271943,56.210615850776676,65.3957323534695
60.37499779105809,75.21204315853998,55.47095995220323,66.5249262478091
60.55596637804644,72.89337882520269,55.10902277822653,67.32381010119389
60.328878332771545,73.59127648375852,55.563198868776325,67.85369050891777
62.2009973334702,70.46437198175136,55.70128529561308,68.28401287058101
61.223056856061135,76.64786313463043,55.70715720300915,69.56709389677721
60.20385627975021,75.6028690466724,55.77575635669404,69.68728007375631
61.150011106189936,72.35182150140994,55.856203739943226,70.27110405589535
61.120815083810875,77.67571140397946,55.91459578470135,71.52139107705861
60.93156716190278,77.63268843058435,56.293091628517544,71.60743702384883
60.81224158910005,76.54420306595283,56.531742774123,71.77383905424591
60.72917624990967,75.25774731940896,56.69787345250376,72.32975770128684
60.74428211181663,74.84941958887411,56.667661728689836,73.14641316235654
59.86777682427504,74.38615822424008,56.380478098989244,74.07293589162461
59.73742166627283,73.10259327770189,56.641188414993664,74.59041018160711
60.710582345096356,71.866510857605,56.75666804963839,75.00077402950915
60.708217200898446,74.67602520063865,56.76139833803421,75.59156988375506
59.67086515583244,73.59683747767886,56.75708405278503,75.67092695429344
60.65161605987136,73.79798856430378,56.87573833226841,77.34878086860483
