205.5,151.5,17,50
202.98047477368746,150.1865928231157,17.971183958852976,49.58157002458722
201.29878716630395,149.9284863689474,19.2659677595098,49.063487225868684
199.32459655097585,149.56042651842023,20.06385807529631,48.74944328863314
197.52425496697734,149.18570665915223,20.484920761149713,48.4390095131213
196.1604464538874,149.77711259573417,21.08681009328202,48.31906148698122
194.7455126211705,149.7963916438812,21.773145367722147,48.28050339068718
192.63620736945205,148.66925831415796,21.658623860491677,48.36820404479997
191.9209733049292,148.69718386102957,22.006547263714054,48.312352951056766
191.17356189072544,148.59348303044493,22.413529990087365,48.51975461222606
187.93201786280272,147.71906406571887,22.308719418970302,48.07262633269068
186.34571311138643,146.95514182137433,22.21239633545468,47.421182430480926
185.34608166013842,145.52351622027024,22.05470440392602,47.04900138165202
184.39667027812067,144.56717147846226,21.812919906018678,46.8210836033252
183.47934036741242,143.92517965468963,21.522056447030508,47.04230561066807
180.8908810406064,143.41638214250182,21.394522984010166,46.99901021171719
180.86280155719462,144.61675126758024,21.45068195083371,46.71432410488487
179.31235428387657,143.62644172304178,21.386960830858243,46.58519941622082
178.74144490435407,143.06219129882874,21.47690105613643,46.661821730880064
178.81050206655203,141.98444892120563,21.33878673174052,46.70817162587873
177.3708466060065,141.03768024243445,21.059630429321228,46.49606416774747
175.83120320986518,139.624482454957,21.004379666551653,46.187922187650194
175.2404807415328,138.47438801536669,21.146424373996325,46.409310608390676
174.64243424868448,138.2688603678598,21.297409838909225,45.77525838262073
174.17005868482894,138.5507643515109,21.20363213084824,45.2114504153185
173.18699165455502,138.17336651234842,21.11240310589912,44.937564550894976
171.7771228445149,138.02752791779014,20.862841798941872,45.229241740011574
171.2374752318836,137.46722581677105,20.919153195910372,45.32686211375562
170.17257787296876,137.42829871786563,20.998169503406043,45.40471631156643
169.64614978687817,135.2125649428178,21.023121445055928,45.72456693953711
168.1170508143625,134.56317959754486,20.98233958116593,44.95735109080209
166.81494440604607,135.74842924341516,20.523202719044953,44.629084918230745
165.8099251309119,134.94084177002338,20.51662059323756,44.22763918893854
165.42582054753308,133.42156939631994,20.28247453564032,44.25911826328073
164.01684598886206,133.68812992738572,20.10427732536958,43.72599720114919
163.2059908683245,133.01763722342656,19.750301133818603,44.07913939275451
162.91259498070863,133.00773614938635,19.350327691313463,44.09894154083493
163.07489100338063,132.69491987885075,19.025735645969448,44.724574081906084
162.8035255092625,131.66627543419304,18.5851291798631,44.81518806253635
163.12119613611776,128.89336707978163,17.94978792615258,45.47683193133132
163.30614648298933,128.02481392788403,17.579887232409444,45.26385075971334
162.8734884575867,127.20517587557761,17.47984317922852,44.972406656353805
161.16066654909153,126.80714646073783,18.027346961983014,44.80908547462141
160.98126473488105,126.48005796182352,18.386150590404007,44.49644339359685
160.431213690984,126.02573795628702,18.517552387163388,44.436383113635166
159.90785099047164,125.51105219988735,18.59411065492089,44.495587493167285
158.80374842986944,126.59716343701506,18.85755480266035,44.26812599237682
157.6508387733656,126.31308743233214,19.21585069831601,43.862516293066605
156.52449519700065,125.33300474809121,19.520100703722193,43.87424451422481
155.91078603696417,124.68596325633006,19.767773507189833,44.188581981141766
153.9990744347539,124.29935947170694,19.63655453622654,43.97312900654207
152.16724901666888,123.45641725885834,19.367294306501908,43.69255789929193
149.85840389900028,121.63936698344617,19.112873845997154,43.428969893442755
148.9786988970137,121.6152279940602,18.940041049229954,43.47724787221465
148.01886617286584,120.67832635489394,18.932157908537903,43.42350256155944
147.50956681988845,120.59361745015163,18.98789977889032,42.630063535441735
146.1453711204796,120.3754786473191,18.859278857749988,42.11400370112077
144.24818856996637,121.96367009343871,18.88328993196656,41.765386328988996
143.1679980675966,121.65676142221477,19.167773159234144,41.44125478270094
141.76883979552872,121.77408635122933,19.151424978019335,41.206604924671815
140.4398967310324,120.99294813400127,19.005747645656534,40.89983905155765
136.90332252062365,120.14393367585396,18.65881772937061,40.74284838357643
135.816958660535,119.09063991576818,18.07407968151721,41.0111253917275
135.5622909886639,117.97792709893172,17.670635639007887,41.41099225289751
134.7153450948026,117.31258090226088,17.541632375927822,41.83023712083784
134.13467479541663,117.2463293491773,17.787751521988667,41.962740227004986
131.12940688510253,116.93553452087525,18.269304086137584,41.66283267419591
130.94048178885558,116.68329440760283,18.647154278631493,41.24164919253427
128.96077436722362,117.30923166593547,18.901774652019064,40.91597329333807
126.77070686605909,115.98939019127009,18.65227850094883,40.777877550629256
123.7827555980895,114.2708952319417,18.191331601877366,40.53666779213711
123.9024327439803,113.5326984587398,17.95197731009578,40.197142067102476
122.65950071103669,112.28281499930647,17.741362904694885,40.00043051468102
121.76098952063921,112.28969147766878,17.75384821155779,39.9866775579564
120.77595908915477,111.99208735710226,17.939331572354405,39.68959704800329
119.69657888540826,112.09688553588613,18.31561935535434,39.48000069043556
116.50150430127665,111.77787353703124,18.442303104994807,39.223243914056354
115.96442161039258,111.34145749954679,18.623213065072353,39.20282056733462
114.78700638642204,110.1340269306862,18.289705043364993,38.929343235407345
113.58214070788533,108.16446031005998,18.040504169347923,38.43692275817562
112.87156797258677,108.04530658256924,17.712073453739237,37.800442120054214
111.80149966541006,107.67624209974016,17.27285827585815,37.67878715496751
111.13772176908073,107.72987759406509,16.899748324194686,37.57151616631768
108.6724818199738,107.41273700123597,16.776842846755144,37.36356645603369
107.14283404581768,107.53006192592011,17.324977834554144,37.12891660666539
105.83222595994324,107.32838436644711,17.416460176110956,36.689027115547354
104.45608842442934,107.44874178309291,17.653438272620964,36.44831228225574
101.12540281500054,106.71310129361554,17.602452263698396,36.24150395426546
101.0861334536604,106.75427402986799,17.680990986378703,36.15915848176055
99.580325148802,105.43305231120696,17.351410565183677,36.295704145898725
97.7357114875859,104.03922081034439,16.882821037715093,36.5886770376834
96.65135683346996,104.36568289580939,16.568575208371534,36.763404579278564
94.28250272989246,103.8578596530777,16.358184701320923,36.954367945707666
91.7782514197189,103.11162948446982,16.424153327878283,36.799316951660195
91.27784063438064,103.165808927718,16.602307776939238,36.69095806516382
90.25101422034453,103.26213256896865,17.00751440281557,36.498310782662514
86.52200346174662,102.63156073543877,17.00888135451449,36.10242010183411
85.37086953353757,102.29450365639724,16.842822937592796,35.95375883547055
83.10365321851484,100.76678436538351,16.47098687687012,35.738351623652555
82.38953032827686,100.78592290403678,16.283080326356583,35.70007454634603
80.88740096472328,99.58681173823905,16.070424568520792,35.68561101423428
80.1823407925521,100.73552003070591,15.879968931714512,35.78905840102355
79.34381295420685,100.05814088299468,15.960141468876163,35.54693355691719
77.34211994450635,100.60703587449093,15.981837599315185,35.24548155171709
76.35782223001101,100.36864779354308,16.365750244466486,34.92991632169309
75.45672453995257,101.17178065719924,16.579004881304087,34.91259133766003
72.74451378532137,98.49289095891044,16.417859914335175,34.68480425800632
72.10047617121006,99.61219159075102,16.122318240807378,34.821628346950796
69.83023133560945,97.6429693915188,15.930968421372551,34.816873169885184
66.67336724386205,97.24737439672478,15.962926642068519,34.82284191412339
66.2193510405543,96.8694298339631,16.085091221686795,34.79286321264958
65.71411112546156,98.31029103305201,16.30800082360259,35.06142172755055
64.04420757703913,97.04011982934875,16.46630338559001,35.215635733814004
63.187792552379854,96.60683522215345,16.578359096502126,35.28181777900138
61.19441677063713,96.35820232015838,16.548572908484747,34.97577603269095
60.150959888248025,95.62233217078614,16.240500863989062,34.850859125252875
58.68120630146815,94.23352541005133,16.01548229845073,34.46394690762442
57.71591260985769,93.90107093215028,15.601369350669918,34.34728908642591
56.337768645083486,93.86408929820081,15.267178514922264,34.42125235432486
55.983174378497694,93.14897558749891,15.208544236780437,34.31583415310182
