129.5,80.5,64,78
118.36135025121894,76.73959537759582,65.17578392928077,77.82030405538126
112.22249310361846,74.30906918721453,66.20497403952358,78.18194676216056
102.54464598908118,69.37268550498075,67.38584240300419,78.96730119383113
97.53791114530452,65.65306586750381,68.1874356601382,79.49763314597054
92.57874968412324,60.88091472956202,68.80958487056013,79.74576170991347
90.13141128771058,58.72747880673748,69.0285238174755,79.37689570965262
87.70238883881609,61.0754317301962,69.2152240676302,79.35233451036945
86.38000616498714,67.05479256143136,69.52170479206981,79.0850359639907
85.10524441136764,73.3634937128647,69.73217645886726,78.16289286333182
82.4389358246485,79.42504752657419,70.40857368609028,77.68033510145104
80.19323437543753,84.23583008933431,70.23716499505578,77.38439315484361
75.47408169397096,84.45443374416291,70.37919968774008,76.94718584518641
66.24642647696656,82.47773997678742,70.2783173781574,76.26152519403954
63.160716508400085,80.01430153180148,69.52803797682549,76.57393585836817
58.3952038559116,77.91468751324449,69.85846527730561,76.17286489323374
56.10550771791969,73.52239046048732,69.83952064541629,75.7607851830018
54.96044969273872,71.43718409165245,69.83719256960049,75.34630966831605
60.722116546664296,69.2800679843706,69.74357294383262,75.08865625004645
64.36705604364653,69.49190891930239,69.29499643775577,74.66497438018288
70.54960659461331,74.27173245244308,68.26335437945801,74.17209454881014
72.06645669093135,77.96798502222735,67.47224955894112,73.50737552559917
72.65572658918349,80.60371932293558,66.29370976243683,72.6751928155302
78.76354720813151,82.22444693422035,65.01761717479633,71.62164732301176
84.43393558608037,83.80907752208941,64.4326955792448,70.60355717934287
88.93396399199429,84.81758987256684,63.93663869156079,70.71253245942398
94.59152381598487,82.74783337270753,63.22045934636159,70.61246933802983
98.973347426191,76.56625797959182,62.88401738449808,70.33481223643813
104.30369644566585,66.83428390028389,62.70888863709318,70.92473567027324
111.50664593178765,62.612223461994404,63.027293466612235,70.95496866013073
121.50748844450385,58.691883603475446,64.11594145409634,70.35951517200203
127.74668944116242,57.33131343113604,64.34045753715932,70.96350250395082
133.29445723441572,63.153788350669466,63.8955857087242,72.0993491745697
135.17110490924557,66.87777817781856,64.42364658871193,73.21408197956653
138.1751102678981,68.9478622392495,64.9148894420896,73.40674957049308
138.994534261855,69.47301098021238,65.45330849325114,74.53371912764263
140.68218381113513,71.29605251153882,66.4847300848053,75.2943567551042
139.2962725148251,70.7224376687363,67.02488896672949,76.44158644070922
138.0052591476019,68.97660805332215,67.34881815446234,77.67514812482389
137.5053098509494,67.53932793198024,68.34871674776733,78.267314237591
137.005407222098,64.97397870900406,69.3485220054701,78.78282740334649
135.9187424829636,62.22082620805155,69.19025742186007,79.6259442814939
138.0141914961319,61.26837153931571,69.68360187383476,79.18873237980995
136.77297782474554,66.90726549987296,69.82277795628453,79.62720076030999
135.73510846375981,64.3825296422046,69.54624019516014,79.97211950945496
134.4914425751661,69.19204709077052,69.68038366030898,79.76583786047755
133.10430292284133,66.60856077078041,70.10251935015575,80.22852327085229
133.21014628507163,66.8269129968943,69.89083262569517,79.79181881862452
133.251446250711,66.94317602429297,69.80823269441638,79.5592927638272
137.95898117756738,65.76234989248925,69.7971271091863,79.56995396031397
138.43192747388878,63.92242970503581,68.85123451654351,78.54783741231242
143.61463444477113,59.74096273516096,67.76577738380097,77.63081454303995
149.45967565760037,56.52622377611239,67.51765566879963,77.1951160347428
153.0333126777743,54.635663985602726,67.20338257099868,76.42090165406422
153.79981677377617,61.47934380748232,65.6703743789949,76.29735176834077
153.30217687831149,68.40727292028146,64.43150840365517,75.84636814035699
152.26799855906887,74.55605862677692,64.29259385324974,74.58515267181957
153.46681834477374,80.80022196802011,64.08050330593065,73.0245711097864
152.54086846262396,81.50714821247117,63.77441690369628,71.61071862088428
149.9197445541103,79.81580352048739,62.62319575293664,70.73109535966054
148.24286281164495,71.49305540806057,61.77876531199796,70.58381588103668
153.79398701411256,68.68617049689047,61.093000726841986,69.94769541150934
160.36509536825116,66.18252238899642,60.32551316780976,68.76762705267495
165.59995353785433,65.56169322764556,60.015175742378695,67.9774095926216
164.2604910865225,69.1379100687497,58.66478866176209,66.86894388533369
164.46521803074523,74.65697159377488,58.25533477331663,65.71008797368833
161.77718042850557,77.28612409094548,57.77742385500092,64.35444039454381
153.37811249610803,78.08033552255262,57.271807766235696,62.76601753132953
147.94814029205403,78.55375972314837,56.79256600263515,61.81916913013801
141.9148403697375,77.15716712058467,55.78679211487313,60.87739041172398
134.1867444620531,73.86377144805917,54.71183872027998,60.11700610790299
130.87079905538957,71.02067948848145,54.11242013220451,60.37970797600655
129.26050559190006,64.8565050347438,53.72830670536065,60.091605645101716
132.91525541383038,63.24094320761015,53.5857635816186,59.73925103930971
133.04641725716593,63.07358564408222,53.3234398949475,60.073966166365565
132.04022189442068,67.62400431432508,53.550835931689235,59.89810226962386
131.90860638532308,71.16115828777127,53.81406694988441,59.96738737662892
132.7616472689166,72.93950667947206,53.89916392510934,59.99304807805119
132.04016416440135,71.7010248901654,53.54919395296073,60.67707547548538
130.47986768707898,74.50912465027434,53.07386069819423,60.454765269384296
126.94219609003589,73.54505773729018,53.00157379986123,60.59599157224784
124.47436957531471,71.60190843432011,52.573411871835155,60.906413539875714
128.8686233749188,68.94066229417824,52.71429887444996,60.87126905906567
130.49398027675124,67.12598445998353,53.038776308816786,60.92543348942338
134.88290678897752,64.62327638890169,53.22910965391769,60.54993780985498
145.5883770221251,69.42969180734121,53.30859164575412,59.89144966386404
149.0513589428861,73.78111418817728,53.51032418464129,60.09822537770349
154.51160870913475,72.8367228577124,53.31997778740048,60.198649182757194
161.55199420340452,70.98402397316389,53.53420059970818,60.3302985016424
166.92785583938974,69.12120898350824,53.53653565451524,60.47124237202787
171.2906935969941,67.13414944657188,53.78369785506243,60.85622635959821
171.23502735470032,65.30743573056189,53.895030339649935,60.900665754481224
173.06615629821013,64.42570518259953,53.8467013359829,60.857162408729664
172.58700569233423,61.59555206381587,52.999486120349324,61.10091936414076
174.54226048755066,59.26193244713779,52.6804247155042,60.38098631911528
175.52703485448512,57.73018214071207,52.490337899655785,59.88556309592569
174.30706920077702,56.24610356012728,51.39278727115845,59.31623832118171
172.98969658835892,58.219515468481696,50.54286737297,58.85407962749751
177.56704384354526,63.54648401743513,49.99588861534604,58.52940143288906
175.1942530069806,71.35015881156917,49.61825538218268,58.291696563498995
171.20888429928843,76.67697248712811,49.09901059635421,57.826047853836485
167.77150303504723,78.41752536489801,49.24394725713591,57.70985503214705
160.4420947338095,77.76223364883072,48.75583404572376,57.33744626273856
157.38082630236522,75.91831880307387,48.200797571039544,57.68648928546587
155.69119416106128,70.15932926976178,48.24837637212088,57.5435691667471
160.8014708507814,65.35116966609377,48.0142615767389,57.17344979002481
163.85928329777053,64.01892625379269,48.51835147878775,56.52807921661346
163.13845277879167,67.62711639219265,48.30694069290741,55.923986235165735
163.20066575560782,70.3049556718164,48.182514739275106,55.48931507840831
164.71026786973596,74.30243974692596,48.426536867635924,54.020799641423466
164.688994278213,77.3362968629753,48.46908405068187,52.7913126939094
164.0002835057167,77.65201250882016,48.25221689161687,52.159881402219675
166.47759271442285,82.20805552113855,48.040578987311264,50.952762899427405
166.5430187314625,84.2511855725192,47.90972695323201,49.98406602461324
170.7234483115755,84.69112469890611,47.256607832262766,49.104187771839435
170.31170203931472,78.99761014745042,46.56267726787585,48.351832003482905
169.76044788048225,77.17603055592662,46.17053529508996,47.511040315177965
173.67940481914027,76.64741481328424,45.7089346375635,47.09300915650476
176.91237446691187,78.4763257535983,45.088624535606996,46.35800187266996
175.77047272781053,82.94974000903417,44.49228868021133,46.051591362593214
173.24488542040348,87.64757598987622,43.84012324548259,45.21092947522339
169.39471535581782,88.55850284853497,43.12643991049876,44.79141300193176
166.25739110830278,90.15671580374759,42.478733173046265,44.36392918449952
164.34930151307668,89.4349325032531,42.192351102768946,44.43997536524531
163.01890145231806,88.15187550448576,42.124803602183874,44.277741740677655
159.15605326021776,86.25064124193133,41.68711359161353,43.998517068401036
157.3225909157236,83.09980999496308,41.306266480822586,43.55389322937216
151.3397695533142,82.04569847359619,41.245539727370904,42.989589721379176
149.93850799034658,80.83491882671885,41.3951300782604,42.758216240088124
148.5564375554987,75.30466302356422,41.50885877710254,43.217079162982714
143.56984625638864,68.70385152736125,42.142648788851815,43.07671274614462
140.01876171543762,68.06252744693997,42.53473269154944,43.01734387114632
139.8526484240928,72.30234801699216,42.86695927423907,42.621331353316776
139.7701257992071,74.91858734766058,43.03200452401049,42.773936308306105
138.98177320138828,75.17013666253114,43.25743658874783,42.27083767856499
136.448848847872,79.61439328098291,42.935767081006446,42.81048131751582
135.26191318620963,81.64220823035478,42.60896988413311,42.805854199069216
133.98150487523603,83.44699745010202,42.47955761300996,43.23161909918028
132.94283850058451,81.54823040717301,41.85735172136481,44.32961454409015
136.89739021511426,80.69292524934961,42.09106100781082,44.683089407152686
143.0438373066982,80.51765617001676,42.09549350435512,45.03362756581839
149.00880110703025,81.47603005118063,42.51281973484081,44.48879689584064
157.24727003055574,80.66552083745862,42.47607212289182,44.73979947035951
162.3155271995191,81.96915476641806,43.32645879608167,44.87925686521978
165.09512146510286,81.27555862780656,43.3233205709751,44.87743656592752
166.7032582659163,83.92995294486532,42.884915759550225,45.12438551221402
165.64391867929956,86.0672853508081,42.231872796168076,45.00730390525183
166.83814875688483,84.40493352488873,42.59075559506996,44.21099312598199
170.05766437080726,81.89179649030851,41.61931291706014,43.769678645307366
168.9463708701222,80.85911210059604,41.15269607071126,43.14584357701332
168.01490728703513,80.43973664123948,40.36073666316536,42.65715120886642
162.23937859483465,79.43091209976927,40.14660468691622,42.06031376721789
156.53730835349225,74.72948451696337,39.9001601911893,41.10709339646379
158.94513884588605,76.3117194619207,40.187176736027794,40.4939622713622
157.9288824095191,77.98111760822658,40.949122786865686,39.69629962254241
158.32994730187906,82.24869403520596,41.41696134157057,38.78095680513229
158.27278746920393,82.62295312214458,41.53128100692083,38.032438631255054
156.3170295755055,82.86508317826346,41.684789654426865,37.54817851901729
160.63884955007853,85.54969772400378,41.77251625008454,37.16830173885309
164.7654334277421,86.28296588405951,40.97515101233514,36.94439917167122
164.46075033151743,86.80864250267697,40.35784819461648,37.1197149446043
167.88591243572716,88.14192540226378,39.60678731583049,36.89285447728409
167.42440584598887,87.58375154032785,39.32527127056362,36.804672976412476
168.81646034591128,87.44402542289095,38.938627205254235,37.084125211286306
170.23784666097492,87.89902199809917,38.49009386195985,37.3712517042863
166.044049245972,87.95645768986387,38.515248059444794,37.25638032075692
164.3285797939674,89.67327381086484,38.36654850742844,37.402386534780476
162.57256858206102,88.75500612257733,38.299008660236495,38.04573448768728
157.66710939757576,86.80967005114032,38.491704904102626,38.329573333647154
155.1822989945299,87.2827492139326,38.62219276749611,38.59319824373711
150.63293887240894,86.52239835971372,37.99298990618891,38.89790956398123
145.13225353291537,85.88718543715106,38.096626506403446,38.95747606702069
143.10898821252812,85.25936822005735,38.50286264074986,38.99967899906542
139.2825617046256,84.61175808326064,38.83267847123833,39.0743930751061
138.06073738340407,84.6499969588507,38.82256403326333,38.99791532392595
136.82722926195495,84.38143382939876,38.838543111823306,38.30952300066069
136.4038054580986,85.07455196937764,38.470467685500985,38.13820975473803
137.61441146295314,82.52967635806671,38.462121732843556,38.40222886325652
139.8500552594528,81.92823263908399,37.622220506577385,38.39465417897759
139.91530778075338,80.68822529770739,37.49171546397619,38.48046748980589
143.57802786773777,79.64495893776291,37.3445972808415,38.17422621275017
146.0403535711935,79.00098221876891,37.17696535271535,38.27292478104184
146.02177867417134,78.99219162127912,37.21411514675965,38.29050597602141
144.83826053090212,81.6086687903002,37.20311354430938,37.81362741595675
140.82959099850672,80.34477372344021,36.95095907854214,37.978705112374435
141.87587717155785,79.63781276248177,37.21832065625641,38.212660072383045
141.31224173937198,78.18002231045551,37.15772786276179,38.75251366070286
142.9621673697046,76.69068563726469,37.44398935802463,39.34044516979908
142.6253480807257,75.28757634181994,38.11762793598238,39.72844078850342
144.2479125578704,73.9178927488503,38.55006916383351,40.01609451968239
143.45843628350647,73.87132924098995,38.89181314327197,40.109221535403094
146.95306191577077,72.53165907672866,39.367004991143915,40.300414159792155
149.36241956966953,71.12037073015593,39.56662367540071,40.61382385691048
148.58960444425233,69.29339951678806,39.849596636649096,40.47979441488821
142.8910861050798,66.68413595153535,39.86145288299082,40.638241353392104
142.7404059104732,65.38207898548762,40.162813272203984,40.70696135571307
140.75770088731795,65.38922280580263,40.307625667296534,40.692673715083075
135.4475024592791,67.90382818398813,40.72328922151335,40.7658296096425
134.58661090121572,70.36634745399456,41.16177917141657,40.97396373452382
129.88987858183555,69.43870633370491,41.500915864392226,41.53577055427672
133.5576046100152,69.69959002171134,42.01144975353377,42.32166750251399
134.69260109356932,67.82328898360987,42.39761346720268,43.41811289793981
140.62457034406165,65.89708845265704,42.696318819720844,44.5677042146226
143.78918145519623,61.839512769455,43.237884501790006,45.81206767668837
147.63292301535517,58.45760643509517,43.96369115894739,46.967020493757836
151.51187174989394,57.76290103451075,44.79650026692934,48.356431294926686
155.6150455318153,60.752510582098836,45.39039751179469,49.710749540340544
159.02421142307193,60.3738261662931,46.058412990406104,50.468118371952016
162.50905969470043,62.29171636173649,46.687247669721515,51.19145671460868
163.9152155456116,60.35549632110178,46.95691365178502,51.98191911199223
162.51433343161128,55.96083431496401,46.64349911642432,52.983296215864286
165.52731496780837,53.35208682405063,46.890062221871894,53.49639656430973
168.57792948103702,51.20707922845961,47.10896544869871,53.04631256552871
171.69962392911515,50.054033058674165,47.17179838248033,53.775849447615116
169.25814441860592,54.690589439349274,47.288129295241774,54.035992902778915
167.9795459689351,59.70841088415166,46.655784986957755,53.56897363605111
164.79904942139743,64.665909454208,46.7071633017913,53.118398666301154
157.75927790654563,68.99253255388889,46.64549828622359,52.32137915875674
150.56795716068376,69.82092409220616,47.00710650967598,52.222488667485706
143.5680870843373,69.7643879048306,46.94766673796226,52.335561042236804
135.93884362273607,68.78753865964974,46.57675644493834,52.72631981097589
135.15662362702494,68.42010268787133,46.57811829981209,53.461191754532706
133.6026626903759,66.53894987161563,46.53706080541074,54.07451801934469
131.89665197264452,62.41267378895696,46.78243754312983,54.41045844030292
135.67571404085155,62.405218246463804,47.18659643554214,54.42536952528923
137.14967838350714,66.27626782066153,47.437013727913524,54.679135321100176
139.99501835819748,65.58204757702215,48.17480162441478,54.46045884690843
143.8780693597261,69.42934179120951,48.486426423213885,54.843597220390066
145.4164073496133,72.70229015512597,48.66269920131358,54.803598008305265
149.2777716483322,75.05131437480622,49.083335020435584,54.991568218880644
153.20845330542375,78.18250357464802,49.41354408375989,55.28244772120293
154.7384361230309,79.51477694215833,49.64979450716318,55.91411704479996
157.91727876618043,77.46174427799392,49.93887674975895,56.69679860868138
157.73086675272833,69.60797978341122,50.311700776663166,57.298199304216595
158.9969043547929,67.65422861778231,51.16712749178023,57.81819971622827
159.28373154448656,65.67585051818224,52.30897828296341,58.34394557428729
161.4246431781439,66.17280323666276,53.25290807597838,59.0919578241028
161.00584840845065,70.33111320087,54.090497615364896,59.61840280922474
160.7782548341265,68.45424564981761,54.545684764013174,59.79181339497014
159.53878373611863,66.55376001450307,55.22451033338631,59.99255141231401
158.42494951335408,64.84394779583398,55.63812532135192,59.78406893452518
156.77920851384806,61.18948589361303,55.29484897186968,59.823476041978424
154.90045124691898,54.59044434995181,55.42729093991545,60.33380514895756
154.9239921478195,51.820737791481505,55.38020913811444,60.405418362793405
151.8472480479969,45.20494759168565,56.06479834952749,60.87623445651033
150.03104961910483,48.68619569546681,56.01479253335355,61.27854359686421
141.70623286995624,52.13205304002957,56.044359200194634,61.77352527727474
139.88510894046996,53.3242310688601,55.976904536590276,61.24402048090212
136.38183481098835,54.53526505491128,55.60132128623403,60.66748538612964
134.77422315932773,53.5638948319286,55.155404117374545,60.779655596004616
134.1983658118634,57.331370594361246,54.48190701427815,60.54555126323953
134.53534240086947,55.80698138095523,53.807953836265995,59.97267627600995
133.14479402023207,55.29769023761919,53.0067239433284,59.20009523557581
131.6480989620907,54.99474803870616,52.46738713524949,58.03961617122108
136.16103209403153,53.645222082477716,52.14009377003855,57.25923892420968
136.39328485929425,54.75150165633967,51.67558823951312,56.76903231106588
139.91843105026365,59.3718339353325,51.45456909950927,56.06495930549889
140.26535767237073,64.20499283830077,50.76071585529516,54.8628000921568
141.21794072893317,68.69929599437138,50.51859856213932,54.18943787986108
140.48213344456195,72.19599192231941,50.34152102479748,53.790814448302235
141.29775945365253,75.56942850128212,50.34992337884353,53.602558779285616
139.772766086217,73.82012159470924,50.126216896168394,53.82747937488514
139.2203376913276,67.49973491637633,49.59426703911478,55.01060620372416
143.33997978153434,58.60485518072542,49.588826226113,56.33267894020261
147.80242881191197,51.61394146260352,50.667186773823204,56.97682823182587
151.07507028950934,56.4720111029314,50.89971638419682,57.4274077995227
151.90991586670324,61.35043041399597,50.935189701395124,57.901556006909985
150.88673399763917,66.05606373732545,51.26846692013714,58.76880847656784
149.24550505365235,66.65496379962869,51.08719717951235,59.30287216626057
147.41730663658947,69.9500627126868,51.26914952851952,59.66156331038158
147.61773928017087,71.02396447608284,50.8682842413567,61.00513990597037
146.99621012326068,70.68223991002591,50.35136534954654,61.688589038084224
147.01440539260517,69.12510375980773,50.31497481085758,61.27856332124922
150.59231919217407,68.1908743405388,50.18017499703002,61.39176521345951
150.12657345548902,67.60242158394152,49.35684720937673,60.81385146563069
146.64300575911093,66.13237621544734,49.39348392197023,60.288692862537715
140.90865210943142,66.44123762999624,48.786164958067914,59.6709700334399
139.50417984633907,69.33933769271738,48.1834402416271,58.992273771935785
134.52902464341574,68.69229178872695,48.01979476961632,58.60070626694042
127.26158909504748,67.85352961691306,47.461713308828365,58.601235881954345
124.7795189846861,66.43996500752732,47.42191949404607,58.092409077055805
118.34911498840188,66.01866018239284,47.00658813257935,57.27550130807036
114.8864832447455,64.87774303511175,47.37086817999869,56.27684388268586
118.79247851811327,64.59746876032406,47.71257933732725,55.206652091448404
118.87332058433437,63.59236003496169,47.55089520488506,53.97746801096507
120.14481906320688,57.6025708351966,48.204040029321156,53.17247928177074
125.04911038080598,60.30661000824603,47.971464668403996,52.55240457281239
128.83746221586256,64.07920689550483,48.30797133622952,51.337779068645744
130.2286063772876,69.03528676839109,48.663769132349955,50.83987767978485
134.21253484889684,74.55956534219297,48.53037658255981,50.75957068298071
139.43142475385415,78.04507472730381,49.037255624607766,50.042642685309076
148.0890688522413,73.5985186064402,48.88519347046844,49.57399526741725
151.32161139904272,71.30635502855687,48.62222405530423,49.50673566435492
155.25172294004486,65.0371532969937,48.48861224234486,49.68256109700943
159.28154936408697,63.064631900200936,48.158830121460824,50.535655599714865
163.2112942584118,61.413048107665844,48.06999627199326,50.73056080911221
163.27777826237528,59.63055598622929,47.93702826406634,51.183998563719896
164.18248974959567,58.63664877384167,47.688356951877246,51.6110613262434
163.31084131784974,60.02056410915385,47.868188521317364,51.97016124372249
162.5455039566108,61.45167710196665,47.826937562501364,52.251786620684726
162.4511054676854,64.8108634971419,48.01573454035211,51.83604478057114
160.03771871592045,65.73020298819927,48.125964401105506,51.569547012715255
155.0551105781505,66.1277071234035,48.6725373185214,50.774538742306795
155.16681141403444,67.95584164320105,48.4491356467535,50.2502861494963
152.24608605806705,66.66629365319103,48.07355876208568,49.72086833121502
150.49904024215348,64.35839885080294,48.487620205104875,49.71661265277931
150.67619132786368,62.567083058749844,48.13331803368445,50.20625808613113
149.8634840050064,62.453910524371935,48.21016395617907,50.43260315488694
148.91878937483514,63.30699192530133,48.5462223831615,50.279771186388245
149.57853274411278,66.15147497755754,48.782990642744764,50.81582507443015
149.47830218524757,65.06516355902441,48.98345176047517,51.42004430117158
152.60883326990285,65.17884165109535,49.04655364688598,51.192688117029675
155.75078499179324,67.87403624409515,49.076571335328765,50.537739780197754
154.99508118167367,66.87423671634916,49.019291837773004,50.9686517178948
153.40288919672906,68.77995680393398,49.054598867028204,50.30628848335916
156.6622998191316,70.37585260975659,48.79460699704342,50.24391155912412
154.4781794513071,71.92521251390741,48.483987854286404,50.26443166975983
149.95082686059064,76.39148835966088,48.20851287082307,50.66206014314915
150.20096816099888,81.23208763583608,47.70823027000658,50.32224381705236
152.63956084800753,86.14741259330386,47.461994223362744,49.753492556863726
151.14142425180336,89.26808317679436,47.396574979935274,49.63553626155437
149.836750648947,90.5689538434418,46.94999610122718,50.08972101268028
146.8057115870754,88.78079053866196,46.90013608082137,50.61007855016547
145.732046127049,86.52227654115649,47.51215095129762,50.52115839644665
148.7526956024109,84.89867786767556,47.64545130526581,50.6810560910625
145.54614284159624,83.42710886474026,47.86549906098426,50.52766521397764
146.17920558129472,80.20145693861141,48.14873043638103,50.78154164706039
149.22126020514702,78.56307560940414,48.295897622506885,50.942666088559704
152.27938073826692,76.92273672982543,48.4303488020047,51.0979977248483
156.3445564527906,78.62245109992901,48.13617127316083,50.83303854472256
158.6890628760112,77.80555710716706,48.122435119769605,50.90840096589648
161.04033465258345,79.68606524261666,48.09805087270419,50.26615756571667
162.6727983352273,79.15912042319644,47.93102066280304,49.77109862686386
163.55688211843633,78.30620517036672,47.701400927772035,49.93838130113618
166.00540771072102,75.26096361373048,47.41695017065992,49.87873051113237
164.54636639642453,72.84650350516635,47.27084715016438,50.111372254627916
160.69613226047045,71.33090107678665,47.30423967358062,50.07574681199057
158.37547504320048,67.85191274006192,47.345390670750945,49.366784423157256
152.3227814168073,68.29290064382107,47.267232251350364,50.00775182466233
147.7376231113441,72.3005366861185,47.24712373990668,51.18290486243751
143.10932207922087,76.03304069506673,47.20510959992099,51.46674368140117
137.64021994934967,76.12635472730977,47.26863824025026,51.2801156169151
136.105563349102,78.45716088275164,47.23469661906206,51.27338553855671
129.58348411203863,78.30948266626876,47.870995889145796,51.56874197152247
124.96477997368383,80.14613361030193,47.71414762225768,51.02685893132201
124.16541627372591,79.28418104137319,47.758117335551425,51.1960063825574
122.01300814367988,77.96530112819404,47.38864103229276,50.71757116668187
122.08743593448497,72.46853856094218,47.23978545068259,50.89779486855705
126.03267223952687,71.70690255448798,47.075339228182834,50.87586160394864
127.60649419760236,72.01251060520268,47.012191894311954,50.264645502519244
130.7398658694199,76.71244254581171,46.872267020787106,50.055009326466525
134.71251400290706,81.2352445488817,46.55801104861183,50.1666536740854
139.3151218896049,87.48051205667555,46.49054338599511,49.85978280620304
144.15840823991414,90.70879160723489,45.90654686050274,49.47160782183505
150.34985128398515,90.92652013043939,45.53770754973116,49.03615077542606
153.5760906601371,89.62859929336886,45.04161810717682,48.65379779469231
161.1465782275224,86.86666975428625,44.6530850238601,48.276680052275964
168.59752862180048,84.19537196190757,44.38301126159097,47.76654482651853
172.38970380503162,84.21829881793751,44.05330855415659,47.720691114458646
176.13117518436957,88.44034707469771,43.79522239365505,47.946422518747426
178.29805193951458,92.13153542717711,43.79461040932985,47.785948357063305
176.9489760565469,95.07006148660437,43.609020065981795,47.67638045677554
175.63621751717758,94.54497165908377,43.36012000205251,47.28935154048278
172.8511014008512,93.9051640967431,43.22149051433934,47.14175123507265
167.724539608007,92.97108851358978,43.515655675982394,46.1644857087949
166.4046946778033,90.79063200607678,43.33108219046827,46.289003704938686
164.3755555970118,89.47599938145214,43.155917119963746,46.09597346612962
161.7475410959757,90.24904025934524,42.79054242597247,45.95524263435932
159.77352700153065,89.44655968521933,42.546522874355624,46.162854535775466
159.02000032072405,88.74372684495262,42.6568684005797,46.171812380919775
158.20696923521496,88.0843462997712,42.884327527151726,46.09197042683644
156.12837042147748,90.7257065016046,42.83860347940843,46.41314559012726
154.02217266553785,89.83555014891668,42.83522644754555,46.788200780922374
150.3745692548764,89.85604580586764,43.07518676472158,46.74720946702046
149.46925976839606,89.87207315271576,43.471575346966695,46.71515477332422
148.57824451973332,90.54374591862361,43.833572033851304,46.79184305194942
147.7616544443249,89.68038444890018,44.03977039749505,47.091584204223196
149.22794386813626,89.0051235348483,43.97706804701486,47.007167783755705
149.19268874735837,87.06769891601532,44.047578288570634,46.58414517192071
152.72506062680998,85.65303217250083,44.118491928485156,46.559215699422595
155.29345786405278,85.0185828128975,44.6931617247143,46.400248350950555
160.19330276483515,87.1580088076131,44.934824333005864,46.42483310860064
165.85410429459802,90.09136877256435,45.1227166779259,46.31286088092101
169.56864996480607,94.01280751350117,44.893124640128484,45.66948270166607
170.994065008436,97.21698128129395,44.894633935890774,46.39198362363594
173.69388873692714,95.65331915141645,45.245131198919694,46.64423552338537
173.53911420547485,96.27998861313453,45.554680261824245,46.83793130616109
177.58105389339102,94.3707513648945,46.20060091491488,47.746472459666855
177.94741464074997,92.24367708183513,46.947310817250525,49.041758231678465
176.82951408505323,89.99438197217724,47.67156300948578,50.517250612677884
175.8426295019501,88.7101197704745,48.09921400339675,51.53965684378804
175.88624575426303,87.31389324635063,48.01198149877094,51.1943454729433
179.51477363930456,86.57314626144358,47.00333930809502,51.113736047905604
178.88421377108955,82.88297649825317,46.71964725707855,50.77001663705398
183.70149772798973,79.4938400978188,46.294713363328654,49.87359442121398
187.58994180626803,78.68016604979736,46.08882189501222,48.47254384196078
185.56785060085792,81.58829913293935,45.66589308044085,47.12338890106836
185.61814028655832,80.18716828779813,45.56531370904009,47.003243655307344
188.34384549729944,91.77116818261185,45.94481763590829,48.616629846169474
187.74918436839974,94.61872920089885,45.6451318530725,48.87753997213635
186.38680181997046,93.1166712743998,45.39324014952593,48.90499902472927
184.68425084568713,92.21236881736543,45.82883374883086,49.228849764167165
183.11791398220197,91.42929634983061,45.96804351177168,49.29826271722206
180.8353707958581,89.75202188509775,46.03304704994935,49.652756423681055
176.17095403270733,87.94155682608658,46.32231972821808,50.26049959235914
173.76901858927548,87.13503179599756,46.564171178294814,50.352876506941534
171.93451720470483,88.6138010315932,47.18125167057768,50.44726031260866
170.95242909291775,87.71667805643634,47.608186104724595,50.704264473495144
169.2429515283743,86.8342382804602,47.931069989058614,50.92110840307099
169.25737320381495,86.92653824348794,47.902226638177304,50.7365084770155
166.56249968010192,85.0544834792932,47.079151350430266,51.37420683781845
161.37812223510832,82.58244579817817,46.59736235960648,51.668049108272335
162.28909866986197,76.65818593711725,46.3223811256581,51.140795745922226
161.6240839302687,74.24099008866489,46.11802642314601,51.37203489773104
159.31698396433694,72.6748935911252,46.12806915344944,51.434789758436985
163.57272565014378,71.70915405841573,46.831713777699534,51.83041415787861
167.47635370503667,73.22655415340142,46.79063605879276,51.90208532425885
171.35403208282784,76.9828592379947,46.803753680916294,52.15794953277818
175.3085260372029,79.35552180131104,46.684174146208285,52.08626943057077
176.0796464923195,81.65067115240223,46.69679157097995,52.1605457334029
179.97495461818613,80.05491127402468,46.68724484769487,52.23963767877872
182.39036452269644,79.03365079864801,46.52829529829098,52.72486854299315
180.89674981888606,78.32283994872988,46.390964264978265,52.584210022362676
177.9758299481066,77.48114254991981,46.00119955824687,52.70970370791023
176.6882730156787,75.78255729123921,45.469104065044206,52.999664867212985
176.63226714242992,74.42105766306517,45.581115811541736,52.623553774032146
174.3111646977717,73.46919197096327,45.58671340925379,52.981749394367824
172.11423708502838,77.44904876086309,45.3270684422473,52.77786946872333
170.63557521085806,81.2742531184699,45.19670151642212,52.84668743892425
169.2559843873446,83.63964555072214,44.87025331128836,52.74434735266083
167.7867474143962,83.54019739228494,44.736753312276306,52.94324366953522
160.87227019625027,82.62514610372358,44.733518969384576,53.23643638230422
156.1098231540475,81.77233322816569,45.01012977343128,53.40068158669351
154.5220864909492,80.07132532261751,45.08886773273837,53.7059620309004
152.1040922286934,77.92132971473603,45.26182468728294,53.34292167669628
148.14356803763553,76.34658860752833,45.42524107267557,53.38935109242247
146.7497501477904,75.54741896775064,45.103134343933924,53.43281911776184
144.58231877205074,74.97019533217755,44.78691539806401,53.03690582312498
142.9458505786964,77.48049611215247,44.98152699851706,52.6337914425587
142.4200319738288,79.15186447465533,44.49709641240513,52.36319030924711
144.0069343807398,80.04719679124128,44.37149324845552,52.09662650101141
148.05563046189886,79.46966676429773,43.863924746446514,51.73372182283667
152.8369012308342,78.73186991718376,43.32657659268274,51.70511661971348
157.38391134245117,78.96763789020294,43.203199907809804,51.2335806736751
162.55294715024667,78.36193328161221,43.26606832502269,50.95914131474171
167.16701972838342,77.69805422177882,42.933670921340536,50.80427480897659
169.35437539096495,76.9630950780275,42.9836196027081,50.7993064276357
173.82231310033194,75.56013661908742,42.90142663803233,50.653995860829795
174.51072927001889,76.41843783332818,42.99664287971778,50.409442013407634
176.79188349989164,79.74236602259366,42.84374481563767,49.64079949576387
176.08067329078338,83.53529223774817,42.8106994005326,49.33227623206258
175.43563867061658,87.10121146725322,42.650607056822295,49.451245693272
174.0297961634174,90.74944360167908,42.56342394684204,49.40195173536697
172.50720036934015,91.06145074588403,42.71407097602054,48.77793744695705
171.2324733261582,94.8445514716723,42.383469712972776,48.41187436890955
169.176730204397,93.71587856153853,42.20777652806709,47.81110057022503
162.90174973514488,88.18389041622407,42.00533722066176,47.53960997560102
162.91461503404315,86.9190673738126,41.979606622865205,47.250289708444
160.8846562175051,85.38073708804833,41.825777576957634,47.51778582731673
155.25917115775871,84.03269351907377,41.82657790400749,47.4013305171551
150.2770966614694,88.11185171334502,41.959380059464415,47.66988284614549
148.8825091979399,91.55937547058893,41.92701884247915,47.82867569176839
147.42737211269935,90.02881128305135,42.01187016664882,48.06438122053211
145.99601630012162,88.45519083230116,42.03913608817574,48.37617641840402
143.78111971797713,86.79162021045488,42.19996343186892,48.85734044836603
142.43454041570993,85.8036947430351,42.02709237297996,49.40017655149392
140.88000679088745,85.58616173643733,42.25890248633242,49.83524256468944
138.39571940576275,84.67494815174862,42.88025514310681,50.20859569624186
136.7398785136189,84.77017402807796,43.26227682619897,50.018143943583176
134.3933585720692,83.96518318406757,43.55125818802509,50.160106124512836
130.65817906207855,82.45045708425604,43.64735844000618,50.239854816935825
