83.5,200.5,35,131
83.21534314086946,198.63169656792462,37.071814172809894,131.234106409602
84.46436318632891,196.1045836623068,39.66311769354093,131.19898860918767
86.06123422336631,198.72763405241417,41.6542011686367,131.13771337814347
93.6428322382124,200.09038775748857,42.26097376329304,131.04053407205282
98.68009697110284,197.34702224447514,42.73888705406623,131.25104371980268
101.83110394538308,199.76412239360542,41.73663164263189,131.7166019586683
105.04132609003385,198.2529329664935,40.59231147557596,132.10091875176937
110.87386829315125,198.19982784056822,39.41678654849129,132.20712900361994
112.90913955648044,201.73774500762585,37.94835338695279,132.93762276486436
115.71343445751174,199.9539344951712,37.509943443509485,133.92015386046396
117.92600690299099,197.18119537741237,38.26631217512387,134.2841184734088
119.14351462843123,199.55556927847996,41.0513638179624,134.75543776499256
118.67525626949693,198.31067643050042,44.656366611112766,134.5767373856699
122.20139617852428,203.99594670160874,48.53337264795665,134.13548269835184
123.41739467530586,202.70100393820215,51.69456393359101,133.9287740855662
128.30747412352932,201.27453124806522,53.31674673276823,133.93113404193403
129.1859791458889,201.24734786219545,54.439392420150256,133.98550081367353
132.36086834649325,199.57597785615974,53.89053941883335,134.42777812579902
138.9448372247439,199.6445259873935,52.31079502371016,134.29068186333149
143.55615417381333,197.73214145242034,48.82182330422394,135.24861984395153
149.14913412622153,195.88849052569225,46.089062464423755,136.11818867573558
152.4277840987313,199.8463114860894,42.3122232704464,136.54392900806783
154.80616951999212,198.73040938155336,40.27259806822604,136.05858757683865
162.73362309331375,199.0344969546352,40.45257547785851,135.450412430675
163.75466203061697,205.27429103946707,41.077719242903605,133.63971081961733
168.02025991281474,201.64308676818303,43.15920120141705,132.94261107000364
171.24474388146768,200.40834963778445,44.75513866753576,132.73045019632596
174.20714586200697,197.15425255716139,44.24602942560871,133.82294963842057
177.56150223981595,193.18425328775368,42.96548336188779,133.62069813939044
181.06406108891548,193.0126669435279,41.335783842380465,133.96387082784202
184.64000419547074,191.46967927443995,39.5089661911891,134.38731188505838
189.03829810313164,193.17907794590013,38.61633662073396,136.23782003871577
191.83860187396715,189.1504476676467,38.304019126532836,136.36264552401784
193.07201847622258,191.5027317363487,38.477251706500056,136.9382089555699
197.31842362700644,189.2817166047647,40.59014260827101,136.07738861706852
200.04319028616837,189.245250717223,43.17654549451408,136.15032039215197
202.89951305289725,192.14301828108927,45.64642084353423,135.80979918607136
207.62114786313577,190.63413782322834,47.275081564963614,136.05957751631664
212.42453908590196,189.34210735691707,48.873273177681654,135.8423949343765
214.22812236199394,189.2242426034242,50.920414999261666,136.07812444136226
218.19391986736812,190.6416982670384,51.5913319813299,136.11071711173938
224.63608998686033,187.52418686298844,50.227178295424594,136.58564664329975
229.6438589914633,188.80627354851822,48.79845237518604,136.88374396856258
231.72164193666362,189.98542220212886,47.48356787130656,137.3661280478624
234.0371508882515,189.72613801892737,48.49989958358306,137.88469641426533
238.90664507815586,190.91977213964506,50.15914574283297,138.34698680759465
242.81634760522678,190.9618694922775,50.998474612758265,138.2627921023298
247.57087726235164,192.43505253206752,53.09024295812934,138.2166329376549
255.22839540710333,190.38862887321832,52.461184388170075,139.37228471144448
258.8011022435865,189.7734041685743,51.200706630884426,140.60273412073252
264.59512826899453,188.1806730031165,48.42470779145103,140.85084538118724
270.41991374897674,187.385548298167,45.446659722379195,142.44109479108621
275.8918931052576,187.97046748824278,43.07849039639355,144.12985287312677
282.2101221716669,188.76982358517557,41.79707182123009,145.369900568675
287.25391502577236,188.4687693142174,43.03925396218841,145.97200911059136
288.34361963108427,193.4755627229873,46.58801404159279,144.5506762280939
293.5542552411273,192.40192153020672,50.71446971031148,143.78841323589407
294.85210862335265,191.11118783251047,54.066907786104736,143.3958082111646
300.5335710759403,191.09766433783938,54.820205330007234,143.4228552005068
305.81689718180564,190.69906620219348,53.38251369653257,144.22005147179854
309.9124018553906,191.38351343549482,51.24857553075944,145.87969259589434
315.82472039257857,190.3299899081524,48.46483283989659,147.98673965057915
321.80336550511703,186.69574673781986,45.48604230399365,149.26955953179487
327.42521692257003,186.97346570711136,43.11077329973473,151.67026620342756
332.1502191961319,186.49798719544896,42.49849138092466,152.62122322675233
338.0876557162256,188.40622745745367,45.362957483527914,151.75261053130112
339.1496485438709,188.99566712665126,49.21699242017929,150.57373119290597
341.6766635799199,194.44761771145457,53.29318596734409,148.8000536425621
341.68352929837175,196.40625062081426,56.371899892207786,147.97523318561014
347.93770451087823,193.35110158290144,56.40831046930023,147.81315076038308
351.9547930423412,191.75531681523753,54.64317089781844,147.87020154998885
359.44701768204254,191.72959320798486,52.07294128714737,147.9216487644942
363.78580498157504,189.87380110143943,49.51088452623987,148.5754740585063
370.14768112941397,189.5228352992778,48.86861428464959,149.27740566282952
372.40256230611135,190.65887824863856,47.3774404200412,150.0239082528945
374.30142382078367,190.64683337610205,49.58326837811702,150.0479979979675
377.8037918122052,195.82115396665114,51.70647194333223,148.82729636492752
378.6054525895297,194.91155947605083,53.1671717771064,147.58246395770487
380.27228238602714,193.778712059202,55.97902722337369,146.77540127177144
384.5489255965321,196.1621258100416,56.76148502985724,145.12048851259004
387.6485855556279,197.2901256805446,56.7665300132996,142.86448877158404
389.21007591190715,199.30138332370842,56.71337868500829,141.9118028695235
387.48640163771506,196.38720646658646,57.10555758220412,141.62981728139073
391.1560762278769,202.2222290886532,52.82431480642422,145.25030405997595
386.7783219128366,189.80214800991345,49.44702424440252,148.85806763127636
385.381381255458,190.86147740984873,49.21768254673538,149.7626318438301
379.27159395502633,194.7379292986676,52.34159176011889,148.0735049911789
376.6302896051866,195.03708786486288,54.559394762133465,147.47518785878833
374.2060710264918,194.01386717900846,56.31144547591647,146.42524278689064
374.58657786767367,194.09214055591582,55.550431793552725,146.26869603307594
370.76160227092475,193.25369373315738,53.90955709154119,147.9455896785928
368.2536806127106,193.20744911559046,52.74263367912945,148.03807891372665
367.18993355175775,192.9099995681587,51.798551502019464,148.6329780085902
367.4890040463354,193.1682091714444,51.20041051286414,148.11655880201872
365.2318647555217,197.50486060693027,49.62534504830448,148.57727200032764
361.076492531896,197.30431637640618,48.86861886594106,148.97836046137581
359.8465984805043,200.4591598274054,51.32840696872436,148.69734723864332
360.08725892494743,202.32018393580336,53.90237159817967,148.0305845401889
358.73040824143794,202.63477092599902,56.616072965198654,147.4014105597976
359.0231452653976,199.55644493120138,56.03059891727933,147.2933824632163
358.21067175782997,199.63000656946508,54.53527238518276,147.14625918668887
357.5726958628717,202.50534600903092,52.719983810271756,147.5780610372126
358.2354683897734,201.33857121680813,51.39443875646829,146.8470180771582
360.7796948080839,200.03796147705313,49.336075643042946,146.41814783347257
363.3285241959916,200.9264871886793,47.22487996363447,147.62755950662725
363.5939772378334,203.69392028078394,46.69397387995079,148.02259977960745
363.8200113654792,204.2373776168837,49.20268931353934,146.93568510740795
360.3560023925089,208.09293586404755,53.13931376008741,145.20735561186527
361.93607980145975,211.75839956393096,56.055717660418054,143.95298693033084
357.31142986941364,209.00906934820637,59.15949078017137,143.3061206174411
354.8793752890531,209.75684726571902,60.90476760700831,141.81056478241584
356.25158954632207,208.37114831801193,61.28849712527241,141.45380464502796
358.7012458047017,207.0617862922108,59.51895766674599,140.94275563839736
361.3460752075981,206.92627322226795,57.320386723767,141.21378177828302
363.2560252435988,205.56561975770302,53.500486651765655,140.87914715796572
366.97144186912277,202.472870049636,49.05242720046603,141.099098974603
370.16789982115597,206.69917539116898,45.56498919819409,141.3629219969205
372.961412701766,207.9547704793163,42.82342543421023,141.697193817862
373.3117239441279,210.8080659406594,42.122802949486456,141.5898068819456
375.12807280702896,210.9975419840979,44.060271166670404,141.2108547950686
376.6813201484026,210.7283961014898,46.584954683155416,141.74914656028477
376.91109492827127,209.64187038984105,48.995078375496085,141.05252473150432
379.26234212636797,211.49212726178797,50.10012390250971,140.25578094921397
380.02430330845044,213.6541134533084,51.48866616765964,138.844273195488
383.8261114590066,212.6704564349344,52.6371860231634,137.894208513364
387.4375044089305,210.10154082908906,54.18769618516354,137.1831756838227
392.9580855195879,210.2829539320787,54.91456038347429,136.82034947784342
401.55442230269307,210.25380008872037,55.42049471372685,136.87865716456008
410.9823850679232,209.9238305941089,54.32234311085791,137.53859615378306
421.6793068627223,209.682516737428,53.57518266375842,138.02122386714487
434.37951743108295,207.96696807420227,51.71946203470116,138.50923363013825
444.24785419722235,206.41148748775976,49.483225664967584,138.7034552759325
452.3072924637567,207.64690403100684,47.759842684123825,139.1117208998833
460.0311250466436,204.71393660760236,46.58016561412684,139.27046050838155
467.9661595673451,204.25603814310855,44.88170245935027,140.1862574373692
473.12285041299816,203.94062432488732,43.01688197044568,140.81708507381165
478.3582430321906,204.9687794954443,40.91826582633311,141.55149776412185
483.2273318544865,205.0329748110834,39.4664724317136,141.42310713284365
486.4550580697071,204.89473783948497,38.47740206883522,141.6995810760405
487.94647489248626,207.58745478409912,38.21310201205571,141.75121436436993
490.6391979024857,209.38585486392577,38.25623978256576,140.86870609997118
494.8638996856216,207.9042628425769,37.91486664928041,141.12921333167338
500.3679078708293,209.41957133920562,37.70655262566245,140.79852192511535
505.37437360185294,206.8280906361543,38.459023983568024,140.59878192124154
509.16020742184867,207.9096953194125,38.99540723573041,141.1382561854431
513.4164335605727,210.92942503938275,41.364349488693904,140.53949401070835
515.1631656554009,208.01887073691088,43.38315353268337,140.84833438200639
519.2190746134428,209.67071231489314,46.46310176701916,140.34259276364676
520.8680619159373,211.67704754749403,48.85999752423518,139.17735747954754
518.6861451939352,211.5102984076466,50.349276364478634,139.51085575924242
517.9169550676631,209.54100847866226,48.98132666541929,140.54310566560775
515.8859732220232,209.05547052611462,47.25078668830854,141.51418157070304
510.09574753416194,207.08003243061756,44.43861927551997,142.586534003995
504.4685938041059,205.2137191992025,41.48253044237794,143.47708120817435
497.1063587519759,205.25690812993273,39.40793167822883,143.3907033467139
488.9193590861304,206.24595790288038,39.22296370378036,144.1724316851752
478.6626722031524,203.66239617691764,40.36476468450693,143.80482005560657
471.7465282983439,201.42304110712007,43.062675301071216,142.7163415986754
459.9835165743301,204.96634890211786,46.8594547686079,141.2666528602486
453.6146123039954,209.93362162008484,50.99374496712881,139.93562576646315
447.0007972496445,208.80365375986588,55.449180961693344,139.2714967821886
443.25878045149454,207.39046385030014,56.94402495112867,139.1032817978878
441.43492694135654,203.944901057611,57.572911529847374,139.9567665001514
440.61237091103635,207.1303953881627,56.17570936988199,139.67040628025927
439.1469411026071,202.24059892598063,53.0799588555829,140.410084007887
441.8452298834337,200.3030501631935,50.65186472072777,141.3166981066633
442.3856594981521,201.2300538809871,49.571005491290954,142.40031704874448
444.39976299004235,200.54698003403902,48.47627545056601,143.7664647426406
444.86674219383275,200.58344315403238,47.54231704298526,143.6935385026539
444.79841818051375,202.3560838587025,47.67896506962319,143.06312745776324
440.92437264772366,202.6386733275508,49.61025161437683,142.49794852006664
439.19453557032966,200.9307807505076,50.13434191731324,142.9781498223015
437.7895637623668,199.07070251691096,49.99231960009643,143.7463403563522
435.41135904887875,196.07178509901377,48.82803762700575,143.82348379207983
435.58151213166644,196.059968306102,48.4877314614304,143.8471173779034
432.2687907723432,192.57231769963317,49.24447286606296,144.95371727682718
430.2200500355953,195.41500852060693,50.37802285038912,145.19619861321908
426.5585821053151,193.71636676341828,51.72486360805205,145.60543457614762
424.8022416007864,196.9152695867954,52.21918238674413,145.2443533901241
421.11229517355565,195.85363917733153,53.55474955504458,144.34545136597143
414.0042921159129,197.4396698074371,55.63700188321004,144.20682855254032
411.1427489366219,195.7878171615532,55.222281863663554,144.44163065524384
411.6116162117842,195.71543120322042,54.28454731333884,144.58640257190942
404.7794913627725,192.21991501197044,52.69858502984274,142.42730776549766
411.6210773020593,206.10849686340003,53.96802250529547,141.5648408998858
399.6106302822485,225.71082803765515,53.98080002679357,141.37336789332625
398.6087948625335,222.97685189353214,52.98597430392422,140.84432705697344
392.06321670603245,193.08950793690155,54.18505584525597,141.15864111188296
392.6497911591982,194.5589801124474,56.01098956086347,141.21877938273016
388.02185832461396,196.40008798308955,59.201553295868294,140.56921460852772
383.2108748316973,196.21858996724984,59.583321090465475,140.93221064020716
382.80237095997586,192.4650847405041,57.30825315764784,142.25506974117778
382.39896355516527,190.24588626641005,55.04434196866987,143.62274069076665
380.91068516822315,187.96583207614773,51.921136914897396,145.13296815746293
379.44991706993255,187.3453382831359,48.81233182649629,146.37395574348662
376.5499590754896,191.1607235412279,45.68347401436487,147.67195902831992
375.77721048160345,192.36333797481672,44.291808776942396,148.20389258633705
369.6132408426238,196.04427075605088,47.862986034021986,146.67986837112176
365.93622572523617,198.11212098304128,52.25380211178078,145.50738207415736
362.50429326797155,196.74748624848547,56.091117081269715,145.2101015982286
359.84356402949135,193.70218944267782,58.32111895615646,145.1177820056968
360.1177721647222,195.23637714888454,57.77270268569474,145.17942328059922
358.5426583199729,191.54656080492754,54.68070136546207,146.3168269587818
359.111762858744,190.88557253712682,50.46051314252206,147.63880349438324
359.1739572847019,190.2328680162809,47.31174634116804,148.9442125360751
361.84627965109195,191.13843824022484,44.95234490865853,150.11831538845786
359.5261716513497,195.9135366375616,46.63429446285116,149.4429179296601
358.19428774583236,196.62870157338136,49.298062273885876,148.01258805802058
356.02572432911467,200.59031104414322,53.635189107321274,146.10630047014016
352.0406493113224,197.80325163336852,55.485131672979875,145.56021182176357
351.6796905771494,196.9326339723942,56.2070491413258,144.215843495657
351.44901001933675,195.54835408368825,53.58915867641256,143.90515169253032
351.30784917823263,193.84103960015472,50.843728996063454,144.29202929704002
349.2285533431718,192.75079345907733,49.03509931708617,143.4889109046453
351.82116765506197,194.08980137867883,46.789109628938675,143.75013400107514
349.45719169984227,195.14450117350967,45.713332400160134,144.54259898102242
345.31708303338814,195.53503589918014,48.20688088942211,143.76152952968147
342.228390232587,194.90480203556325,51.45626747795944,142.09399824385036
337.8681199543917,193.97047790237582,54.25019746806514,140.99934122708268
334.0822981767341,193.44781483014845,55.82591135849231,139.04670253909356
329.89036171502227,192.7942847511751,55.21553221125525,137.35567867348664
331.5529447508551,186.62085828986199,54.85321169797035,134.88830380420924
327.98740665897895,186.63166213395874,53.22175783777007,134.86669611601567
330.2622139706995,187.83031825658395,51.56356038702577,135.36080104346212
326.3956859639103,190.2278864633862,50.690248712478926,136.30324308860781
327.198262868607,191.79697520594436,51.95167658492275,136.03164728532872
323.71177800737314,192.130894364062,53.153868774741284,135.36380896909347
321.8209482801155,193.925735126998,54.03817732531284,134.67147834716525
321.2325896101366,192.6918383548567,52.311703229579436,134.2360804557566
319.63322629721404,191.2087683428013,49.77830433177739,134.33615771804378
319.669578132237,191.29447235972975,46.883641848192696,134.16474968418686
320.95335620620176,191.05865065952196,44.316085700263216,134.63639308460245
318.1512976573612,189.07020646544362,41.73939294457646,135.88634485496982
317.7687900971468,191.21780836852886,39.80717017846551,136.98561682187898
318.15701100571016,190.84656702858783,39.030728361338774,137.72809950176105
315.7226588319868,190.0674944509211,41.22651386918757,136.61332581749656
313.23601380252984,192.69107030526646,43.501768204621655,134.06420983228568
312.092666932015,197.0066078297766,45.788461945651264,130.84086182741734
309.054091768703,193.05304409135482,46.46613237869251,130.64876946388677
309.0102154593198,183.82595002397684,43.84458231938117,132.8471415301766
307.5079708515739,184.41745687412575,41.46337356796361,134.35697681333352
307.27516709185096,182.47723961396267,39.25851748737599,135.56694773362625
304.0932923583423,175.57210494721903,37.68229072998439,136.14392335976535
303.40018746180755,179.1897263953671,36.44316247179714,136.78469461723938
301.4763769355225,180.58374972097732,37.67970553972486,136.6077259506612
295.61102789431555,178.39592898357353,41.5149244621372,135.71971465213443
287.45874086297067,180.1523401586302,44.36587639525757,134.89761672793492
282.8948209034864,181.92329980610157,48.03058813994414,134.0872615201332
275.4465789727003,185.10892056389318,51.77987293641199,133.28961953710217
270.1204056479221,185.29475630498672,53.903416394502926,132.91794805491512
264.19527963532903,182.3884683175473,54.251541116352804,132.97946037812574
