139.5,112.5,51,36
138.62574065194315,113.05875449085678,50.3835404082529,36.61244759400806
138.75755061557393,114.90726017229946,50.11992048099129,37.01258922865911
138.87631135152208,116.11110620183771,49.88239900909504,37.341454441582
138.22305843900725,117.3894076602516,49.8188548943311,37.52495140434138
138.20980816930137,117.31238159900585,49.84535543374282,37.679003526832894
138.1931065671181,118.58186143197072,49.8787586381094,37.89005030449479
137.49647242939236,117.90348610277796,49.893068311824535,37.86784236114399
137.45790820162986,119.25606286226324,49.970196767349556,37.92031726691953
137.35343361074612,117.90208185909017,50.179145949117,37.866585902949325
137.3324273227193,119.24243953558164,50.22115852517066,37.9521773315148
138.71540782393504,118.53105132469051,50.22558112249828,37.98976195341754
137.50683668993466,117.26066315716042,49.870977161498175,37.758792059476846
136.22229017070782,117.92321340541113,49.68667648355116,37.8103884211758
135.50486930615855,117.24128719188442,49.74678859078214,37.7995112263617
136.10149471392083,117.97929835618933,49.92900642501479,37.69895754750905
135.422217892892,117.37458743074126,49.91095631380699,37.531775645139774
135.98707487678934,116.05049793400562,50.154839091361026,37.43276114791366
135.38776344128513,115.38763504647686,49.977772040923966,37.38279700152574
135.30458804917163,115.49607454603176,50.144122825150994,37.16591800241593
135.9566102242771,114.81365409279289,50.21123695790042,37.15960042593327
135.37756691857524,114.15321327649313,49.99724819177661,37.108406681005214
134.68009487612017,113.49224731002127,50.02420903423156,37.062355371493716
136.69475913165232,112.77114605080422,50.097797516396625,37.13691889218468
136.02967366232548,112.66022407163064,50.05798930642021,37.358762850531825
135.9776032435555,111.95322753494563,50.162130143960155,37.399750544913914
135.92832827383648,110.64406508136234,50.26068008339819,37.267554121438174
136.02701212985704,111.23167486141983,50.063312371357064,37.46692992696087
138.16714867293072,110.49767752706195,49.907607321809806,37.560068583476586
137.44128390695363,109.77638711918047,49.98532865036445,37.62864119584004
138.72026427035266,109.11639995074466,50.17999333372391,37.57230282763289
139.40111094210909,108.36748951070483,50.19665556837262,37.691768129551036
139.39987172666545,107.67540559020887,50.19913399925985,37.695373136086474
140.07151716076288,107.62380008180818,50.23650264361639,37.79858415288782
140.02670726657146,107.54824675701362,50.32612243199924,37.949690802476965
142.04055525366851,106.75918082528617,50.45867746384938,38.14107233058378
141.38514536039384,108.01393056196206,50.37760066344683,38.41536603113581
145.65931456425471,106.70256418931237,50.20009307685936,38.24782183605709
146.2434378050337,105.33763786642922,50.42154407586309,38.198279520700034
149.7521242883747,104.69358682881786,50.36549624512116,38.094116568734734
151.73376174699982,104.64282680635115,50.571350429856864,38.19563661366814
154.38384639127753,105.41533789623503,50.849200024558215,38.045119154714584
157.63328754363502,104.69510068250754,51.331694619500425,38.089318202238104
158.77305755568025,107.53417763590409,51.860833102985225,38.02852131059552
161.4073505449942,106.84158660890046,52.23778364729478,38.00231923386845
163.2690025610505,109.63669819960741,52.76450910908233,38.078802044321414
165.20767485165706,108.80908002653206,53.164931325129146,38.30811612471881
167.27430472999998,110.874206970832,53.33895926135818,38.48514992903381
167.84117894968628,109.32033454254028,53.646522088661584,38.71027225226528
170.67661764961903,107.77472689320356,53.774344317860546,38.90213773640649
170.55708885025132,106.19086046412234,54.01340191659599,39.160337548353574
174.22113526688898,104.61361983497989,53.998482095613035,39.3895496017215
175.5453067489993,103.09795939461961,54.282483360936006,39.48852625289845
177.67095219151767,101.5715779082952,54.4475139638863,39.5970749002226
180.48963527247417,100.12107176774569,54.71572287674993,39.54529964393331
179.8820987689306,99.23686400835594,54.451184312686465,39.834103591562176
179.02558268205627,97.74325137377683,54.683876333107456,39.860648554065016
181.8690117279142,96.27654469623026,54.934250899704416,39.825445580001734
181.6916565513303,96.94289926833898,55.288961252872184,39.98026543808142
183.03383219635762,96.13758438431394,55.5955150618356,40.09544265662245
182.98723359665445,96.89904534604868,55.68871226124194,40.0745144752498
184.3526534749401,98.28194027014776,55.9639972055133,40.31484932789427
183.57402354897215,98.34277614393994,56.0100701511313,40.19317758030991
184.27546717532465,99.03948502864475,56.11706695180716,40.30964386428114
185.69571845639817,98.94918227906619,56.30340681882149,40.49024936343826
185.06869206026786,98.92972481690227,56.03824399348849,40.52916428776613
183.68146243698217,98.91696078556816,55.78103228425751,40.55469235043432
183.50387761165595,101.92200887418046,56.13620193490992,40.594009000839286
184.16980216599956,100.38630436227628,56.322739425644826,40.628644825803455
183.3857495472337,99.6317250745852,56.36906040403305,40.61601914204209
184.8331161441373,101.13046597186856,56.518884992130104,40.66309512937963
183.395106561579,100.37114738440329,56.34425628027675,40.6564083658252
183.41969437254954,99.57223592786303,56.29508065833566,40.73166440598781
182.8069206822345,99.5924510458523,55.997569950788225,40.69123417000928
182.0030697582944,101.04891000884942,56.08739078683436,40.814078267683115
181.28456457295462,99.47099279483649,56.003139995641,40.92739037196307
180.55184488065075,100.98183871230708,55.9467369916113,40.94938331429675
179.83374482934892,99.3899948183682,55.86159020180603,41.09037731735667
179.84753628891744,100.84939754376802,55.834007282668985,41.21630408294642
178.45370405436697,100.0264460818743,55.57364953132317,41.33819589651044
177.73697100734273,99.23097754952376,55.48506665012048,41.40708398596038
177.18710025242254,98.42455998446823,55.062979354545476,41.498090310656075
176.6085856844532,97.71488494018263,54.703117531986244,41.400549440729364
176.06523636923095,98.5186972204659,54.28000159925941,41.30273944333426
174.6503807356227,96.99008231363065,54.106177544562236,41.3564339350911
173.21803982937965,96.90430229803368,53.97087445205168,41.527993966285045
172.42908055362412,97.57368129824022,54.04806859952708,41.68996036990764
171.6689696077621,96.90820417878001,54.06374846171835,41.516372579295265
170.13814120165674,96.2139532964013,54.12149967925633,41.4029215467163
168.50211530010625,95.63869379374584,54.39158267492155,41.05245614830934
167.52836627359258,99.59534341581983,54.83969928830932,40.636064102359285
166.60944502943164,98.21579267575339,55.178151727093066,40.39638548341588
166.30697835042247,99.9230166760664,55.78308508511137,39.98314492115481
164.7313832486385,99.28916446922028,55.928296369279366,39.74785987514706
163.8039730743987,100.82750197245647,56.28180183805736,39.67381462807795
165.27700993031732,99.87292823685559,56.34661403576558,40.07751914450699
165.3370810181093,101.16999484861792,56.22647186018159,40.509540142409435
165.4688380368462,100.9598120071027,55.96295782270785,40.92990582543986
165.5392127274686,101.42797393115771,55.82220844146302,41.51485558405999
167.11048122808432,101.89640420038097,55.73711498198517,42.106716816490255
165.79929122162366,100.92977010188586,55.28528426105075,42.502879646552564
165.84009272010863,100.89023434549684,55.203681264080785,42.581951159330636
165.78573050701317,100.20351579749922,55.31240569027168,42.41866738284287
164.30437686709112,99.44684622162848,55.20367340772128,42.3962867533871
162.7134616900626,98.82104062717482,55.31811304758632,42.114202585198385
161.81826761437566,99.6604828094548,55.577660473905425,41.96615894569324
160.88585313501218,99.77115543789833,55.91010979451305,41.74481368880618
159.8227528010791,99.93760386074062,56.5024877512607,41.41191684312159
158.86604614593867,99.32865166490275,56.878527017246846,41.092447190502575
159.4006768716894,101.68449052304146,57.347100288168505,40.99427364149467
158.67179879520464,100.84697326832143,57.26153552752978,41.1259872373264
158.82684314073384,100.77345656694096,56.95144683647133,41.273020640087346
159.69564444579743,102.89232554677301,56.755752056509486,41.66100617091918
159.0825414500609,101.30337000571123,56.43665197783562,41.748305112748824
159.18793571309848,101.17101267752103,56.2258634517604,42.01301976912922
159.2359759351249,100.42539293655044,56.12978300770754,41.9612432938679
158.54677786222658,99.72656851890827,55.967472477071674,41.8181854527197
158.57669304407128,98.95405827898249,55.907642113382295,41.82730983312113
157.93567023555906,99.02616985845941,55.65455294066726,41.68308667416726
158.67390481027996,98.37229966798495,55.70700725189039,41.46190359445124
157.99071225534425,97.67806440369995,55.54728976113982,41.32427152239926
159.44677057987937,96.92023346799168,55.678013254883474,41.318513322408855
158.70161412532548,95.42621805907237,55.645012202302986,41.25991621687099
158.6519058071684,94.03870015059002,55.74442883861717,40.99124700963641
158.61750083587796,93.3874558911667,55.81323878119804,40.774774672245414
158.66494863441818,92.7516953236784,55.71834318411763,40.5298408750413
157.94770376038406,92.18666036454914,55.641839035223,40.148916896337056
157.93585141916745,90.73529628707797,55.66554371765623,40.04449482911865
157.92802661788517,89.89648079218694,55.68119332022083,40.21990829284978
157.87985140421006,88.32793026167265,55.777543747571,40.34633193548431
157.80835568973157,86.68763193151241,55.92053517652801,40.609173641487004
158.6446970666604,85.80148909394136,55.763216950203415,40.86609478909608
159.39786639354233,85.00625142815377,55.77407202973916,40.939376387371645
159.4155000969365,85.02542210472399,55.73880462295082,40.90103503423124
158.57445367232432,85.26226667175682,55.9035013944122,40.427345900165555
159.3188331800273,84.71716963899487,55.92686130215296,40.00542104254274
160.02904119270093,84.94491780068134,56.011979303828376,39.549924719169795
160.6627337272764,83.69563585466133,56.2439133344986,39.049850411567526
160.6878333656505,83.72835457046415,56.19371405775034,38.98441297996189
161.43157023523145,83.17358057959618,56.198970618627285,38.60123066165899
160.93047128320183,83.0929727619214,55.714696317910885,38.76244629700852
161.72244094099364,82.28223184482427,55.61258616435777,38.90209896917228
161.65965961564672,81.63033274405966,55.73814881505161,38.72330421660993
161.74359562103322,80.9474935315139,55.57027680427858,38.607446047883776
162.5943452965124,80.24159619651972,55.34586465931856,38.54215351187381
163.4364514835091,79.44041543354325,55.13427165040751,38.67189567274438
163.5060141325005,79.42150867929057,54.99514635242473,38.70970918124974
163.66532554120477,79.4567986517263,54.67652353501618,38.63912923637825
163.1406473341234,79.4043716604952,54.26177778363898,38.743983218840455
163.10722778085932,78.67005273434057,54.328616890167126,38.753068985216416
163.21671514869098,78.69639257229173,54.10964215450382,38.70038930931412
163.22639368113732,79.44772406691274,54.09028508961115,38.65425669380903
163.2808112882841,77.99078776832705,53.98144987531762,38.65717354131937
163.3429900572432,78.0525022727968,53.857092337399386,38.53374453237986
163.5093351936854,75.64176466477429,53.524402064515,39.00533266737866
163.7163504274033,76.56689199915402,53.110371597079165,38.60774756185282
163.88249514744507,76.49782335968357,52.77808215699567,38.74588484079374
164.68752902913081,77.33217074787478,52.605095474243136,38.514271145030214
164.72467434528818,75.67780548207251,52.53080484192839,38.96169206291074
166.93275348792895,76.50231113663409,52.4252260055317,38.74954057008256
165.54588054779884,77.46869108308107,52.33541296178001,38.24856013919455
165.59154655182238,76.82671733291436,52.24408095373299,38.110307254757856
165.64568945672903,77.67099801881972,52.13579514391969,37.84029081352871
165.0068778816277,76.23125880752441,52.00095017074117,37.89483298935707
167.38651198353125,76.87731126059738,51.47563492826978,38.01404573698968
166.6646727470488,76.9578120203027,51.51401891664214,37.85304421757906
165.98104214862144,76.12792642262642,51.47804157024197,38.10957686967671
166.6973762509725,76.04838560181588,51.452269608263045,38.2686585112978
166.72737941339813,76.12625785172551,51.392263283411836,38.11291401147854
166.76640330931806,76.19550279093036,51.31421549157193,37.97442413306884
166.89235358128832,77.67036591474613,51.062314947631435,37.82908116835654
165.947938187517,78.9474497696209,51.555164622388496,38.066875684178136
165.68015580493667,81.65624755657618,52.090729387549125,38.278755914140575
165.28607001340862,80.22248125803333,52.87890097060523,38.308328730124884
164.3460152458644,79.48694464770065,53.327581536549715,38.34797298164628
164.18838608587126,79.35954989489002,53.642839856535986,38.60276248726753
163.22402137570623,83.09938096239472,54.123717822228585,38.36235762544571
163.04944635467973,82.32106820031078,54.472867864281596,38.46780661590523
163.53866945857243,82.92188774749954,54.952618664734274,38.72436452976574
163.41094877600455,83.51492371346656,55.20806002986998,39.00797616046813
162.50258930934868,82.7488120185071,55.54655537802404,39.06197596522931
164.49674739588812,84.83536109620752,56.0109390596411,39.34157766452442
162.8853111975156,83.92674818586362,56.24207745084679,39.66293648244254
162.74367882589755,86.18898652250792,56.52534219408292,39.65244816585041
162.6595049287421,85.24873465290344,56.69368998839379,40.02417922654757
162.47397642432938,87.34728955189516,57.06474699721922,40.37941929630965
162.36728908820234,87.0761341996818,57.27812166947329,40.92173000073638
163.66874304050134,87.63347254628033,57.75737799745136,41.34813542382733
162.83763902026618,90.52163265316429,57.864226783815496,41.7932522264839
164.29111480825566,89.50686350079815,58.08587350269677,42.25849138378611
163.4987094621695,92.4261108864961,58.09537993929741,42.72121363467686
162.61544716321077,91.60256632095621,58.27886354072419,42.785261769266015
164.00598169124535,94.68768264318459,58.67155142086972,42.96254299723861
163.15459835035267,93.89464966323297,58.77856797216555,42.95285882665233
163.03080519809185,97.05830212305762,59.02615427668721,43.01441827569312
163.795837015123,95.47994932453358,59.098075316320326,42.96715452535031
163.7338642097397,97.75540897126467,59.222020927086916,43.22313541776996
163.6630002786364,96.83655692128526,59.363748789293524,43.45245589452759
163.70675813663502,97.58724143683528,59.2762330732963,43.56538527495054
163.68124578060753,97.48275201107444,59.32725778535124,43.77436412647225
163.68342827907762,99.79762372588687,59.32289278841108,44.00168844998184
164.44918541513155,99.09279107271648,59.41405894179739,43.78867333082841
163.64750691094426,101.5577417757019,59.396839766868474,43.72050047476814
164.43204754147263,101.54799911613323,59.44695552423325,43.739985793905475
163.71383268457896,104.81126502614931,59.263107353258505,43.694565512921685
164.37155222965404,103.94362180265736,59.56440811067317,43.81311211234068
164.40435200345135,104.57330327009251,59.49880856307859,44.17701038943078
163.61361283408377,106.0439145391225,59.45206030662311,44.49224104175206
165.14670840873964,105.20889345939804,59.65121788444901,44.529608837632125
164.35018038370856,108.41795936788469,59.60795730251569,44.65674354864085
164.9987333098255,107.6576881238951,59.94858942212932,44.539548064772546
164.20776804370684,109.11200358957126,59.889516793961974,44.91292345422944
164.19315013632735,109.70458078982668,59.91875260872101,45.373982797431545
164.05374576534655,112.06094357409883,60.19756135068258,45.623837845817015
163.9592823571837,111.29617970511318,60.38648816700827,45.490842521979886
163.94324841047114,115.42407002903975,60.4185560604334,45.55120765619105
163.12489231832203,114.5921796877437,60.39056415470158,45.550284248753115
164.00801043067153,117.73576851240357,60.28859051464875,45.920156938018316
163.06741474941447,116.6661524952548,60.501034003618045,46.390641098770956
163.9293145974253,119.84591051026882,60.45689711185763,46.749776285788144
163.0028642477994,118.92674334942694,60.62495717740596,46.90326997376843
164.73667846206945,123.0005930135903,60.53714373166742,47.20510810244561
163.78082224148156,121.00560641518804,60.75537836641767,47.80812568639911
163.83287510199264,121.95532903157972,60.65127264539552,47.6152996892711
162.95544280525243,123.72866337560093,60.70424444138668,47.47241659620718
163.00793581702317,122.6879658430014,60.59925841784518,47.853431156258026
162.97493767815874,122.51381361202672,60.66525469557404,48.20173561820734
163.07397135208242,123.37452544177232,60.46718734772671,48.19194164241079
163.08802062196133,125.02749848323433,60.43908880796883,48.30286637376078
163.0379609452243,124.15221483522977,60.5392081614429,48.34363029630273
163.14501039622746,126.01921754807918,60.32510925943657,48.03362349975619
163.14022270090885,126.02062841766622,60.33468465007381,48.03080176058212
162.2529011219893,125.13534199851183,60.40553691503506,48.09758370601302
164.8310284424971,126.77223022007034,60.36716238533562,48.23572733710673
163.03067886857835,126.81824982256715,60.5526374268108,48.14368813211311
162.96448281391315,125.88549915777932,60.6850295361412,48.30022721201044
162.05605962728973,124.99849909094546,60.7883453200087,48.36069675629883
162.83407884905017,124.93416005952628,60.9484017252382,48.48937481913721
162.8919997613104,124.8989326674951,60.83255990071774,48.55982960319953
162.97253356613865,123.98210308120444,60.67149229106119,48.67348650454929
163.0139887882313,123.13906690586315,60.58858184687593,48.64018416429938
163.0487013822227,122.09547693326847,60.51915665889314,49.009800863598144
163.21077572945387,120.2606297594215,60.195007964430786,49.234529007670304
163.29982928163142,118.68835230369702,60.0169008600757,48.936809102751134
163.431476125889,117.1822461669299,59.75360717156055,48.52184753375616
163.5228113543445,115.73802723672219,59.570936714649534,48.0046249744197
163.6772429929579,114.29077793852905,59.26207343742272,47.51581645767133
163.79627918618726,112.90988648798162,59.02400105096397,46.919607326114274
163.85879482259463,111.4648719333639,58.89896977814923,46.47827906748519
163.16893728796796,109.9732715926547,58.62208503378231,46.14828012166301
163.94919532228144,108.50955299412847,58.70856993052813,45.7817153879698
164.0045380697245,106.94795440659504,58.59788443564203,45.620182153689925
164.8715932269153,106.12753744608722,58.501819242609855,45.62297095335612
165.0204087554737,106.11198826328756,58.204188185493074,45.65406931895544
164.32848086812115,106.9040659368859,57.955468899662556,45.70248903229441
165.09078771086163,106.14235843642908,58.06041037590563,45.596348871484004
164.45543432608844,105.37550161850447,57.70168015014881,45.50062551203
163.6648271572576,104.53761613743256,57.66050331103154,45.55400529739487
162.8856688251309,103.70793199660586,57.59619237757556,45.590745981338834
161.33906250145148,102.94705796105004,57.44492655792658,45.490254818946596
160.51603167869453,102.99185844306048,57.47269708409924,45.4006538549257
160.56191002233822,102.15831808606504,57.38094039681185,45.45047285860472
160.68031975246993,101.4473646964975,57.14412093654849,45.25571434130901
161.7767267772319,100.59967984699202,56.56118345869181,45.341207468652705
161.24783611234258,98.94275352312627,56.01663641633785,45.45040337211914
164.8596663096332,97.99234535014169,55.17593083079488,45.75548101582871
164.40435807224915,97.09604899009516,54.49880802150434,45.960334451863105
165.38536897306818,96.18046307564441,54.11739072502044,46.21090177561048
166.41579613882388,94.38279658071775,53.63528249157669,46.64874256932845
166.85848018389612,93.61187748105951,52.749914401432164,46.61226321392836
167.2217638016677,92.80119118647971,52.023347165889064,46.66962358911584
168.9953756889251,91.29096648188192,51.583419821214356,46.58277656847133
169.35824829689494,91.16905100338522,50.857674605274646,46.82660752546474
169.68332053761048,90.5103922453618,50.20753012384357,46.60591737972244
170.60216795904554,90.60778664440585,49.89419272737092,46.411128581634316
172.35995260233912,90.63253784484074,49.41136591545848,46.36162618076454
172.6217928512792,92.13699385362371,48.88768541757834,46.36880399180964
173.56653361738285,91.33094426492889,48.49817495861941,46.480932095950905
172.97166818534737,89.89105790436398,48.19225619395401,46.36940555960804
174.50603389663974,89.95124081101648,48.10170648160775,46.249039746303026
175.2699750311436,90.80428055179352,48.059591122189175,46.02872717433806
176.48595816073876,90.76057247977771,48.59086387715943,46.116143318369694
176.59927957303987,91.55956756060473,48.36422105255726,46.00947478991411
175.20483381780744,89.97785515535499,48.18094401783945,46.20073105523098
176.64886907453175,90.75283898903618,48.26536111376613,46.13700719255625
175.88533328939792,90.02534671388442,48.30587567615457,46.105434734980555
176.66737810521394,90.82283050919516,48.22847737513602,45.99715847497254
175.9892777215934,89.98693203731418,48.1009138786077,46.18519115496505
176.62329325402092,90.8757375774384,48.317626741413015,45.89232400237699
175.9274125565308,89.30510914520376,48.225889775459166,46.06658414497818
175.8809090455009,92.31613977504828,48.31889679751895,45.98381691254153
176.51077461718228,90.62646933412415,48.544133936250404,46.393221230201554
176.55606255711393,89.89143331580466,48.45355805638708,46.368312738458066
177.3208774015377,89.99415436926179,48.417095902887404,46.16287063154379
176.52812170486203,91.55078349927764,48.51326477062586,46.02829742273786
175.77081974634598,90.66837742290072,48.53915376861472,46.3043946564484
175.00672656107753,92.95886537510492,48.5738446098739,46.20390533987309
174.99635988070003,91.41024050543146,48.59457797062889,46.316262416190185
174.92838634835869,92.97084500505494,48.730525035311615,46.184155899699206
174.14254872170108,91.45761256198799,48.807615386132255,46.22145098084394
173.4338064056773,92.33634415868988,48.728717839796715,45.9603699658232
173.3081463857112,92.43448911104734,48.980037879728904,45.76408006110828
173.2024508629558,92.4442123484103,49.19142892523973,45.744633586382356
173.2377800960116,93.20187287399142,49.12077045912814,45.724122276826684
173.66587648668258,92.3219152612576,49.7579585618778,45.99065661820269
172.83223660159967,91.66252841711429,49.91767793885172,45.80186991329752
172.53319689947324,91.61274928941555,50.515757343104625,45.90142816869498
172.26432127020874,91.65471541069677,51.05350860163363,45.817495926132544
171.47538038170737,91.04851822850914,51.106419963773796,45.5049198756453
172.1189012630702,92.53570723449171,51.34017717141839,45.57213980442058
172.10583986558512,91.01314864853592,51.366299966388524,45.566252420751574
171.08707776811275,91.09899483668693,51.87801059779873,45.39456004444956
171.78019739196208,91.84739669979221,52.0227719554683,45.42875692360723
172.63900668759115,91.0094819126582,51.838944549529586,45.57079531255589
171.77329040187885,91.01843341469655,52.03715966064716,45.552892308479194
171.70736694890093,90.22882174668106,52.169006566602995,45.59611277728453
170.73643338758842,90.96464895045476,52.572135648963005,45.66319641000215
170.57476195916064,90.16303164602513,52.89547850581859,45.720374725427284
171.31444647448112,90.88751318019723,52.96808704598827,45.82338922789374
171.25843721825848,90.17111638869937,53.08010555843357,45.701429012625965
171.1290352069285,90.15229257772785,53.338909581093496,45.73907663456903
172.5973367322303,90.35341628567863,53.52057710416878,45.33682921866746
171.81404317052477,90.37231714330397,53.531688869230805,45.29902750341677
171.62768254167256,89.57178219384845,53.90441012693527,45.345058726358765
173.0094933309438,88.77337303764686,54.263848557265604,45.380347034325524
173.67774419790655,91.03563475614088,54.49498695525104,45.55874399307027
175.0449450715417,89.59357270141268,54.90873998643899,45.29471332406843
174.1104998349997,88.79134796435855,55.201440150917534,45.32297248957126
174.07092525427063,88.80067691826694,55.28058931237568,45.30431458175449
174.02818015453454,88.84154264894076,55.36607951184789,45.22258312040685
173.97327152466565,88.88035903366668,55.47589677158566,45.14495035095502
173.86620415600993,89.77629121209421,55.69003150889712,44.93557689567679
174.44648179629093,89.18016507690196,56.111867278062476,44.54543811633391
173.66948834434305,90.02128126930938,56.08331824135006,44.44574167212715
175.79966753295676,89.18904870304023,56.56440166334262,44.52972620492549
175.00606119665707,89.16729000399123,56.56240352345216,44.57324360302349
175.65879926728343,89.94072244032012,56.84681452282254,44.616265870988784
175.68567349533683,89.18531943324844,56.79306606671572,44.53213289157002
176.39114428504985,91.56564539756258,56.974873675922964,44.54972852884156
176.17129089593527,91.0643037316498,57.41458045415209,43.9565954569465
176.0569406284191,90.31094989965065,57.64328098918442,43.87042760981347
176.0783398398661,90.25257470615614,57.60048256629047,43.9871779968025
176.05096461168847,90.32102215060317,57.655233022645675,43.85028310790844
175.95731350019483,90.45298477768796,57.84253524563295,43.586357853738846
175.04173179491795,90.52194324236012,58.080342533758255,43.448440924394525
174.86056533453208,91.28445289126259,58.44267545452997,43.5181437429433
174.0154989426021,90.68388729797837,58.53143217629196,43.11789886741374
174.61557891448726,92.19216107297461,58.927441638742856,43.293690129863656
173.83084795036905,92.2004798062288,58.89183562499273,43.27705266335528
172.88626456873132,92.1629675148915,59.17674814170867,43.35207724602985
174.41225044124104,92.15336274943851,59.34440048580951,43.37128677693583
173.52736865444382,92.08713553661313,59.50149125419655,43.5037412025866
173.37937123385143,94.49916195921017,59.797486095381345,43.53138220109271
173.28100000065982,93.8798190391863,59.99422856176453,43.147890193829376
173.30140304302313,93.15430084375649,59.95342247703789,42.98006671792388
173.25629771553227,93.15256278047363,60.04363313201962,42.983542844489605
173.245466983254,93.14079590079014,60.065294596576145,43.00707660385657
174.0073990177912,93.11621560699163,60.159050661690436,43.056237191453604
173.9962315801569,93.89977246528261,60.18138553695904,43.10897284503219
175.62014904764413,93.04512563751712,60.17566165621146,43.19721097344973
175.5634473442324,92.29274430010314,60.28906506303489,43.079553092748974
175.55767387344252,93.05526289434368,60.300612004614635,43.17671828151971
175.55737991358544,92.26295699139203,60.301199924328834,43.13735363747911
176.35828007465844,92.22283630649622,60.322737133339906,43.217595007270745
176.3351973310027,91.4513013470084,60.36890262065141,43.135680664682106
176.2559492075256,93.89163270007295,60.527398867605584,43.128024226672984
177.03685912101375,93.08210798193205,60.59218849335816,43.12046421022592
177.9503391034284,92.27766443242494,60.39269436843688,43.101885469332075
178.70212890916036,92.26763963922686,60.51325414908412,43.121935055728244
177.89290085818678,91.45440566560802,60.505415228466426,43.122107980401026
179.47489699117017,92.97879484305108,60.593781326758446,43.325687989773805
179.59592963934446,92.27330882213093,60.351716030409875,43.10579117236356
179.5515768434266,91.53752507804126,60.44042162224558,42.95377553969473
179.60450451472903,91.38686087171584,60.334566279640725,43.25510395234555
180.35665002096977,91.25107087103643,60.45605590838691,43.526683953704364
180.32090155931198,91.27849306978375,60.52755283170252,43.471839556209744
181.03435844188965,91.2487500235292,60.73290937186161,43.53132564871885
181.88737908931193,91.16547726060622,60.66322852390174,43.69787117456478
181.86361871759314,91.15842398262816,60.710749267339324,43.71197773052093
181.82891708029217,91.95837117909412,60.78015254194126,43.75107944152377
182.58037807955415,91.93554666104237,60.91792158785827,43.79672847762728
181.95094600138881,93.5731577980633,60.53325594970089,43.80856579256145
182.62992161512702,92.84592275528128,60.81319743202168,43.62514316832834
182.7509101675252,92.8509209468566,60.57122032722535,43.615146785177714
182.74030707638605,92.88948048450696,60.59242650950362,43.53802770987699
182.60976735957283,92.90976369107341,60.853505943130074,43.4974612967441
183.3419346008733,92.97757316191283,61.026801395585494,43.361842355065264
183.34659648629514,92.92516603277406,61.01747762474176,43.46665661334278
183.31329294405054,92.89192357553729,61.08408470923098,43.53314152781632
184.03632477270673,94.58997075900564,61.27973011906266,43.4204652951678
184.12584446177104,93.80610891533766,61.100690740934056,43.34537470246495
183.3434359085549,94.63607414196004,61.02664025665017,43.324311839936314
183.27779943569573,93.92449212428318,61.15791320236855,43.11007600663526
183.09314120250966,93.92908115496276,61.5272296687407,43.100897945276095
184.75049383058584,94.00327479902901,61.495097627627175,42.952510657143584
184.68125223011327,93.86423228304594,61.63358082857232,43.23059568910975
184.66908108283127,93.7617000103994,61.657923123136314,43.43566023440284
185.46971455586754,94.62662365590009,61.70544187465397,43.35459864099164
184.7286527859921,93.81138471677322,61.539398395188634,43.33690950002918
184.74402906630502,94.64341773984066,61.50864583456277,43.31820810242805
184.76976055155274,93.87716310939943,61.45718286406738,43.20612620080646
185.47138466994392,94.70242286859923,61.69589880940596,43.197570864527826
184.71245195802277,93.89728140163831,61.56833284133042,43.1624224065318
185.3925127608308,94.72310214557126,61.851134515264306,43.15370419821586
185.57129323566653,94.71181835302875,61.493573565592854,43.17627178330089
185.6394132779343,93.9113561352041,61.35733348105728,43.1351744435171
186.27051009299822,94.57675467882123,61.734423883735275,43.44366138908861
185.45869009950377,94.60013777016277,61.70798939721723,43.39689520640553
185.4382622765424,94.59855966039544,61.74884504313997,43.40005142594022
185.46332784710387,94.56459144294713,61.69871390201703,43.46798786083682
185.48675099901726,94.54660735466855,61.65186759819022,43.50395603739397
185.46777380314518,94.55986342111001,61.68982198993437,43.477443904511055
185.46566570764594,94.58572529931284,61.69403818093285,43.425720148105405
185.41596988450866,94.58722976617878,61.79342982720743,43.42271121437352
185.41076805592365,94.54326378859969,61.80383348437742,43.51064316953171
185.37590176621362,94.5695720833253,61.8735660637975,43.458026580080485
185.3494414185468,95.40667927014071,61.926486759131144,43.436227373561245
185.41018517371367,94.67119188929688,61.80499924879742,43.25434670229595
185.40378965312368,93.81860074966929,61.81779028997735,43.31151163137453
186.06402671767904,94.56605909941115,62.14647040595873,43.46574917698291
185.30195230452964,93.70927282327831,62.01395187303223,43.522654370023275
185.25647047428126,93.67915534005971,62.104915533529,43.582889336460475
185.16101616108637,94.49970382802199,62.295824159918745,43.599765110593786
185.14389042381944,93.80376959196047,62.33007563445261,43.33049689925363
185.08077981519594,93.7397658496526,62.45629685169961,43.458504383869396
184.98957350871922,93.69023555323092,62.63870946465305,43.55756497671274
185.81178369025412,93.6972412147451,62.659908758895725,43.543553653684356
185.77790521263702,93.58558650472992,62.7276657141299,43.76686307371474
185.0188624494206,92.79226292320163,62.57533068559981,43.68308968180835
186.6893601911631,93.59542354271244,62.56780665824767,43.743504170853186
185.8618643962033,94.30314189870806,62.55517865597494,43.99568705105426
185.85718196319704,93.57221993525366,62.564543521987446,43.78594042791255
187.3904135781059,94.32871853702375,62.83462200271903,43.94121407964701
187.41661226756165,93.62801359789276,62.78222462380752,43.66770853568296
188.17360933304798,94.40765180733321,62.93783728878472,43.778038912751896
188.20916093503195,94.412644146025,62.86673408481676,43.7680542353683
187.40135698236452,93.54385879983592,62.80980108925111,43.83308402684597
187.3377144168969,95.29964682282582,62.93708622018636,43.66701795322557
186.6619091475932,93.56006118688657,62.61676294598795,43.80232159949252
186.6528803641732,93.55477051070733,62.63482051282796,43.81290295185103
186.71994440534698,92.68700717440612,62.50069243048041,43.878651676833826
185.24158026896941,92.57705804572758,62.11974889876868,44.09854993419092
184.55974920543736,92.55244852010763,61.816711499958075,44.147768985430815
183.84250243655092,91.78777943764241,61.588282762135236,44.01418487476553
183.22977480324587,94.95045186440963,61.15647420224421,44.317895327235476
182.51892254569452,93.28528721272679,60.92246524133712,44.33679767858162
181.82941445583833,94.14577372912089,60.64900772587559,44.268298340967306
181.0465602852515,93.47086511822566,60.56751719966639,43.97091669537492
181.81744479677036,94.18909824414217,60.66682774053599,44.17553000744918
180.32641192873717,93.4852366871024,60.35700048137576,43.93730662391546
179.56204659308105,94.17366266208165,60.24839771477727,44.19778811186765
179.64381220779285,93.4196667427225,60.08486648535373,44.065820733823614
178.9004404480361,94.97781699845905,59.936298958006795,44.2201423160714
178.8941205056825,94.28895222181838,59.94893884271396,43.96228774233928
178.9028013231149,93.59623646700862,59.93157720784919,43.71617076550443
178.1871189789242,94.39387935138743,59.735695370238936,43.74813152273846
178.11209401031107,94.425830947419,59.88574530746517,43.68422833067531
177.32188647902325,94.4950229946842,59.84013381999574,43.5458442361449
177.23071271403566,94.57603330031615,60.0224813499709,43.38382362488101
177.18209889288545,94.60760405082982,60.11970899227137,43.32068212385367
177.24796520043537,94.53782850819456,59.987976377171464,43.46023320912418
176.53128218859314,95.39146157602156,59.79744310706497,43.37686636726126
176.4704521461395,94.61563692849755,59.9191031919722,43.30887603789861
177.29545390200883,94.55489517798246,59.88946734397618,43.4303595389288
176.47138134579578,94.58626688033505,59.9156981533356,43.367616134223624
178.18877905969987,96.15997595516295,59.72346535683846,43.46276061587889
177.54226550921965,95.31952303783454,59.39656458615244,43.523738578889215
177.5296662724582,94.51777823071274,59.421763059675285,43.511262055974086
178.2776868590396,95.29153224231268,59.54186599913788,43.57989814539958
178.25840046959712,94.47042507634559,59.58043877802284,43.603018603397366
178.93537933632535,94.3834577658613,59.84653994271977,43.77695322436598
179.67884911753322,95.93372261782591,59.986553471528644,43.930329702885885
181.2881574855521,95.88946181623497,60.03112768621107,44.01885130606775
180.47995929610317,95.05024659695047,60.01379957540871,44.063557254936555
182.82411368396856,95.88935083601771,60.228074393188585,44.0195433079723
182.06192077689104,95.10110794718307,60.11573382413559,43.95930270243354
182.04486333370122,95.01939199707029,60.14984871051524,44.122734602659115
183.48274998559148,95.79804045945653,60.548538346223914,44.20266914763123
183.46409574743475,95.70500452847982,60.585846822537356,44.38874100958464
183.36089793482145,94.94310233342443,60.79224244776395,44.264329193912076
184.1576457861466,95.70389540676565,60.84805442604904,44.392050728164996
184.9257059738807,94.88539315973979,60.96418549332303,44.37680377947449
187.34323265324838,95.58571172615567,61.09042313956836,44.629930314969656
187.24638931565102,96.40601171134497,61.28410981476311,44.64916510816906
187.1745617632934,94.8555384031116,61.427764919478335,44.42393086824941
188.83188272578758,93.99877886752229,61.43626346748957,44.47587970292821
188.69828091973477,95.56079426884241,61.70346707959523,44.67695442972784
190.31293987162857,94.70216211508215,61.81396748039275,44.72430958495579
190.23879240674947,93.85504650264984,61.96226241015098,44.74617768913848
191.8790512993071,93.89731424616268,62.03168708678209,44.661642202112795
192.6245449306536,93.89650728781208,62.21533374228701,44.663256118814004
192.55204900051444,93.7763452291353,62.360325602565275,44.90358023616756
195.01203787480202,92.86464511792663,62.49112846557368,45.04338692139038
194.9406595313468,92.71720324299682,62.63388515248415,45.338270671249994
197.45332740582398,93.34274249356454,62.693208513644834,45.78207854015288
196.59798238361975,92.52637627494632,62.7008240297895,45.71173644912552
197.34658577086535,92.50919862855248,62.905652813301245,45.746091741913176
197.33838810723802,93.32717673691035,62.92204814055586,45.815843554483486
197.30128421690068,93.2700216100807,62.996255921230585,45.93015380814276
196.39307904963465,93.2540579997451,63.10256129014939,45.96208102881397
197.19752799259396,93.28471365653374,63.205905900560815,45.90076971523668
196.42424663511673,93.22486105416445,63.03966477377841,46.020474919975264
195.55214549686468,92.34639359222803,63.07162066675671,46.06516346032231
194.83163683825703,92.939546450412,62.799173074891975,46.59232265303442
193.9708458614246,92.80002745651974,62.80278742277622,46.87136064081892
193.23356155653536,92.76439505184236,62.55476567404817,46.9426254501737
191.5969390762072,92.85916852600486,62.388048767527124,46.75307850184868
190.04207094111226,92.18033629747279,62.06909859551979,46.39639973781421
188.4622056436085,93.03019438275822,61.821520527053785,46.40033789898011
187.75226040745173,92.35739370262313,61.541460970540726,46.04598923042362
186.93431666521258,93.23415175245833,61.4874568446439,45.982364741128336
185.49748062373106,92.63010678005995,60.98507115377156,45.502425799007455
184.76010469367117,92.76547339519632,60.78729169595459,45.23169256873471
184.02347350374373,92.81451822315073,60.59546272757729,45.133602912825886
183.46698064597172,92.01059045118296,60.04788083237142,45.08089084601154
183.5606211341967,92.08133117188902,59.86059985592142,44.93940940459943
182.9385769658262,91.28347143789858,59.45848163756571,44.88892231748359
182.18123324410092,92.2012170204431,59.33391226059536,44.692687972815555
182.11000175540752,91.55514597220518,59.47637523798213,44.35067738211301
182.82070299694615,92.34491872192844,59.68570100975696,44.40186013751858
182.15012278859635,91.50095229934237,59.39211096802203,44.455042524256214
182.03675578924816,93.14367817922808,59.61884496671844,44.431897609653895
181.34983751288098,92.40762656416936,59.35845644436252,44.26977576468104
180.56350399949181,92.48174410580613,59.30351329936978,44.12154068140752
181.25702364120153,91.82192274363575,59.54082210642351,43.816835315275114
180.69784832122943,91.77231575144808,59.03620882776199,43.91604929965045
180.00246185256304,91.7735236312623,58.81006359603754,43.91363354002205
179.18970694587634,90.92915608828163,58.82213535549574,43.98893057206817
178.33112451491823,90.16352798158556,58.92444656507571,43.905333133124095
178.25934550069377,88.5620793639315,59.06800459352463,43.87814515958631
177.4957630525294,86.92840545418149,58.97838828255412,43.91193056448794
179.04809609744942,86.0788869235591,59.10566459951902,43.994996422330274
178.50466143228607,84.38909714999073,58.57326689656193,44.13604190289952
177.79801648768412,83.61413593005368,58.373087090979354,44.0724946479871
177.75528959964777,81.99075948688439,58.45854086705209,44.100483883666506
177.6376995882341,82.84864851962882,58.69372088987936,43.99584682326336
177.59176419672383,82.10428726039282,58.785591672899926,43.871557242236115
177.54637145170835,82.00559537618369,58.87637716293092,44.068941010654385
178.22222341076832,81.11676281460223,59.14166126438408,44.22961811424421
177.5185680335313,81.96200859008097,58.92531796091309,44.16278062123175
177.35398129931292,81.05338883896536,59.25449142934987,44.36075234644197
177.98546680781126,79.2850752790817,59.619036830412654,44.64234663009033
177.25115251578887,79.19760223376039,59.449994252536925,44.81729272073292
177.9738989175952,78.36986130558,59.64245859902866,44.834817426989346
177.19719754393714,78.40324939264015,59.554686407694426,44.76804125286906
177.12113305321023,77.57565469537651,59.70681538914825,44.784483930433176
178.53813374196832,78.54510603715175,60.15547788265236,44.486913182392826
177.91282490063264,77.6101743134164,59.76280873713619,44.71348980167605
177.07544766004403,76.72594801238498,59.79654001705505,44.84091920248054
178.53862484667548,78.47477888651895,60.15742722200936,44.63049903242974
177.1268357028899,78.35710393447067,59.68966871811733,44.86584893652628
178.54652432625278,79.19016364964801,60.135093761445425,44.84213065119853
177.04882961444565,79.92635731705501,59.832896685566226,45.018536566131246
179.3098840780503,83.19387282822093,60.252022449396094,45.07181846518486
178.6306773083,82.33048821844869,59.95610533144822,45.14425702728094
177.77340554286442,85.7588104849425,60.0196392958414,44.89165076020526
177.65886541979586,85.78646062615869,60.24871954197852,44.83635047777289
176.80875924601392,88.38271920286391,60.29850462978467,44.59511510363577
177.3894667349933,90.85087932327778,60.78432338435732,44.60049606040232
176.65732629060295,89.8935557405442,60.593900435722674,44.86043938845413
176.4363466467033,93.27237311333131,61.035859723521966,44.727088580176485
177.19463511907463,94.95339097174721,61.17988318471312,44.68625367521234
175.55041900299224,95.72203641235117,61.14408106153029,44.81107997167818
175.41154279487702,98.09485652865237,61.42183347776075,45.05630472216104
173.75695964378193,97.99936774010911,61.38727527688661,45.24728229924756
175.25196247686972,99.52228427197565,61.7462067592224,45.55038638402581
173.66014955540186,100.18953377280656,61.56005076951752,45.90077829868427
173.5318408101662,101.7265124252494,61.81666825998891,46.20241829755347
173.41141090070485,104.158210597298,62.05752807891157,46.4289393797614
172.52505055472545,105.02447698140554,62.12623823310278,46.40041714931386
170.86163471812472,108.40940093120442,62.043890659802265,46.448927742720095
170.8248359123681,108.362786379159,62.11748827131552,46.54215684681091
170.74338700297565,112.58312086891475,62.280386090100436,46.63536296843299
169.9558685035806,114.10500863597908,62.14464398784205,47.01314563640116
169.0547945084544,117.45251198518406,62.23190564498512,47.17768427042869
169.0027130276469,117.25224454596218,62.33606860660013,47.57821914887244
167.21829556941952,120.56951537557208,62.45084614560989,47.85179224454264
167.11946240165608,121.24554518954753,62.64851248113678,48.23297422291802
166.14664318897655,121.89603224263595,62.85167892463434,48.674472098602614
165.21400871350784,121.7792244793068,62.96418177817654,48.908087625260904
164.27401976980968,123.47224761863686,63.085871587735774,49.03861750227496
163.35712525580232,122.45944599742991,63.15738836068081,49.30194848961915
162.4278882971338,121.5592686171345,63.24821261922964,49.334653591421734
161.56380102131345,120.79886521683763,63.20681674318368,49.08588996432885
160.64913682622063,120.86525476067094,63.27125502769482,48.95311087666224
159.89833363446542,121.09720943020247,63.00914825232652,48.489201537599165
160.02502059395653,120.44392305030604,62.75577433334425,48.0436209112185
158.32356423788667,119.74220712191807,62.676641781808584,47.70603013615672
157.51167793748596,118.28402035004461,62.566106013011336,47.15378694070624
157.50657388636287,118.31238199471233,62.576314115257496,47.097063651370846
157.52045829242925,117.52575563885156,62.54854530312476,46.94748258169291
157.57381324641872,116.79467134030389,62.44183539514582,46.689685536352776
157.56736340028635,116.03234720484267,62.45473508741052,46.500208771003834
158.53862656291645,116.00446405440431,62.22342953585238,46.55597507188055
158.75489519149036,117.42794160477543,61.790892278704575,47.12624723994505
160.60337379328644,119.50438227943565,61.51661389647999,48.10738412267601
160.6857910438908,118.23409566065557,61.351779395271336,48.92482699069788
160.72454099796118,117.05368565247856,61.27427948713049,49.551766381173216
159.87352273221717,115.2589949055947,61.23346648769919,49.655448813102126
159.00274998484178,112.60123269654659,61.23111114442294,49.73927071711741
156.17967537082947,110.19040558864657,61.64159784903792,49.32526240950777
152.47029283171568,108.6883007506183,62.08109659542622,48.83983891964467
149.5841449820218,107.17111384142032,62.622376211271366,48.386868682345565
147.79104484518533,109.05997484601747,62.71941680653974,48.098306351555834
146.76846959718023,109.07477451770862,63.02320786101542,48.06870700817355
148.24510181953116,112.63178503749793,63.560966850157854,47.936732836283525
149.7381552554083,111.86483228673623,64.07796813315207,47.71908426043268
149.85813187861052,115.24749224256254,63.83801488674759,47.97722472007099
152.49157440529947,114.26026360369124,63.84043646294331,48.19524645462236
153.6024324275541,115.6051961979577,63.378755902875454,49.02545223497231
153.91686569856287,114.53034997376079,62.749889360857914,49.408611282375034
154.1321891342771,113.59737987413105,62.319242489429485,49.51140256165016
154.172752074297,111.79448381946844,62.23811660938971,49.600749441975275
153.27097271266612,110.14288316612462,62.283246567786435,49.387093218932925
152.48997640147624,108.54008305577949,62.08958530506493,49.081385669420676
151.57044646240968,105.94085576421566,62.18092005767552,49.03666487598075
149.56781459657194,104.33428982595697,62.68938903903283,48.75300200217998
148.44966234003002,102.71203409039083,63.17412935564191,48.49438508036278
147.42651423899494,101.91189844333432,63.465669152996554,48.339899969760246
146.36512981268797,101.06419871127639,63.831753170008085,48.27861459827365
145.40169900375977,101.09931456425113,63.99734974027316,48.20838289232417
146.27360901410316,100.99957962365066,64.01617020999858,48.40785277352512
146.25613862502553,101.6657178946976,64.0511109881538,48.84176244453327
145.52487074518012,100.59890560801037,63.73984439035822,49.20158466042125
145.56336139061966,99.53897478792193,63.66286309947911,49.54652884191744
144.82103808897207,98.54600772353324,63.36815296227773,49.753106230198284
143.07864823295097,97.58177085872983,63.296515715095396,49.90337148019282
142.02096356353073,95.86579769626158,63.63233168621127,49.77621106968009
141.7848321742359,94.9916195221418,64.10459446480094,49.74194175783206
140.66679502388334,93.311891565178,64.55138034023558,49.52282082121877
142.16604190220738,93.24961409856027,65.13797138094216,49.647375754454245
142.12667017250195,94.12017142240515,65.216714840353,49.709784520122426
143.01074596333487,95.04895738146435,65.25430592076906,49.65795526408593
143.00316775143835,95.68579875412611,65.26946234456207,50.18974269160436
143.02655480694926,96.34043199065144,65.22268823354028,50.69485028752872
142.86992126514727,95.0834549813729,65.53595531714427,51.3869189582714
142.85906609561124,93.95649209146882,65.5576656562163,51.80291319232481
141.9933804709508,92.88932509472991,65.44401490435622,52.092225184621626
141.108235942415,91.88962426902305,65.36632764387736,52.24365051848492
140.28518856976632,90.87984764571726,65.1631812805871,52.41396265650887
138.59322441572843,88.84692098310506,64.84933911356893,52.782045506639335
137.41733073653597,87.86695185369794,65.35110219963977,52.89195949313948
138.1385810024645,87.78452897088124,65.76811106738288,53.05680525877288
138.0282954933933,87.77159304620812,65.98868208552523,53.08267710811911
139.76288702991343,92.59948209826156,66.26426664305421,52.788818080435306
139.7540111061475,93.43071618933013,66.2820184905861,52.99819672454641
139.76313322138964,95.10653603695988,66.26377426010181,53.39758537681041
139.76399029435314,95.83237978336798,66.26206011417479,53.82760355720009
139.84070259404015,94.6917889139402,66.10863551480077,54.22014564396683
140.05061693018513,95.45392298002366,65.68880684251081,54.58850536292421
140.1438176654346,96.10247429445364,65.50240537201189,55.18351594933464
139.25006108043073,95.96550027347499,65.39109042934362,55.45746399129193
138.29590948013828,94.32720483280663,65.39787481808239,54.931017248936406
137.3572704139837,92.65094730256206,65.38200286828909,54.497232145220764
135.41014205833548,91.0875616914047,65.5044286460751,53.85217243402507
136.02986941136953,92.25424674083868,66.14236482990165,53.39619322505174
135.84265880187291,93.23349540213223,66.51678604889489,53.317515581574504
136.6252893974792,93.45872127754782,66.83581513714746,52.86706383074332
138.44176872681473,94.38938896852682,66.96660276106098,52.88760159007764
143.07686616260997,94.35746875187226,67.11745491470035,52.95144202338672
141.99521289457505,96.19535725341994,67.39320558627875,53.050776749274235
143.87942119508298,95.1483878661179,67.41157028757222,53.251324872723686
143.89480905239424,98.81250978595412,67.38079457294967,53.510797334702076
142.02024941048654,97.0200561916524,67.32857485239167,53.29436551893212
141.02858670379658,96.07950342292303,67.41554339512547,53.2791141857447
139.06489817255942,95.21018051037366,67.54803816858976,53.12031886633844
137.1880359622417,94.4047733606506,67.5079820337585,52.834242888051214
135.22709735621982,93.6645989512845,67.64660367704994,52.42296392240723
133.40373749335276,97.43732692579069,67.51921163186074,52.42573151524143
131.54127150963805,97.65892460867279,67.47383514470754,51.98253614947722
129.45982457393896,101.35560573184017,67.88224115322225,52.09814962890944
129.26476372219065,103.11316863767996,68.27236285671889,52.35374976118045
130.20175627771775,101.96909003867883,68.29386177089316,52.746422933954214
133.02405487029856,104.56122581182422,68.35589747583424,53.26878427776614
130.91802954533324,102.57461821663743,68.7446247105433,53.41867605291813
129.9379905198909,101.46508086900324,68.78465984762663,53.71770783438515
128.87693420203803,102.30158447329957,68.98125269160384,53.970220417521006
128.73288232796847,102.34717969474791,69.26935643974296,53.87902997462434
131.59194509212392,100.42421718140005,69.35789521431613,53.85384546606396
132.55620317609268,99.43557747570007,69.36587722858974,53.89462669525286
135.59465397198286,100.35529846563725,69.10082730227903,53.992468603868396
134.60980008704053,99.32861848507571,69.1357117812172,54.11100527404493
139.64879716020357,101.10020966797187,68.74413896049813,54.44239143849543
138.47574684068468,100.04173155354636,69.15356551804727,54.62267358585787
143.35694783908477,98.97473074644407,69.12051948260364,54.81080400779112
145.27618228893732,99.05697198832542,69.17888892646805,54.64632152402842
145.3792909057882,97.99502611016301,68.97267169276634,54.82357032973806
144.57071267020015,98.87745805304164,68.64346701451824,55.00506759340497
142.71702115813747,97.87758308261819,68.46233500098656,55.060560015423334
140.02118434378892,97.95896638787313,68.02687449964316,54.897793404913436
138.1056028019721,98.91029175552246,67.99191916368635,54.92820187940998
135.32148313697633,101.7656730447464,67.761113613265,55.01648418137503
133.44665563793995,102.70365434734225,67.6489695363774,55.071421113663504
131.94017443070018,105.61825237373694,68.7318665739438,55.03242119161335
132.71792279308337,104.64007225645955,69.12242644396464,55.04272483138095
131.50424624243516,105.55938497109751,69.5975682107385,55.15631073662755
130.28007627349476,106.43935777288446,70.08457362430585,55.35769965736714
129.05223323546812,106.39026323674238,70.5681971706498,55.455888729651285
127.20319860412629,106.19441500770898,70.3041449865411,55.84758518771811
126.0974129646959,107.99798598209054,70.53233869305326,56.20719838365228
124.89539291635394,107.02506292890281,70.94367040969806,56.16033610998861
125.71210631277384,108.85439627730058,71.30849393528034,56.49817005003726
124.39084668269828,106.92331050626773,71.94169107222812,56.3416973456963
126.25098498091289,105.9157975767011,72.2543605478264,56.34025016881584
124.09359457400913,103.89286719771678,72.52667852474072,56.343648089891246
124.08815048996689,103.67534617122514,72.53756669282517,56.778690142874524
121.97190149770655,101.79507314135509,72.70467946567086,56.473850990939646
119.96371101052728,99.75667881942123,72.66048216877103,56.49006136354896
117.93150507108103,97.5704317676039,72.66513921608583,56.802800635605934
115.0200067465284,95.45984231951914,72.38302810531746,56.95390769185968
109.06971449890887,94.61552242151338,72.0845585273827,56.6093718090089
106.13505737338133,92.64700787137397,71.88484385435731,56.50038162656742
100.24534357746197,91.64978991118724,71.55517752095737,56.476635226067756
98.31539452814107,90.52683957571199,71.38957509923695,56.709785636837154
96.3361352651516,89.51931893950113,71.32009659958203,56.71082839644193
94.41954613348533,88.47269874349138,71.12737322338833,56.791117968698316
94.3110917900205,87.44362530680006,71.34428191031799,56.83796572017681
94.16637934696567,87.7001271245147,71.63370679642765,56.324962084747526
93.002084042703,87.73988436646209,71.95080882418964,56.24544760085273
91.94302175325157,87.58714046148775,72.05388581510655,56.55093541080143
90.83603873412702,87.56632319184604,72.24626123876716,56.592569950084865
89.84349046730944,86.52804335408791,72.20614715113852,56.643919004337306
89.66549337137545,87.5696549306599,72.5621413430065,56.58612742745896
90.32259818026715,86.70733737217935,73.27786868851985,56.280825581123295
91.18636841968501,88.58370494384499,73.58622836122852,56.59989074088078
90.08096090716495,87.69396005711238,73.75123579270462,56.333572920782
90.02774519669715,88.59877894141921,73.85766721364021,56.56791884989531
90.08588865543382,88.50263337606069,73.74138029616687,56.760209980612366
88.96097528813125,87.47790251682548,73.94041815365063,56.75888282196137
86.85284396240958,86.3815358133476,74.04906937221998,56.89781051248018
84.79628559312017,85.29235488851666,74.04672872990571,57.01844367169552
82.99402866082846,89.39800393381134,73.53192493001333,57.04578091005776
80.13778729375036,87.18446945389861,73.08768657928042,57.36836914662379
75.37406752183468,86.06283728389505,72.3616554249557,57.56093934699969
72.55142731041798,85.00413718692775,71.87882581849732,57.63563619783703
70.76489149661934,86.02062021411597,71.37887329839799,57.6391822173089
71.7894745506706,85.97362694185783,71.35860523429317,57.73316876182517
77.19781703310309,87.96752285185048,70.69246205624572,57.805593656566884
83.22028124362869,92.03314870565887,70.77380798694142,57.7585248501147
89.81392221390823,93.97613661867135,71.73727241597412,57.9156194154017
95.50657664111284,93.89796279863651,72.58521508013058,58.07196705547137
100.21658544289394,96.94532500338538,73.43728504780898,58.14049518871798
97.70133802802218,95.93893703765953,74.33060513807783,58.08468375043233
95.43753750285478,94.85452355165584,74.69550054336598,58.17215789991638
93.2113517360753,95.82193328705944,74.97116166543901,58.32569363485217
91.02573800678788,94.79748312032643,75.15225445123033,58.2795266319264
89.92444223836623,93.71135755698366,75.25776228651617,58.354694057054495
90.9960729483804,93.73904364184997,75.21442041602279,58.29932188732185
94.16072691297782,94.6749346186772,75.1801800836847,58.52589579928635
98.41470570353636,96.66691496881612,75.07830243923308,58.744975067341244
101.54400829444329,95.59398805834748,75.13027316682783,58.787303585142304
102.44779385606739,98.48633231393465,75.42771050522073,59.31764045889119
106.65830150615884,96.44369217046199,75.47941153512716,59.166562580791876
107.8119195227465,95.32569910877969,75.2886904932627,59.28603371284552
113.158224787605,98.27748278809052,75.17376882443048,59.729079670754665
117.08476344425668,96.10421619436934,75.80457429274878,59.83367146738617
121.02755059879726,98.33143309063246,76.44832139232737,59.6438983791898
124.89262429252949,98.60668839881342,77.27455823396349,59.09338776282789
125.65966685737001,98.71756611091358,77.88322286001845,58.87163233862757
128.6215712166698,97.70745761913894,78.40464638393728,58.743438574670726
127.75492423033316,100.85069493252729,77.98368352943176,58.91973442943048
127.47488450837298,98.77733563938699,78.54376297335209,58.76499851559852
128.5789048966954,98.69566105487178,78.49244923922603,58.928347684628946
132.90003827242612,97.44932444919746,78.48465152564462,59.26240363650753
138.49903614438392,96.14239386826388,78.10644666004205,59.712306622712106
143.98129962712875,94.85173921708741,77.9695997307426,60.128079917826994
150.21932284882143,93.75793149767212,78.51489966912558,60.14547095969621
156.43817689157822,93.73240323551886,79.15018466153518,60.196527484002715
159.57830201777273,98.21636016218275,79.43800136529572,59.98603623887438
162.41521810144027,96.18735772416566,80.33508525812609,59.663430408131546
167.59603624260896,98.49225049430855,80.96687078539202,59.45101359168709
170.58892940340593,97.38175553742104,81.59550221381807,59.467197588788764
174.55077783539656,100.58076552830744,82.53026997683168,59.71302607726215
178.77901864005608,99.38945271273275,83.0051297030631,59.862816374523916
182.88674943480217,102.58252928503305,83.75965801622738,60.204155656915646
187.16285459140602,101.11904115982503,84.24563560880922,60.871584930884296
191.5264111637535,100.84250187127446,84.63007189919323,61.42466350798543
194.66410056557618,100.63580663422482,85.23310925185643,61.8380539820847
199.06890855070813,100.66069499989732,85.65846870882211,61.788277250739725
202.32827150018045,99.4616256181288,86.08287233071948,61.87203950732941
205.561937208454,100.4246329825315,86.58210113910468,62.26821152016811
206.5287672727697,98.13371663618219,86.98470934601863,62.17750754177602
209.76477657476778,97.92406347176079,87.535318027319,62.59681387061883
213.17906062271703,96.59046525891011,87.77510037787968,62.907893480833756
213.1302556133752,98.71327472849893,87.87271039656329,63.392011185823506
215.43392129701897,97.35780712179891,88.01399834619419,63.728636740764344
214.04207646365882,97.13873017068495,88.41570349701125,64.16679064299225
215.26999144266074,96.88725069508001,88.35514939225015,64.66974959420212
215.28299443255094,96.75344139843874,88.32914341246975,64.93736818748468
215.1690211662837,97.82260956986865,88.55708994500422,65.20563970044279
215.036029809725,96.58320674447177,88.82307265812165,65.26997605797477
214.96386912744683,96.46539059086241,88.96739402267798,65.50560836519347
214.90552923660925,95.12604605394527,89.08407380435315,65.75867652200995
214.9164843657868,96.30605121451659,89.06216354599806,65.83020809943153
213.60923128232943,97.58658903217722,89.24428870552238,65.70151347150062
212.31101252337191,98.77560158609975,89.40768664736501,65.7565279397279
210.0491831430499,97.78312973387426,89.05849737658215,65.30504762846546
207.79788398351258,96.68397702672999,88.71366358694965,65.07963698840041
204.40207477191615,96.80610588469172,88.26093697019434,64.83537927247696
199.7868456504358,95.74173855233472,87.87579772871314,64.56021456608048
197.59148071085716,94.63442112753556,87.47945408618591,64.38131265483656
196.41052229404465,94.68200483272514,87.4567886482636,64.28614524445742
195.10501545681637,97.02811869277559,87.68512472502704,64.35927271974275
195.38420508849944,98.27164672707349,87.12674546166089,64.2595618684923
194.39265709622168,99.44437231919429,86.73261430418967,64.29133782627747
192.11568451909352,98.24434445553639,86.54304623033178,64.31963693953614
187.75473220671608,97.14499086607097,85.7876019705912,64.14900689734316
183.25143806199978,97.31329134777909,85.37398592807477,63.81240593392694
177.53909785193807,96.34939396109596,85.08241823454176,63.39695108456192
171.92172113112105,95.48904181349106,84.65709736186741,62.785640516910036
166.30962836541593,95.87991708181858,84.30359542869896,62.003889980255
163.09471410551646,94.888128420163,83.84136044680474,61.69011280300177
159.95818986559576,96.00897693852818,83.25884634834726,61.733603292371036
156.76908138186315,94.86948952025821,82.80592397290889,61.73553168127643
152.41579577379667,94.91213116297263,82.43173897856943,61.650248395847605
149.17096971753045,93.82919732687242,82.13209228100317,61.55301646468176
145.02511721720668,93.87692449102968,81.39600456175785,61.45756213636723
141.77358451927708,95.00688946545006,81.16653682560538,61.441809898197064
138.6858984610274,93.84621790713032,80.62063749372658,61.52272919871051
136.6542320160226,93.76339548187629,80.21712746716008,61.68837404921857
134.58442215073114,93.85394957123401,79.8968176326855,61.50726587050312
130.04625443570848,93.92207945442075,80.08466030791533,61.371006104129634
127.93996510392678,94.12778369868131,79.8516999007334,60.959597615608516
125.84409771926695,96.56321486772957,79.61842347927764,60.513746468287394
123.66978796677108,99.04847935511569,79.56369761522045,59.94656286256405
121.39312599713826,96.85806039229526,79.73387109273577,59.94425032645456
119.33382848566843,101.1455219403673,79.46420765910577,60.14584414344971
117.1588633020541,100.09446090266496,79.42750789342462,60.05465115239947
116.08178682927891,101.04476186064173,79.39039450165353,60.345315573767394
113.88371020691491,103.14503852184055,79.39565428911901,60.535655708632255
111.53188341993396,100.8885502301514,79.70204160665237,60.65136603558197
109.21463302114293,99.61998429280204,79.92615476774688,60.983304092036946
106.90022620178624,98.50981679479129,80.12691231241602,60.98961104103634
105.7199742690502,97.44310674737254,80.27022341996087,60.905838377946594
103.39438194096726,100.42636523807326,80.48538739935691,61.59335241169991
100.98243810310842,98.09388327553006,80.84425505226022,61.79329631397194
99.72433115413031,98.98509775908948,81.11922272335967,62.252113573709906
100.64259398680224,96.79754370987087,81.53562059977493,62.12137458862894
100.5035794875536,95.59196214304839,81.81364959827219,62.275393511391485
101.519186756707,94.53590481811403,82.04633257042893,62.123610650796635
101.4790186505848,94.46661516273562,82.12666878267333,62.262189961553446
101.4825671821111,97.79384719682075,82.11957171962074,62.41308858292208
103.7820809439413,97.86614183363396,82.06216328491266,62.268499309295656
102.39776328564616,104.70819739064791,82.56322462952484,62.18983202713632
102.32617426109842,108.9348882227992,82.70640267862032,62.83214661253773
102.24693838353505,108.69390041864915,82.86487443374705,63.3141222208378
100.9681006557773,110.5065334122026,83.12567149884643,64.28261301456314
99.6217316852654,109.1353945748038,83.50176550048295,64.70824674997347
98.23467141230581,107.76462413184714,83.94656593201117,65.12046752149581
98.05976117519987,105.37015989365577,84.29638640622306,65.22374130741429
99.22371489547861,100.4333398470018,84.31833261542144,65.69796680169878
99.08950278167222,91.93420674676176,84.58675684303421,66.19088114640854
98.88957466716457,88.31268727966926,84.98661307204951,66.32383390376654
99.88038886640956,84.61976333999573,85.38329077091699,66.5747634910414
98.60747427217129,81.00482457229533,85.54066683877896,66.63928166459851
103.28713759424994,78.74108275974424,85.74897554236544,66.3829476158288
103.14191434022425,77.6589129043345,86.0394220504168,66.1563667860337
107.74957769878232,80.07765613899421,86.39075663911663,66.10221096962226
109.95189852715953,84.90353479932631,86.77840412635742,66.03503193694853
110.01454049107332,90.77982305664656,86.65312019852986,66.28726318081816
108.77797184766153,96.57654657841411,86.7230919435024,66.70964384653826
107.34192534726392,102.78802051366415,87.18406566921412,66.34229235145564
106.10885187670245,107.30838946321091,87.23805070165915,66.95020208707392
105.92714056476419,104.78555943099906,87.60147332553566,67.15006024505318
104.73092623178007,104.47355652270775,87.56219623230936,67.77406606163576
104.39313424540204,101.90522840065329,88.23778020506543,68.02817605986237
104.18618935076722,99.08401425936293,88.65166999433505,68.75914277068301
102.81308959521535,96.14408442694399,88.92391260945791,69.69108864355914
102.63003971071939,93.12216553508642,89.29001237844984,70.74836819251453
103.58837614730133,88.78152086271263,89.8893966924808,71.88148597567759
102.14434910200363,80.79110487426655,90.23382693857897,72.60057488558617
102.99136595066017,76.96036685779079,91.1003529212229,72.58037187866671
101.47031979347352,74.51684644706201,91.56892429276952,72.32037081447083
105.14951843773146,72.08915790176749,91.93996614517366,72.02278847777983
103.7317257283197,74.54234242668906,92.19822796860468,72.27106661872172
107.34381811170678,79.68161321270853,92.72997482654658,72.33376721297093
108.44530151862102,86.26858264526956,93.12147111535741,72.13214386104512
113.6063981987399,91.0552048671181,93.18794163569748,72.94756329792585
113.39358903693378,92.27432762170604,93.61355995930971,73.12076631523283
115.79332323917242,94.86717612021855,94.0556408565929,73.1766186199683
115.54006518934823,92.092403194238,94.5621569562413,73.46927952690848
116.76299316039075,89.3133314548856,94.75724806888981,73.74552889614621
116.54048619771557,86.7825468496402,95.20226199424016,73.51024938589572
116.4309011770418,84.19402824128088,95.42143203558769,73.38449849847348
116.17893567011419,80.2941666705022,95.92536304944291,73.2261456123662
115.98310469376466,77.56871995410853,96.31702500214196,73.3614385690452
114.50234424301587,74.83790052211509,96.61256457435826,73.49111477446942
114.39505092802708,71.88228660178879,96.82715120433586,74.05713395508212
112.91205495139714,70.29461109216918,97.10803126012641,74.54737307685204
114.08558675391731,68.62146065412536,97.4583591526691,75.19628245535662
112.5157448761357,65.74471442117675,97.88472859043571,75.52314628566059
112.37860641208728,63.040019421435254,98.15900551853255,75.48223554647045
112.3467756426299,61.6489763387831,98.22266705744731,75.53564990040269
112.21996134875118,61.47686868632258,98.47629564520474,75.87986520532372
112.0271764039186,65.43847384144851,98.8618655348699,76.17664146221983
115.89825755410187,64.05353749268427,99.37185831978465,76.1957957979879
114.4898397314355,71.08969422990857,99.42987801244828,75.91756208688491
114.27894786397303,77.9541723046437,99.85166174737323,75.96442489827157
115.42913072823133,84.68722024509474,100.31365724510019,76.31013514858734
116.56461992320905,89.83065025086745,100.81772696302659,77.12346756856938
116.34471770290317,90.68206507236508,101.25753140363835,78.21664378468027
114.7910765776655,90.30179880035536,101.54427751244306,78.97717632869973
113.2243670127213,88.60809540281312,101.84039793710105,79.52728441855379
112.93974915045082,85.6828071384135,102.409633661642,79.67631077918536
114.04591951196763,82.6569323788094,103.05919558252893,80.00425501055244
112.44697542724803,79.79822954480986,103.37991605431702,79.96732528324928
115.06325158804214,75.34088783975449,103.91029758527475,80.23760791454113
114.9318050937332,72.2003513460869,104.17319057389263,80.73074031604678
114.85683625821443,67.44439189550363,104.32312824493016,81.52460973088225
119.00093035575716,64.49583646681158,104.79861625091871,81.57926978755032
117.41789404476937,61.54530166782233,105.03530390814237,81.6215694560249
118.59575429259334,65.71306307489084,105.61327462771807,82.08712028755868
118.53114461100645,65.43875990838929,105.74249399089184,82.6357266205618
117.05115632611071,73.09728021536816,105.7414690206722,82.12369370665958
115.52686725728162,81.8986080359628,105.8373912213824,82.23697368715821
115.50179886997557,93.28799107296628,105.88752799599452,83.10593221783753
113.52252097282995,103.21997061124524,106.87521951732126,84.03802305203104
112.82777700394323,112.04349953760267,108.26470745509471,84.39771743344122
110.61334304097977,108.76663515717019,109.66534719407805,84.89498982041897
110.09268190790216,105.43247326127693,110.70666946023326,85.44785743715248
108.22888478644427,99.9765523247899,111.3516253942002,87.11178438328007
106.80756106931989,88.32248970238014,111.07469818833242,88.58288714728374
105.24210857075698,83.47131065912446,111.06638089399507,88.86757835940568
106.64448895327112,72.21096545641333,111.40533080612636,89.38229402471084
106.44217993291174,67.76032781522787,111.80994884684512,88.81181563578953
107.75622636094091,64.82472398220224,112.33605987340653,88.37461553660133
105.95405853039732,61.89639686301716,112.78523360282995,87.92094591164397
105.78688906715928,61.723818754593516,113.11957252930601,88.26610212849126
104.04971105341446,69.51806325463184,113.42854421057395,88.5045348595233
102.22164303871361,77.21980776870741,113.91069323146218,88.97098087393928
98.66893696368768,84.89082280992287,114.63821278922921,89.57368227222041
94.80058108613275,93.71226298843229,115.95517693909007,91.19004473094871
93.88789286893397,102.87079573564804,117.7805533734876,92.4107549295682
93.04257503481378,110.18844900805291,119.47118904172798,94.29577883646209
90.39741946662173,107.92839966436554,121.40093275379581,95.45531009952053
88.19044371251725,102.22333611945413,122.40594151871889,96.63860895948568
86.17763697810332,91.03096983935208,122.98800649465079,98.36205056231388
84.35780070592003,81.80334615465239,123.14724870164433,99.41514624484796
84.21345957028174,69.30396024114921,123.43593097292093,99.91437589185173
82.28741143560308,64.21682277956275,123.77557916305142,99.55130657734423
80.17676337528985,59.20705830526896,124.48509271789061,99.03548782856998
78.00101522833472,55.65478236126364,125.32228851602684,99.11143872503257
76.02551683660757,60.73858749688611,125.7449267792185,99.52890401457563
75.72157851914177,69.4176540231878,126.35280341415009,99.87881422467878
73.633330671812,77.86212832681662,126.97270017955154,100.77286026371159
71.41169976684228,88.2523071200201,127.83535577316918,101.47613997523547
72.40069194842523,98.46781795374113,129.46260661452263,102.67652953490959
69.79186114109055,99.6687838623683,131.030623110494,103.92424283635327
67.33509027566106,95.68753854861504,132.2502492890984,104.49890235935065
66.91579910175881,91.59487554492236,133.0888316369029,105.240380148108
64.99401802683383,76.33726830565722,133.1855889478656,105.78115591554027
66.6879657396441,68.71219178653924,133.55475781841128,106.00305176911132
68.2021170202973,53.80228148755125,134.29277634435795,105.69230366906272
70.00302356227678,48.34346798169234,134.46354026403571,105.29219966987029
69.97350900229154,42.94428317307374,134.5225693840062,104.78450636896713
68.00126552645082,39.36356033312928,134.7057225535944,104.42328448466962
65.94935992360504,35.797400827614766,135.05127914160994,104.03909426034659
65.70665057560679,41.34598161683249,135.53669783760645,104.21376056064452
65.5776338541514,48.78520961454889,135.79473128051723,104.40543850636934
63.63517466826387,58.14414481661156,135.90505314326177,104.56055064739647
61.526824071777526,67.38354763651483,136.34294577118374,104.97578783284357
57.69524708060216,78.2728836058392,136.42157857309198,105.95067943552229
57.26707944138653,89.05765973519985,137.27791385152324,107.23715263380944
56.79950389801766,97.95448393677438,138.21306493826097,108.66029832279345
54.597014171757635,95.4796719157815,138.73724513221595,109.72912310621412
52.31413394987304,91.23617558326507,139.39682172601638,110.40374807130945
52.09652886756204,85.14389017774796,139.83203189063838,110.80660642528582
51.96899024668616,69.19996723491985,140.08710913239014,111.1709094802942
53.467287570158774,63.4432278042893,141.04077737736347,110.83359966579967
53.36299085931803,53.47593688737963,141.24937079904495,110.97124231680957
53.00171080813469,45.49007079699438,141.97193090141164,111.0837079569997
54.69373369626652,39.688957327315705,142.56558462578238,110.75283639445388
52.46206297215794,35.87284739748199,143.0475318827284,110.42226787157901
51.88755308712969,35.659047812577484,144.1965516527849,110.84986704138802
51.44452826770706,45.63641259219516,145.08260129163017,110.93457335987836
49.06669497230797,57.448767558795055,145.81547733815825,111.44660669229904
48.954814398276724,68.95847889177855,146.03923848622074,112.68112147705148
46.42674456216788,84.34117175831366,147.02951719034712,114.44262348871176
47.98814467638836,97.85759936779243,148.01638609166966,116.17745217809865
45.27411197279834,107.1111913581887,149.2914786753479,118.43513231481512
42.728934992632404,104.5243336253213,150.1726719306451,119.39968707551526
42.13431914634107,99.90953894774914,151.36190362322776,120.15264996746166
39.35661876933112,92.89428934979325,152.6485521876842,121.37689259468308
41.34207343174248,77.49136295608658,152.98597345564133,122.02443123263751
41.17131545089505,64.27795483065822,153.32748941733618,122.5072153185947
47.1534186343773,53.46658212615179,154.37449125698421,122.44461371658667
46.71174227570137,47.182644368580966,155.25784397433608,121.95618923226596
46.32786204935796,43.106133337341305,156.0256044270229,121.3938249516614
45.57349571987764,38.880216360282745,157.53433708598354,121.12507645628418
45.094592740749206,40.64896813516424,158.4921430442404,121.96653557797109
44.45792548721069,51.508466808523465,159.76547755131745,122.28402891789872
46.02434444840577,61.94990326069759,161.06454838281996,123.56069978301387
45.20544618333969,74.68876766484198,162.70234491295213,124.91826494967853
44.4251542458952,87.35702291066127,164.2629287878411,126.69981630491992
43.627401105732574,97.29875495730656,165.85843506816636,129.6790246910527
40.62857466407513,96.24175763487654,167.2106815079062,131.79301933591273
42.2940182445451,90.56954338220146,168.58024832213317,133.73653989092907
39.48077698620126,85.14417166875148,169.45374849079892,135.08131862178516
38.97588014223366,70.31116737609263,170.46354217873412,136.01821842488786
38.45795033211937,53.544933469423185,171.4994017989627,135.8186820578178
42.86910940170904,46.70093580091239,172.34006994570444,135.01219796595777
44.574764721505105,32.65482853148971,173.76002012032492,134.1168476195273
41.65834841098409,28.453962876541,174.7544569451048,132.84178733690044
43.821549755292196,24.3538273099645,175.26083446362261,131.37649805578536
40.90368875319977,22.480786927815615,176.28000114830846,130.30602350058413
38.83834365255258,34.687412922415405,175.59615498609733,129.96545332891213
39.10262372685105,46.774664849369714,175.0675948375004,129.78375589721654
38.882808371253745,58.14132816948444,175.507225548695,130.98817395237714
38.52783728936268,71.8079132906771,176.21716771247713,132.53872222840187
38.526670767079665,80.37343028206945,176.21950075704316,134.80816351083092
36.28515629296001,77.16639565801235,175.81532195342197,136.33502500708462
33.95661619156806,74.16471073387117,175.5664880501345,137.43248074929556
31.572873214837713,69.25337552461569,175.41401061300758,137.4152243866313
31.775343055403482,52.282984868500606,175.00907093187604,136.9345533041603
34.32879974111869,43.053967535030026,174.80549898646825,135.779222267011
39.0728138809813,29.01788581495967,175.08034120074612,134.5627742251424
38.746024133448174,22.487989681646056,175.73392069581237,133.02510145016663
40.48087290360965,18.563820323314886,177.11492676932824,131.1720329391513
40.02793126855511,14.306994173898232,178.02081003943732,130.00285278202472
39.519459510999155,14.545075881847637,179.03775355454923,129.5266893661259
37.46343205371265,26.72768677473549,178.30618964332936,129.37956170931454
37.40344895327141,34.127246493032345,178.42615584421185,129.07075888041925
35.126719888569326,46.058818389967,178.15276232785675,129.34187331534628
39.80564349495404,59.91130431581482,178.44923295933103,130.59985499638168
37.16586670739943,73.47700837821068,178.87647716676645,132.5823030776328
39.45113435193197,86.41662293425158,179.19724051093462,136.05086576495043
39.03640945284431,87.37947673388571,180.02669030910994,139.07805718085487
36.26318738489316,86.18093823662895,180.55821733978607,141.4751341753684
38.237248930864624,80.522051098841,181.6721398761933,142.66881719424393
37.78417675162332,70.14174635717652,182.57828423467592,143.03546525150034
34.61504201689871,52.434489204444645,183.79823983243634,142.62178245514247
36.475342500682814,47.723958990024855,185.20787660541401,141.78236740289034
35.52584954825923,37.81000589908179,187.10686251026118,141.05792308600604
35.09250533512662,33.11811593251123,187.9735509365264,140.13127543793823
37.228964991878115,30.703730646867996,188.85388603788527,139.80679159436283
36.88827601849124,38.46341422185468,189.53526398465903,139.77141508369854
36.6618698422766,51.3784314301532,189.9880763370883,139.79691711577124
38.90328881994033,63.9993373509692,190.6836440603328,140.44713366699898
36.390743243633835,75.67533421472368,190.5091018561127,143.09330672365553
34.1061248052353,76.87598108822826,189.83804069109536,145.93231101846078
36.73561593716025,75.82314603605207,189.85546689158053,148.03798112281316
34.305038051660375,73.02938740925165,189.4056633829656,148.3145390967993
34.28039174567485,65.50814045277727,189.45495599493665,147.4313006741413
36.9597951510181,58.33484865175281,189.39111543768294,145.89298551589192
37.150456535027544,48.63886560070682,189.00979266966405,144.2091750612306
37.12875955487564,41.50837239599876,189.05318662996785,142.76314433182907
37.766291979559625,37.05758641922827,187.7781217805999,141.23926321199286
40.83001960625404,35.37110767216248,186.81906809831696,139.44381913501854
41.05086670586989,46.26853259503177,186.37737389908526,138.14672401187968
39.04045895244849,59.43694907058543,185.3017035016182,137.29232058232168
39.687200754211716,74.37572706637478,184.00821989809174,137.81158402134994
39.85757193955425,88.23940742538777,183.66747752740667,140.41396850888665
37.640544761350014,87.44538100776624,183.0092635762063,142.0020213441297
37.91471883598119,84.36395774500211,182.46091542694396,143.05677502367266
38.396446370958785,79.19490918689405,181.49746035698877,143.1611428136511
38.82107699446438,69.5141437109139,180.64819910997758,142.1074135545807
46.56364685112884,57.79647481072216,180.38415333215366,140.17426146245583
44.402939967798446,43.692366966796754,179.6673416273126,138.15312432129554
54.574469463348095,35.2048632305915,179.3017257796334,135.15068865028596
52.71410967778823,29.393879006255148,178.08265680027785,131.95329144753282
61.06341163320326,25.943595881267612,175.99083206165096,129.11600491603912
59.67889697183146,24.98263198539776,173.96922660755976,126.24729793094403
67.56931946846285,33.14108132081281,172.32697046474385,124.0689881105608
65.91473558876143,43.456608839895935,170.98397791046023,122.04657432714046
66.50094174131863,53.140313979503716,169.81156560534583,121.07331647224794
67.1093161702571,62.375190823201436,168.59481674746888,120.86260611163979
70.00553189266915,62.205261476389396,167.34524909371208,121.20246480526387
73.13667799849867,59.834477957024426,165.61246674074755,121.41452198529932
73.9420800070856,55.8940490158534,164.0016627235737,120.28199420309681
79.46431682050898,52.34368407748181,161.8844949542274,118.45541822233955
83.01266960651881,44.63127127777241,159.18932744195882,116.2740915827539
88.76010719342457,37.208745178684545,156.34410302177082,113.81984227368265
90.20439924730309,30.21939975597504,153.4555189140138,110.83311756521347
95.833105108366,25.049831213371462,150.49505236753424,108.72683688695119
99.1882647502291,26.09553822700287,147.85369780560913,106.63542285968838
102.15518138404275,35.010536911594556,145.914404055638,104.78358356112975
103.08785272963432,45.483740126017594,144.04906136445484,103.51064536868651
102.14477499768039,57.71909333810239,142.0497281641058,102.35287093005827
102.99785018941323,68.43312456400024,140.34357778064012,103.94168724621773
103.547252181778,79.15654199540714,139.24477379591056,105.51276795325579
103.8180670101028,90.65125819426447,138.70314413926098,105.59505905571008
104.032604509659,90.51962436489245,138.27406914014858,105.85832671445412
104.43417527698548,86.51731705660396,137.4709276054956,106.19069616483517
106.81510634442256,70.90302177695644,136.5383434703291,106.7850627264691
112.96907639579707,64.0374859422345,135.70449184865774,105.21734975447607
115.17444028942475,49.691158667588105,135.08020679376813,103.61846244484308
123.06073687429762,43.10841801816643,134.31106258135213,101.78049478635668
121.66937677509469,36.644208783188766,133.38463945716995,99.87233996595994
125.52351160371362,32.09462274440817,133.00406608774375,97.97996761180366
124.13378344616743,29.370471611322785,132.15644776942565,96.17412061115348
126.0391194183516,29.931440253050297,131.93035320432065,95.05218332769846
126.32741794108061,39.39567148976927,131.35375615886264,93.9372909983073
128.36855931710292,50.253054769193156,130.80711017779055,93.43634506529472
128.64402223893615,60.784174315239405,130.25618433412413,93.48877751019764
130.81848592074164,72.04788780700626,129.41888605374118,95.54275410926016
133.02986345406913,85.36929407323018,128.52877781952535,97.16111623632548
133.44209093484693,96.06552943029686,127.70432285796969,97.0421205698812
133.82085817511626,94.36378301246167,126.94678837743105,96.91454368273966
134.0681235185012,88.89252895472627,126.45225769066116,97.30474596377931
134.3921339308721,72.83377293066297,125.8042368659194,97.77600591052716
134.49629004730554,66.20593508257194,125.59592463305253,96.97558051456812
136.50014361701508,51.33052602089239,125.08602843069565,95.24610020436717
140.4378865582669,43.6478972135165,124.13420836345047,93.3021932809728
140.65723711735532,36.13744652468199,123.69550724527362,91.24520300795908
142.83464618973883,32.235983293902684,122.71592444317889,88.92242344150084
145.21683181724947,29.86987383512127,121.27380152684327,87.01014568169236
145.7672774916207,33.71331184054154,120.17291017810086,85.86116528028633
144.3991097065486,40.6549095520121,119.67588239883264,84.91142325499482
144.61724777259212,49.14669268508058,119.2396062667456,83.97884519498447
144.74082061357882,59.02121198039903,118.99246058477218,83.35915193312238
143.47613587421787,69.36723151505834,118.34756666116459,84.88695668011017
145.4577092535953,78.36906563088449,117.57410071787571,86.02137334125385
146.1691575288452,89.20595930655018,116.15120416737591,86.72369870442682
144.92653689726473,97.47747298675552,115.44997877172838,86.11300463805854
145.35631039492085,94.42506940763987,114.59043177641612,85.88620440380393
143.98455873922944,86.54742721952645,114.184923392474,85.89643030340588
144.0166961349607,74.77254139728821,114.12064860101147,87.44517090470089
144.01006271258657,70.09884630448644,114.13391544575971,87.29063737112293
143.84946193908326,59.97643041596877,114.45511699276636,85.38053645561543
145.5514468694288,56.13334326867299,114.18982721877751,83.65067049010034
147.58492142737623,50.700161334385704,113.22918290454112,82.09181515204104
146.58434853817496,46.83544112004333,112.16419429634594,80.62285242093262
148.77699730638113,44.46232499792491,110.80473794526135,79.31740229451395
146.2465788702843,46.360772357282286,109.89804200777638,78.50427398063852
146.59806772950174,54.2071959780143,109.19506428934156,77.59467699755027
146.9637862515166,60.361418675588745,108.46362724531178,77.01034418588297
145.5929119726555,67.32972164185982,108.29504470287227,77.62539375414966
145.89898393293606,74.10968690866207,107.68290078231107,78.65498657134248
146.42526702740736,81.00042162715741,106.63033459336847,79.50121614947541
146.94084029405963,87.33417238579057,105.59918806006394,78.52736036489742
145.98621748055882,84.49440674993886,104.61664890722872,78.42332207692709
146.4069717355031,79.80885325731677,103.77514039734012,79.16903546473156
145.13249211654892,75.21664900570325,103.44961120979443,79.72997869159627
145.0357884481736,69.43563334145257,103.64301854654505,79.77734800106381
144.9008900163884,64.5619518439464,103.91281541011546,77.99514905023318
149.4063950274949,59.672922820289614,103.47404762626203,76.3435507797339
148.2455572058555,56.08314136596074,102.97201942103406,75.0520021428712
148.58248481110252,53.77936973157543,102.29816421054007,74.06975547455252
148.9580461243027,61.1934398078668,101.54704158413963,73.08431244648214
149.49615597356768,66.69072467948124,100.47082188560972,73.05355400244517
150.03544944967047,72.92899680025624,99.39223493340413,74.19764197150015
151.86304496738205,81.15423894562184,98.46353500045035,74.10610429558525
151.05914896532704,96.22748851376667,97.36047093983376,73.77902187128825
151.5329678860291,103.54672853093807,96.41283309842967,72.58407304372346
152.19912150100774,102.40083853411008,95.08052586847236,72.22110661818336
152.51854314186377,100.13769003234096,94.4416825867603,71.49037217235971
155.31315176933322,96.90352667544234,94.06615849984243,70.13815913412546
157.00734220213835,86.75082288215185,93.25679946851955,69.81139204640714
160.02945921498252,76.18328065896641,92.33528301065675,70.45560622147568
161.82431909862825,73.82269289822861,91.30340395111368,70.06110032745458
166.10971470800555,71.32830627391158,90.33960067622404,69.97854828017867
166.44104130777063,68.17784059203525,89.67694747669391,68.72068056788302
169.25377541102182,66.05259022864271,89.02945342757695,67.99320713728262
169.76579610547805,68.59202663604023,88.0054120386645,67.84882212109238
171.43162330811123,72.2911841699329,87.12301805774322,67.79828832634212
171.83942089000942,79.08454978673888,86.30742289394678,66.38633617440574
172.07142612636886,86.94716108185673,85.84341242122795,65.05814087805027
173.55192789067206,94.63021152990679,85.25316882872835,63.91659959859097
172.62051746129694,101.11586284175121,84.77287482807664,62.66087127191206
174.18169280453534,100.44181232764069,83.96577798310683,61.69371845862612
173.42435337328772,98.62191187063792,83.19332008915354,60.75924585973455
172.81954469320394,92.14935117795937,82.14286067901882,60.1439066232782
175.5639093379685,84.525312653059,81.1221935305498,59.75376617936869
177.34230516017323,77.84597930142897,79.77753138515494,59.839655888541394
179.09920376761937,74.38150932932444,78.45681813498149,60.18934393859389
179.79119388883208,72.16698679308016,77.0728378925561,60.261066850393505
180.29349367844486,69.69314242217655,76.06823831333054,60.89138831340357
181.9926300353084,71.4403940342774,74.82349696646808,61.7039478229311
181.26257229318816,77.63623178467951,74.13605711184448,60.0500490164475
182.61040536943818,84.81790652446458,73.55064522956084,58.348225158176135
182.95592241551444,92.87790810432864,72.85961113740838,56.74409034715812
183.0783197019282,98.68789808369596,72.61481656458085,55.30938394794411
182.29462337734094,98.21422788241735,72.17226854028199,54.24678367702797
182.57319057026479,96.72475322661958,71.61513415443434,53.25404997105197
182.05924672525057,95.27386883478471,70.6818998879839,52.233574841764025
181.46976862463367,91.8239476299618,69.9306376087275,51.41254332944915
181.7368778353511,86.41275978695782,69.39641918729268,50.802848672200675
181.28295972462917,84.84746695151405,68.41702391785151,50.15897136131818
179.86032007624257,85.11173940716074,67.53871088387059,49.630426450024785
178.44205899005317,87.2755369015278,66.69565839079937,48.98240612674075
176.16559161794882,90.3535777964316,65.79952907751448,48.27538839442676
173.87299266025477,92.1886111681836,65.01128227054113,48.18761813249704
171.4336448301135,93.29765145719071,64.55678460896482,47.7472686617691
169.91736600191496,96.96474784923569,64.06212624935853,47.467507909686006
172.69354346407528,96.16180385044412,63.76428618086142,47.321890955327966
177.31625224855827,100.58315610007661,63.241824892612975,47.20214273678053
182.6463187930839,99.72774077093058,62.989792980851504,47.17828986552427
187.80421493310968,103.31455769188692,63.0567460667871,46.92648626760299
193.8181144787836,102.33181195163226,63.12044091096436,47.16462147160871
199.75293778131825,102.1862743581511,63.37635160608297,47.455696658571036
205.05099330823938,103.90164282702223,63.2255139382782,47.50671751617461
208.30736311553832,103.79922111691894,63.67044125783751,47.71156093638116
211.63915742739454,104.47576088099598,64.00501387921358,48.10802171949923
219.48090703019216,105.19261194537893,62.4104491912865,48.43543640544185
224.7511694797209,107.63540102203098,60.58058783881012,48.776256380086394
227.8150553573824,108.34383338533259,59.611750887228055,49.07903658806352
227.27154703489012,107.5235287625419,58.989111972923375,49.0099902743557
230.08531158733993,108.25880411649622,58.45845444765454,49.23839675965732
227.70606888602853,108.24855781565832,58.1335632314437,49.25888936133314
223.77220800802607,109.16855727371082,59.2421832227978,49.10866588639081
220.54253548469467,108.40786530977707,60.588190454924856,48.92560387607972
218.32006219427203,108.46388152169801,61.588776898205985,48.81357145223782
216.32288300560694,108.4868980847251,62.111720846551854,48.76753832618365
211.63397036686757,107.62443614696834,62.774716783386864,48.74949633356843
207.9132434918973,106.86739436810728,63.204925222914525,48.51076856368735
204.22083025912656,106.22054590082789,63.56777760736617,48.04897197797368
199.0185171880646,105.52570202343439,63.45145450659766,47.6851681922786
196.51163797022457,105.62155929852088,63.227889166976794,47.49345364210564
191.38427874326564,104.23481083098218,63.04719127515138,46.78847846193524
188.11712635026942,103.5499050549479,62.68169043739483,46.43333860806658
184.00002254524932,102.0220105818945,62.34801101158808,46.061972739834616
179.1050039323601,100.62143499654519,61.92352284059405,45.45828211160905
176.8730120614228,99.05119331014563,61.329281914072766,45.22661570547761
172.92756699609853,98.3412217520791,60.85392920966687,44.97331025459981
169.02923654615165,97.66569410621437,60.34122515796136,44.66249255600937
166.89250622093505,96.23676745090255,59.66772487257379,44.22237190941917
165.55330805321796,95.58959389790618,59.08304510211565,43.885180962465725
164.33542468544744,94.84465594192703,58.28456153247737,43.75793172183439
163.10220713244735,94.24958802695579,57.54521187920798,43.34517517214205
161.80588822872136,93.56321646560995,56.96807803019233,43.13303246659992
160.5254048471898,93.76709511141252,56.38379107616261,42.72527517499479
159.90558761101062,95.42504446345872,56.06636261638008,42.523502335184105
160.68843519310974,94.78392360336244,56.04959736706259,42.25681414049595
160.11912095518278,95.68361139460295,55.643907491429886,42.001756909501545
159.40472694666374,95.05616692656648,55.53872497884283,41.72267531594937
159.46769547792854,96.70778024119464,55.412787916313206,41.47506341704648
159.595685250101,95.91884041103789,55.15680837196826,41.53110211183659
159.60301429449825,97.53543999324384,55.14215028317383,41.33562222755933
161.0399697993171,96.81298567723479,55.299120574841545,41.2650902089247
161.02817351523123,97.5908611466293,55.32271314301331,41.22601519450477
160.998129001577,97.68379781129732,55.382802170321746,41.040141865168685
162.4301524778594,100.65009035220572,55.54728734653574,41.16462104090942
163.8773178220531,99.11858290598548,55.690568315682015,41.19002427581623
166.12965435060067,102.07499364101702,55.75009604525733,41.36280385464711
166.69120186232794,101.31308324701085,56.15213643028839,41.36148923417387
169.77687945748693,104.28762941002125,56.10568169802818,41.53729736621074
169.01272008710131,102.76419732053212,56.100600459968554,41.51736158752741
170.3281791105851,106.53710514637095,56.53567471738124,41.63652669680037
171.8150791165651,109.59040118011183,56.644997425820584,41.69618007011731
174.9497827613616,108.7806754805467,56.552391418247744,41.77143114874251
175.8379402475729,112.63076661348569,56.32010286404172,41.79138097394746
179.7765556175486,111.90892717713847,56.14698083934637,41.69423810359072
179.83993208772623,115.88684925179481,56.02022789899116,41.42138535603634
182.2409692335151,115.93331824182997,55.808759568259276,41.328447375966036
184.0035791797934,119.0382078123347,55.33446904100562,41.22052696556242
185.71029743940667,119.04247493756608,54.954001410523674,41.21199271509965
187.35073074944796,119.99154087439106,54.69424393739699,40.824415414927685
188.2575942905046,123.95182973064775,54.380777956303525,40.40514320751329
191.4373608621899,123.41056599701008,53.975763989924786,39.99904088054064
193.82203386431067,126.64773160214557,53.63387952905385,39.42799172809703
195.48557563344966,126.08314125051028,53.229328569151,39.09590614218004
197.07813315438926,129.1452418096133,52.94356436584597,38.77040670112248
197.3482204142483,127.98709571898564,52.403389846127936,38.20670589368318
200.47056290890265,130.32608208902477,51.84888613910486,37.79636911531917
200.65118258480177,129.21900525388986,51.48764678730664,37.19573609755106
203.0142001220289,128.64720120033394,50.937753898659636,36.94729680939378
203.9607344497894,127.54502465510977,50.42431067701295,36.392399032093486
206.98271331980243,127.01132250300877,49.83123505461949,36.097082806887364
210.00377305818364,125.86888051214298,49.18461054276696,35.68421930616401
210.2860437527686,125.37729435213602,48.62006915359706,35.33510880018437
212.54379991737417,126.21064102079723,48.0585091564519,34.986399573550614
214.2092711340416,125.19240559537513,47.33504070318838,34.41539644432352
217.04732116525298,126.00075030129595,46.79247221700575,34.08208992654189
217.3351580612013,125.49440135094976,46.216798425109104,33.82511101862584
218.8176838043495,127.51492715625062,45.765187782092696,33.554220672944155
219.66559418961128,127.64652297517964,45.31478558615919,33.29102903508614
221.83939394621643,128.9472056889451,44.66996934131621,33.158185786466746
221.53226872066182,128.51459917361896,44.06193600165317,32.80111502634675
221.79291501708553,129.85753864293645,43.540643408805735,32.52961570425979
221.98265063945348,131.22748250336602,43.16117216406987,32.17935851348467
223.9648983605425,130.85242961988035,42.74660612558186,31.74615447922602
224.8332042344185,131.57585966288465,42.17990660710056,31.469206622488116
226.1405585568545,131.1209123887503,41.87871448774436,31.22234290799898
226.37369610238903,130.07226331154334,41.41243939667529,31.023369611982623
226.58326650622675,129.6478591901341,40.993298588999856,30.734393397561192
226.1992632596532,129.25840538367436,40.63462719285232,30.38662312118609
226.8355868427659,128.73939619422686,40.47751022050028,30.309111306207676
226.84294243872966,128.26159259718818,40.46279902857275,30.15284761980068
229.83314538609721,127.23274438663691,40.02784490279322,29.992363333321002
229.9607650860336,125.67972536726515,39.77260550292046,29.798864938232374
229.5927341952841,123.54715797544202,39.41587183092029,29.692817907882166
230.22161249070686,122.5925525945632,39.24374489254912,29.43076936469108
230.3059490495747,122.14223742862686,39.0750717748134,29.252675024419045
230.88838919769094,121.64275956264967,38.983435840213176,29.178386394741157
230.41889655397276,121.18764898127364,38.8517866851689,29.01797311501258
230.50205599072305,121.26389075851537,38.68546781166832,28.865489560529124
231.603187778613,122.92229749692889,38.605165749050016,28.73161835344448
231.14896879443984,122.46636701848936,38.45603566518244,28.58591125810959
230.69106059142197,123.01514013692369,38.31893771870943,28.541279373749653
229.72849400535583,125.17121236781857,38.143874305568644,28.42952808250603
229.28782398294027,124.25910134031965,37.979608411837816,28.162538260379936
228.85352383098032,124.23470121623366,37.80947234848172,28.211338508551904
229.43830267824626,125.80449958620255,37.67686201201738,28.18258384281677
230.49678829716544,125.78497004819245,37.62880845969178,28.22164291883697
232.56502725502935,126.28505432366194,37.62979525034529,28.255840544493317
233.71479845050976,126.25898743154085,37.40013358595226,28.30797432873551
233.8904869992417,125.71920922045184,37.048756488488365,28.355236943180355
233.46818809614726,125.18278312322525,36.865647359134485,28.400382202090796
229.9456335492322,125.7256655860843,36.73122159898982,28.340265112654812
226.92614522339156,125.21739016946785,36.634504299437786,28.33420028734883
223.84612191897136,125.78265077429431,36.668313290206825,28.2247186807078
220.30629746157922,125.3580742029763,36.60955446289515,28.054099288758707
217.7983738648901,124.9002390182127,36.54492880089095,27.95367508720941
214.83656489209235,124.39899184456539,36.387721561190325,27.94269857028804
211.35836214885185,124.38854444879655,36.26787751083894,27.963593361825705
209.83915642091557,124.53755138056964,36.2780782876301,27.665579498279534
207.8685041667102,124.1196386010352,36.20058014754847,27.496704395225308
206.4096844237744,125.14133711974819,36.11593095536648,27.45483314316847
205.46870250582418,124.71412554425356,36.00031714128117,27.31046746916485
204.46034132443106,124.76048510748207,36.02770042424973,27.217748342707846
203.983925536712,124.77864002337539,35.986959379103446,27.181438510921204
203.49196773260928,124.2973979190757,35.978516285374695,27.151564017586352
203.5567506931792,125.65875894895522,35.84895036423482,27.404067931924182
203.52653603839423,125.21025728951767,35.90937967380477,27.307182638610122
203.97793528886612,124.77210084323153,35.99981069313354,27.190266010909838
204.97362023684175,124.7174269634089,35.99383823545403,27.299613770555123
204.5077938582358,125.71493039479024,35.9310974233022,27.2933940465198
205.98467894911585,125.27740846405253,35.957333968980805,27.17510233218237
205.90619913411925,125.28681676446686,36.11429359897398,27.1562857313537
205.7949200904012,124.37920763660622,36.33685168641004,26.98372940297566
206.76108292973774,123.94125595557969,36.39342838611746,26.8651815758385
206.67749616311147,123.48718386319335,36.560601919370036,26.779956353257905
207.5998558842992,123.5149287913409,36.70490587788027,26.724466496962812
209.02294768564718,125.02507681191776,36.846097155658356,26.691545336283177
211.04607184617774,126.92772604003322,36.7894208491627,26.87581889461771
211.95674239132842,128.84799963883697,36.967197395630514,27.033506970548654
211.97642423749954,130.75925730538518,36.927833703288286,27.230373341571624
213.9368572193526,133.81097691686944,37.0368716313058,27.17178995618855
213.40131301467284,136.23687840318468,37.099788054231546,27.36084691572696
212.34735811243382,137.1198565055244,37.183242815937604,27.619345753819445
211.72798378291796,140.11466190668148,37.404260583209634,27.736120302063657
211.14080100282285,141.06873457027828,37.555621970369145,27.873983320931423
210.58196871516748,141.52974457082456,37.64572299944527,27.979526866073446
210.09290923665603,141.40638241234356,37.593179964780475,28.226251183035465
211.6102961292809,141.37960021045865,37.66010338238141,28.279815586805267
213.3431272110339,140.81883510250353,37.30182271251625,28.365551971501922
214.46286677307015,140.25635176443342,37.1258140779612,28.458783402883416
214.51337477238832,140.6848199464671,37.024798079324846,28.632418250279322
216.01022277767237,141.18501967921992,37.12667633738954,28.66387687431792
218.11017025508474,141.64009526474942,37.06248773725793,28.78765229193222
218.0795125986381,141.6550114994289,37.12380305015122,28.75781982257328
220.15492261231583,141.63336586771345,37.11463306287756,28.80111108600412
219.42238676178022,141.06602893226412,37.543727640956135,28.8998078339102
221.448629926127,140.53786126875204,37.66779696411195,28.912004247972014
221.26005170274075,141.55499497026898,38.04495341088449,28.970200244403333
224.2705890177954,143.00141645348555,38.341488710539366,29.23616224285222
223.51200685851325,145.9766315275013,38.796855839448654,29.656515232750703
223.33606630572285,150.6651954644151,39.148736945029455,29.959793163239638
221.47114349238913,158.72824471730772,39.62083598024834,30.12242761469726
216.06559090295104,172.29519066550418,40.570013861763215,30.382778210974628
