123.5,87.5,132,176
117.63629844888897,81.52875984694646,133.05139425299637,177.2664714568814
119.3548270495235,82.59328503806522,134.4888154116107,180.01189943452724
116.4179815847341,79.68335391769847,135.42272734409426,180.8919826781655
121.20304838516519,81.51034286823287,135.78949592175363,182.2064558663575
118.82049251040773,78.77225187496053,135.56015251997397,182.6881827016076
121.43024679058686,80.7106005557568,135.33867172028908,183.80951310068843
123.8989637520801,80.6390180996353,135.41268128967465,183.95267801293144
123.79662118231859,78.11636128581758,135.6173664291977,183.98315965207732
125.87083455666745,80.76569975962039,136.48759009190192,183.70313311587364
125.32486561942477,78.44336644480752,137.57952796638727,183.31915041212343
127.32188795440771,81.26252930173861,138.62615570490453,182.7214971067444
127.0773783463532,78.73276343844056,139.11517492101356,182.73236088072346
131.78411875443993,79.25415285551762,139.8153257163033,181.68958204656934
129.28459814810464,79.4177575686545,139.76204493190085,181.3623726202956
129.21283543238235,79.70363741919611,139.90557036334545,180.79061291921235
134.44902196124465,82.16536216470311,139.5133224710779,180.90722601092688
134.37394974484337,79.3008973759259,139.66346690388048,181.60070031584695
134.19398343388372,76.7841251747292,140.02339952579982,181.5857543920924
134.22672855168963,76.86384176426702,139.95790929018798,181.42632121301676
134.17814776015905,76.75441145622625,140.05507087324912,181.6451818290983
134.04239878320294,76.56837911885523,140.3265688271613,182.01724650384034
133.83647724227797,76.51378769567805,140.73841190901132,182.1264293501947
131.09412738668385,74.22313956852875,141.1490806294356,181.63369461372935
128.44930551960337,74.24088057195209,141.3655364322463,181.59821260688267
125.68410449254051,74.2106545344175,141.81977076489864,181.65866468195185
122.92454910276068,74.04723344758314,142.25440053512878,181.98550685562057
122.76729935986543,75.99651302592326,142.56890002091927,183.18349530791153
119.7471627427847,72.87800598589868,143.48919208947217,184.3005282223521
119.44843459769257,74.93670195281818,144.08664837965642,185.33516705619618
119.08652584747446,74.63013072566554,144.81046588009264,185.94830951050147
116.17225450302907,74.17989388152668,145.44029053299195,186.8487831987792
118.54527080472009,76.15774665567182,145.91698906425168,188.1158087851307
118.32298942202635,75.53250010594157,146.36155182963915,189.3663018845912
120.72167819399104,74.86592272493417,146.84037215010113,190.699456646606
120.6225557850159,74.38613145213819,147.0386169680514,191.65903919219795
123.16592589045236,73.95176284807366,147.27411398704962,192.527776400327
123.10973318676903,73.48390844448375,147.38649939441626,193.46348520750684
125.83512224261426,75.79525890165331,147.29116210900042,194.19622511944232
122.98101413837333,75.47952525908141,147.63432156667437,194.82769240458612
128.28847780415913,75.24522560915503,147.77996446212276,195.2962917044389
125.39921067955764,74.89648978745444,148.16869341175854,195.99376334784006
125.51521143667796,74.6129592070528,147.9366918975179,196.56082450864335
128.3529691757061,74.25294559760911,147.67280733883396,197.28085172753072
125.6971710994708,74.27120871835541,147.56612424533623,197.24432548603812
131.24441686262446,74.17513532235421,147.30358923040274,197.43647227804053
128.26801114782464,73.97275115417415,147.84179358760576,197.84124061440065
128.44506664820267,73.78060745594007,147.48768258684973,198.2255280108688
133.8920028432595,73.65238847913754,147.45305903147812,198.48196596447386
130.96217456571517,70.90292484069622,147.8797576011308,198.54793525592055
131.05302971102665,70.61109953634849,147.69804731050783,199.131585864616
136.57865164444672,70.68803234246234,147.5405008891551,198.9777202523883
133.78606492222326,70.43649683584445,147.6837454437168,199.48079126562408
136.6618859239748,70.33384068728012,147.3840274123304,199.68610356275275
136.57058530856216,69.91883763425395,147.56662864315572,200.5161096688051
136.40171869344232,69.7254375241491,147.9043618733954,200.90290988901478
136.45736459267073,69.56076730037272,147.79307007493858,201.23225033656755
136.4732522481881,66.87638143889518,147.76129476390383,201.12069040528985
139.3390870618579,66.9506372631744,147.5077411154258,200.9721787567314
136.601864336105,69.84414128106702,147.51048451448563,200.65687277339217
136.61579310163665,70.04445671619753,147.4826269834223,200.25624190313115
136.38937582545532,69.83925147963849,147.93546153578492,200.66665237624923
133.5438259556092,66.96536045512268,148.15248823494636,200.94036138475005
133.633971321026,69.55371427759862,147.97219750411278,201.24544324564542
133.5147560883696,69.40902573537325,148.21062796942556,201.53482033009615
133.3669206931354,69.23331106795794,148.506298759894,201.88624966492677
130.5428773164808,66.39449539571356,148.65242393779624,202.0619194340086
130.56204270587745,66.44995038847038,148.61409315900298,201.95100944849494
130.63561413475873,66.50267135627273,148.4669503012404,201.84556751289026
127.74960656212632,66.397304087619,148.7382670663599,202.0563020501977
130.58448097213716,66.76062726768521,148.57686646134727,201.3296556900653
130.7266154456986,66.67493498596968,148.29259751422438,201.50104025349634
130.816932249778,66.69426626870562,148.11196390606557,201.46237768802447
130.8153789853589,66.94762053116496,148.11507043490374,200.9556691631058
130.71876222630206,69.57439279326182,148.30830395301746,201.18353345872183
133.32415430445306,66.96480171117888,148.58555845174993,200.91467696785324
132.99439788104917,69.47057815414772,149.2450712985577,201.39161988547374
129.63680235303232,66.69758340911221,150.4537120288362,201.43105904978955
131.71338579753296,69.39646317148802,151.82748096040433,201.56023534560734
127.97540218358958,66.708448156849,153.75208188052358,201.38489906711786
132.6188251551198,72.20946939733577,155.62547171403622,201.5430923627174
128.88119059462736,69.40261438802756,157.4876714867061,201.54373303301878
134.12556929884704,69.44691587142506,158.2856861390366,201.45513006622377
130.74424998014337,71.84894115668217,159.3933219024998,202.30608236965372
133.32632497441608,69.04016256543234,159.91519453047954,202.2376169356282
130.2338538780216,74.6587910385039,160.40668727631126,202.38725888339965
132.90984355620336,71.781472162443,160.7584278615563,202.43817669391288
132.78986485459507,74.49507749378711,160.99838526477288,202.72117430810056
132.7835923929582,71.7273031363978,161.0109301880466,202.53828512261137
132.7842923476361,74.45867089754967,161.00953027869082,202.79138872952473
138.53340033799876,71.74406563352552,160.95070335702746,202.50090472804206
132.71054463031618,74.32848895373975,161.16783637860058,203.0463472845096
138.3592071581552,74.43990524071926,161.32285053032078,202.8235147105506
135.2134888920976,74.3902225907828,161.8890166479977,202.9228800104235
138.13004775575396,77.2328992043256,161.79187539521934,202.97350325787232
135.31859448036883,74.36471366073168,161.6796048653568,202.97469726442736
138.30219310763374,74.4451917427026,161.4457820613399,202.81374110048552
135.282852397395,77.15031484287212,161.7573486274944,203.1306097544695
135.54210837470927,74.5297793471644,161.23883667286583,202.6346556781378
135.6490218293814,74.52211774083491,161.02500976352155,202.64997889079677
135.75929460174478,74.3396306166111,160.8044642187948,203.0149531392444
135.79835527797493,74.17167483758028,160.7263428663345,203.35086469730604
135.9175886909202,74.03469721745373,160.48787604044395,203.62481993755915
136.36313809490423,73.9292259666467,159.59677723247592,203.8357624391732
136.7285014827659,73.92746393413296,158.8660504567526,203.8392865042007
137.32320210325798,73.8590411320647,157.6766492157684,203.9761321083372
140.7095029828925,71.07390986861311,156.58768686164294,203.86275523009678
138.5978902556144,73.66969604386256,155.14674603733246,204.33534915846457
142.05000879985064,71.1874694567984,153.89037961637433,203.65193166507856
142.58128093761354,71.1435446431991,152.82783534084857,203.73978129227714
145.94697406118078,71.22610143569622,151.6973590636086,203.5746677072829
143.6765022608381,68.48246170638232,150.6583993249274,203.48204382654413
146.98827912529038,68.93813187113926,149.59632861785914,202.57070349703025
150.14045474394476,69.53810315928547,148.8222063924976,201.37076092073784
150.41345921470275,70.00157097366042,148.27619745098158,200.44382529198793
156.1655593872295,70.68449833411259,147.72453683505782,199.0779705710836
156.1526141933308,70.8666726452337,147.75042722285522,198.71362194884136
161.71909523443065,71.39734147369778,147.50016509177433,197.65228429191322
161.79586590091714,68.92595805395692,147.34662375880131,197.17394357801282
167.28175228693044,69.74806238302939,147.19748353527214,195.52973491986788
164.6378372898825,67.8610300111688,147.1014684125343,193.91995454675538
175.4625731140945,69.130659778948,146.88298992391395,191.38069501119696
175.70687935722495,67.11989364815997,146.39437743765308,190.08677534782453
181.47507385984377,67.53493677021956,145.43345981548293,189.25668910370536
181.95732755245132,65.3323815097733,144.46895243026782,188.40239616026807
192.74934040045798,66.2013080456484,143.80749353062478,186.66454308851786
190.3811301806618,63.89383084349551,143.35058217848513,186.08616570109163
201.1883892285977,63.98691949154497,142.44428726446475,185.8999884049927
198.94239370272803,61.902000376387804,141.77683614862798,184.91038446773098
207.15687772475133,62.219843829200045,140.7482410613887,184.2746975621065
209.98751543940443,62.71954796307352,140.19394984484586,183.27528929435954
217.91619337942643,62.89686659050409,139.58468296732983,182.9206520394984
218.28789788018105,60.71771200175857,138.84127396582062,182.21161295922866
228.51513150034273,60.78528632929232,138.56442556597932,182.07646430416116
226.34143629029916,58.21481154194608,137.87399004454107,182.17958793732825
236.88903865246328,63.05069083237805,136.8912889101705,182.56408115144313
234.87782180548663,60.56069119968565,135.89579992511554,182.52615773781972
247.68572009616867,60.985009743355036,135.28529704262814,181.67752065048094
245.30777211979648,63.32801613505589,135.06303702383414,181.96966383861763
252.8663412424849,61.017852169854734,134.8827807138234,181.61103112389787
252.83719737300183,63.49749071574996,134.94106845278958,181.6223090471845
259.93844135553104,65.94977751307566,135.6536232310396,181.68941636696925
262.28440875717973,63.65234716934309,135.94605312447823,181.29991235769845
270.0717938011246,66.27341069290452,135.32094196712052,181.04100495408625
269.85559488748413,66.43752399302805,135.75333979440148,180.71277835383918
279.9181390248899,67.18774989549296,135.51276812167663,179.21232654890937
287.7569288637036,70.21775071639365,134.6682145126963,178.0966669299903
287.89614320863234,70.4702966026291,134.38978582283886,177.5915751575194
298.43461209129805,73.06726229499755,132.91805521919895,177.29894556320542
298.5669935398686,75.47149335710398,132.65329232205795,177.36327586984282
308.93539983498385,75.49961659952172,131.39424473428775,177.30702938500735
314.0786162425261,75.5162574589107,130.80376534688392,177.27374766622938
324.09153780173244,73.18207478099065,130.12910837616533,177.10431648514597
326.5720757855309,75.02315104169324,129.99219477911697,178.2463263342894
336.5339593602712,72.64553785957963,129.42545498175184,178.16229586048775
341.439537200262,72.42626588910281,129.27165193310597,178.6008398014414
351.3174081813201,72.57781552646284,128.84711777484065,178.29774052672133
355.9977141226173,72.4612540338544,129.1289638739422,178.5308635119382
363.33816560038997,72.46299951600534,128.93624897202872,178.52737254763633
368.13649377369546,70.46719608568252,128.99194428395205,177.6928035790148
375.29849708306443,72.78074960668907,129.11123786494775,177.88012993691288
380.1870064146289,72.75181683734866,128.97268856717906,177.9379954755937
387.4768854277872,70.23052927064832,128.84644012240554,178.16273408181334
392.28622512170585,69.90975124332103,128.8661019693275,178.80429013646793
394.4757250811265,69.87610587938413,129.3163230066557,178.87158086434172
401.7279866385142,67.58845924639357,129.32472535802444,178.60923230827478
401.4747198493403,69.44320759383507,129.8312589363723,179.73353690998425
406.34747679386186,67.00728424029323,129.80409521365848,179.74620853390329
406.2097186273193,71.26946150501081,130.07961154674354,180.93969548585352
411.15567502247507,68.82786838771817,129.95078343134958,180.94133938298003
410.9038633755646,73.3782068192354,130.45440672517054,181.59955908043992
413.4676733436294,71.14055298741877,130.22449347318178,181.1771600599323
413.3886570260243,73.51284364451764,130.38252610839197,181.32010270470616
415.7896979342506,75.81584822494801,130.47273368828874,181.6063829401948
418.14387717853356,75.99435341818517,130.66248674260396,181.2493725537205
418.01701904814564,78.25753412241765,130.9162030033798,181.61883200264103
417.9848913363447,78.49823041699216,130.98045842698173,181.13743941349202
417.9561139143121,80.8466316141274,131.0380132710469,181.33998734054654
417.79751620285333,81.11456303892615,131.35520869396447,180.80412449094905
417.64382321777623,81.1289137299569,131.66259466411861,180.77542310888754
415.06907810502594,81.17643893934583,131.90702184293343,180.6803726901097
412.58647707610527,81.53629223670706,131.96459125846783,179.96066609538724
409.9893743662146,81.7515873389801,132.26114722703065,179.53007589084115
407.4574936796723,81.73826702943266,132.4289375717575,179.55671650993602
404.98589755583134,81.82434228079126,132.47300374569855,179.38456600721884
402.62518052334025,81.7632784289838,132.29720588219195,179.50669371083376
402.738569172817,81.6212672184595,132.07042858323848,179.79071613188236
400.28310795266265,79.35788657578189,132.08454710633166,179.42067350002213
397.77948941547237,81.85610594472297,132.2003704266184,179.31564851623386
397.964383137479,81.86759852426154,131.8305829826052,179.29266335715673
395.5068838685037,82.01315319522408,131.8602763362014,179.00155401523165
395.45930309971067,81.84759519614377,131.95543787378745,179.33267001339226
392.902002144456,81.85811507954213,132.18207973860143,179.31163024659554
392.8855908906626,81.70246644601156,132.2149022461881,179.6229275136567
390.4570859407851,81.76154973257583,132.17528840976166,179.50476094052814
387.9882610180911,81.59000417494926,132.21875932561943,179.8478520557813
387.97723918021893,81.58728911112091,132.24080300136382,179.85328218343798
387.94414008362605,81.53365750909816,132.30700119454954,179.96054538748348
387.94068950765336,85.91553947891668,132.31390234649493,181.00330741125924
387.73533734723105,83.56546084747626,132.72460666733963,180.78425226504737
385.1271947884736,87.93697701432605,133.01826842110967,181.88646665883746
385.16738234441567,87.800601592818,132.9378933092255,182.15921750185356
382.8204579150198,92.11953446799315,132.68474165511145,183.4153527773149
377.74524923706304,96.08344096898,132.9113562635943,185.4113425227718
374.68382186362896,95.64621164731444,134.03832880942292,181.28991896506332
372.14619522887136,110.28101726620817,134.16174070395138,186.68319735218282
369.2296855032172,106.98499000881547,134.95903685803592,188.23952856974435
363.3404942040088,107.00193021913924,136.59257668039044,188.20564814909682
360.2039037195335,112.73695427385731,137.76699568519135,186.93312396796014
356.99655429017184,115.29520858863668,139.08298289513039,186.91532698718567
356.8228112272243,122.46748148721426,139.43046902102543,187.93077395060305
353.6684489511633,120.0971793318468,140.59806270418636,187.53024739237696
359.13683573241406,127.74697468373964,139.96957719913445,187.69308877476544
354.4723475545368,127.88596111435126,139.00587151140866,187.4151159135422
351.71602801814794,125.45689135476226,139.3921744375851,187.14691928611904
351.8387399444906,133.1799211938629,139.14675058489982,187.0866046358206
348.1976092833289,131.0208643371766,141.30536512212575,186.28107156409578
345.21431896357524,136.21955780943657,142.12527391216403,186.17702831851398
350.5691771753395,136.50740623089786,141.73249003481993,185.6013314755914
348.3540922140985,137.06423636784334,141.01938296146758,184.48767120170044
345.85837189170155,142.2616707026486,140.8961677328749,184.32211427886313
345.92486452205844,140.07362463730797,140.7631824721612,183.5880859894616
348.75034277920065,145.1685371043215,140.20897732662235,183.59176379292592
346.5550169009653,143.07917319344693,139.51185945227496,182.68272198385696
349.252270745196,151.01246909249392,139.1798826318162,182.0037227897706
347.0080473059726,148.5528261618563,138.621572176993,181.87625131777583
347.36013322253245,156.09293857391225,137.9174003438733,181.9031420612697
347.6226271863024,153.60883135824128,137.39241241633343,181.8467350390474
350.278645870403,158.73348330735973,137.09556275878657,181.62780656211925
347.9241255792094,156.64808009419644,136.79760084268253,180.79161048995462
348.08304997185155,159.1004798941485,136.47975205739812,180.87620478547052
350.7931603182995,159.3543837378857,136.0450219269784,180.36839709799608
348.60554899624265,162.05170560620996,135.44959324277767,179.94440468966198
351.0895078376193,164.34159640673278,135.43613808962886,180.31908561822064
348.81060570136776,162.20777985207843,135.0339938636502,179.62677022904765
351.41835625414643,164.68288817782314,134.761324660096,179.61938547956134
349.21059495128236,162.4476847124618,134.23858574889869,179.1515308933586
349.2433817929515,162.44264755696202,134.17301206556039,179.16160520435818
349.39935759282,164.92726953320562,133.86106046582336,179.11403276854918
349.4146799050129,164.74887632115025,133.83041584143763,179.47081919265992
347.0200195612705,162.67218112108293,133.69896421242518,178.7034372762973
349.49861181707433,165.05685142377942,133.64872353464392,178.84104050473076
347.0790017041811,165.30020648053392,133.5797275659819,178.35433039122177
344.5538518736254,165.40516712435226,133.7303475441446,178.14440910358508
344.40115955544115,165.466395292583,134.035732180513,178.0219527671236
341.8893617285534,163.16261898650382,134.15725369004926,177.72743123504273
341.7190875044665,163.0951156652439,134.49780213822316,177.8624378775626
341.4596187865217,160.55838269740696,135.01673957411282,178.0287101420574
338.95306062994325,160.14421637512913,135.1116534685701,178.85704278661302
338.704016822468,157.61761796651442,135.60974108352056,178.9778634355145
336.1680393803591,155.10088476463534,135.7393433770314,179.06897724856574
338.6867442239394,155.11050526911222,135.64779132072658,179.04973623961195
336.1061023415725,152.7420809135904,135.8650056992081,178.84251556440336
335.9794718160322,152.54753627193054,136.11826675028883,179.23160484772308
333.30718930179296,149.8059990883725,136.50830856501304,179.76015600108497
330.6758128605277,147.40921447769807,136.80211301409435,179.58477678898464
330.45475198548615,151.7360492852139,137.24423476417746,180.8732461818289
327.696660473593,149.36165266738263,137.76248631618282,180.6241079457106
325.01933766481056,146.66208091482955,138.11454115469144,181.02066067176042
322.2214508358238,146.42772431092246,138.69593179782822,181.4893738795746
319.3071773734021,148.01459939671307,139.49346177012924,183.34664066053585
316.4384593379124,145.3048336727864,140.15854132288538,183.69381559016597
311.1497145332071,149.86543142849635,140.55902380631397,184.7496272047282
308.0435893525705,149.2768658824262,141.66013376335798,185.9267582968685
302.32506945233365,149.0996253812346,142.80305320467005,186.28123929925167
299.41776735940346,150.9613285970339,143.44654759035095,187.72894266783263
296.30339817933793,150.37327708693283,144.4715927051771,188.90504568803473
293.38400286050154,152.43255897259706,145.07202843857556,190.02483682098057
290.49758511722,151.99292232885577,145.5796321073586,190.90411010846316
285.10083319430026,154.21977104029867,145.7992864432969,191.737337440528
282.0993932270699,153.8586842731402,146.49895051017586,192.45951097484493
276.5623784534712,150.99170949092124,146.92168650822248,192.86781376470742
273.61977288375124,155.51525986112887,147.4681258385196,194.49825664257764
270.7625041543535,152.75035143842018,147.81011327490657,194.65552346558653
265.2340464622689,149.62560215904736,148.10596699578656,195.5244911926876
262.4202507823125,149.4839120043493,148.3349511801457,195.8078715020837
256.9209412514406,146.84250269607185,148.5202391262676,195.68402456082765
251.3269516765498,146.80902577153398,148.89261197426856,195.75097840990338
245.80980562982617,146.59399562700196,149.09709935507925,196.1810386989674
240.16882825857382,143.78998027271504,149.52945956307798,196.36427214028828
234.50957897055366,140.8257492698093,149.978662752211,196.85808645264606
228.6360168409168,140.50352037675412,150.82676973466255,197.50254423875643
225.43973551599174,137.1479850019519,151.74615724559567,198.7404398494439
219.62925804824607,134.0347683023861,152.35299978822977,199.4598170521468
216.51897161995555,130.63457270262165,153.04564356741898,200.7322791742839
213.3215805569214,127.32387153152938,153.88178738260774,201.79504320558888
210.1314324025537,123.95334824866767,154.6735937131878,202.94759979315708
207.00630236512944,120.56282612037784,155.3048660427146,204.10965630441498
201.21206622391816,117.11263659870772,155.5993173175497,205.36302484396145
197.95244896012233,113.51511209389125,156.44762675657188,206.88714876502496
194.81176181049506,110.14316092439589,157.02099408257166,207.9230441307609
191.51685212889163,109.57725565448199,157.8776561974861,209.0548546705887
190.85612716827615,108.90116900032986,159.19910611871708,210.40702797889296
187.36989672989716,105.56275193363193,160.36498073015431,211.27727584696808
186.80863562705622,102.33279223487338,161.48750293583623,211.89830698226547
183.53153587397418,99.06772622520924,162.1750238055329,212.5617603651263
183.17660632581953,98.73902365165564,162.8848829018422,213.2191655122335
179.82019012627518,95.45605722064886,163.6880921602541,213.87547523357028
176.43408330289046,100.89302157045957,164.52756952402257,214.8670190999509
175.99353795269948,97.70217024749364,165.4086602244045,215.28716638587517
172.85856823947086,94.47205363391666,165.69626788155622,215.76506784372356
170.00055283671813,94.30159364705766,165.4179841163707,216.10598781744156
169.88694616873636,94.13429139011319,165.64519745233423,216.4405923313305
166.93145114112548,93.85452501534833,165.55239620493512,217.00012508086022
164.0082706136433,93.81702245250375,165.38794355323665,217.07513020654937
163.89982352735848,93.83916711571113,165.60483772580633,217.0308408801346
161.0053102429571,90.94742741296331,165.38172652951692,216.80218252053814
158.28458104118064,91.05753716073754,164.81817484152413,216.58196302498968
158.57994540038575,91.10986186869663,164.2274461231139,216.4773136090715
155.78722873503906,88.05730689811767,163.8316617829641,216.6012058793862
153.29820569069904,88.10189005133653,162.833065162752,216.5120395729485
153.90370936261525,88.13610207149067,161.6220578189196,216.44361553264022
154.2909885526891,85.7144530063359,160.84749943877188,215.34879261671534
151.47547046036735,83.5716717179597,160.56974802976276,213.72556759981512
148.9511594346046,83.7697076629857,159.73883460258986,213.32949570976314
149.4422128821136,87.18011742629567,158.75672770757186,212.36859444488042
149.5835669035054,85.04781228518615,158.47401966478822,210.80397675624528
146.76151117977741,82.60355462589523,158.3173456337287,209.89170659631165
147.1109711109355,82.87807798763002,157.61842577141257,209.34265987284206
144.1706405125617,80.03928234237014,157.73454183422984,209.2557060294315
141.3425679964742,82.99323358598036,157.62556860104726,209.11292180756863
138.47627230191415,79.94094680138397,157.5969974789552,209.4563328655492
141.64409267681782,79.93328822754832,157.02728291711503,209.4716500132205
138.84311283566183,76.84383090565264,156.87239756200134,209.89371961958616
139.06554034803938,76.94007775975608,156.4275425372462,209.70122591137928
139.0742504072715,76.7210827202909,156.41012241878195,210.13921599030965
139.22058464747977,73.78498314746184,156.11745393836543,210.25450873927787
136.6246695350719,73.74095377962476,155.5554157027936,210.34256747495203
142.52063157997776,73.69614012867204,155.25549504220393,210.43219477685747
136.9982047006556,70.57780168617461,154.81544992070522,210.92642222178085
137.4026249514095,70.79855308237187,154.0066094191974,210.48491942938634
137.78632445979508,71.0350915738301,153.23921040242624,210.01184244646987
135.21631294395706,71.25726472532392,152.6762377235975,209.56749614348223
138.1875944948344,71.88080755014185,152.42068474778443,208.32041049384637
135.57839079197106,72.189693340757,151.97520708991362,207.70263891261607
135.72200188126408,75.38144873844497,151.68798491132762,206.96632404170745
135.79695588980786,78.33019381529108,151.53807689424002,206.70013683253475
133.00488263079697,78.45684334610849,151.49742193952864,206.44683777089995
135.9088860261621,81.40887228467311,151.30970278195787,206.16306752693018
133.11448455597065,81.66902511532808,151.28560686848266,205.64276186562023
135.65687543866665,84.30719458442653,151.80542506968084,205.97102289401352
132.86974384680005,81.38187877865172,151.7615792041869,206.20354545633597
138.2173882183164,86.96425351278577,152.3081371475621,206.28064267447576
135.4578201333225,84.44071487915481,152.1962199612778,205.69666658546564
137.90335831044246,84.47317453410766,152.9254866247996,205.63174727555995
139.99140115685884,84.73980415226285,154.38069975587294,205.09848803924956
139.57148530045023,87.54324437186762,155.22053146869018,205.13859375085104
144.6481446715579,84.84112947436522,156.38985006636068,204.88150487591295
144.4600811035174,87.61773230604025,156.76597720244166,205.00478484368082
146.83149428030964,87.46565926133309,157.7076522876418,205.30893093309516
146.66751957491257,90.40029734249401,158.03560169843593,205.14415109028357
154.86142145945016,87.7514552951719,158.76977273969356,204.73451024815023
154.71747974867665,90.24949475138521,159.05765616124057,205.45145545151138
154.86863181337438,90.21320249760772,158.75535203184512,205.52403995906636
157.73043811587632,90.69100123810951,158.7565907108255,204.5684424780628
157.7966178326464,90.57100794936616,158.6242312772853,204.80842905554948
160.69561887028195,90.66370918261424,158.53801338326622,204.62302658905332
160.55755489360342,90.6249237299036,158.81414133662327,204.7005974944746
163.2448957215439,90.8883170646398,159.15268780001733,204.1738108250022
162.3283951580346,90.96104396139249,160.98568892703597,204.02835703149682
157.93704880697672,91.0876917061755,164.0301290061716,203.7750615419308
154.47996339608372,91.62114510438747,165.16055266573267,202.70815474550687
151.69751195222983,91.72424010339425,164.9397965884773,202.5019647474933
150.4529073782683,89.14952920125572,167.42900573640037,201.8724657989169
152.9598217683786,92.16324013277858,168.22462105563682,201.6544880353282
155.78421745194427,92.16680179650123,168.39474685340838,201.6473647078829
155.9440790880547,94.56166248099694,168.0750235811875,202.6791930351124
156.29150963932244,91.04968631784692,167.38016247865207,203.87085754890927
154.80177115569109,88.64116183528007,164.5202314164781,202.84849848460632
155.89125607813594,88.89584186370566,162.3412615715884,202.33913842775516
159.384911945047,88.95689863920674,161.08830605654347,202.217024876753
157.32758011224269,88.46649108823138,159.49079875410223,203.1978399787037
157.8940624535663,88.42146940812569,158.357834071455,203.2878833389151
158.52683880055577,85.58443395542295,157.0922813774761,203.27774492176223
161.53749625644568,88.26784064848547,156.73442106380162,203.57438613374256
159.20207535458894,85.28168603259886,155.74310767018756,203.88454016818827
162.41262493932382,85.27819905885883,154.97273588728297,203.89151411566831
162.88884443879834,82.57757119360917,154.02029688833392,203.6545063672952
166.30244955073255,82.95915646252769,152.8121859201502,202.89133582945817
166.8558440635124,83.30541710747201,151.7053968945905,202.19881453956953
167.45839720159074,83.69201718536243,150.5002906184338,201.42561438378868
170.76760200944972,83.94358924316003,149.4094960384707,200.92247026819348
174.0802602210303,84.04274359424048,148.28628783519792,200.7241615660326
174.59455016778008,83.93670910544759,147.25770794169836,200.93623054361836
180.1869345493439,86.68500192222754,147.00704922820233,200.90669993487427
177.4695983745786,83.67971862687024,146.97922716101422,201.45477210887012
180.3313138597352,91.74805696443033,146.72615450052956,201.7291703632356
177.51947392315913,86.79135635895358,146.87946643260773,200.70183569204124
180.25626864329007,89.36426128401772,146.86316751940277,201.01331636896992
180.17563526892206,86.53790233811745,147.02443426813883,201.2042820893921
180.3683061035294,89.18498234063655,146.63909259892415,201.37741984124304
180.54702610340078,88.94511533082994,146.28165259918137,201.85715386085627
183.37931925725707,88.7716860202065,146.08207499807278,202.20401248210314
183.51606102067512,88.64982076497014,145.80859147123672,202.44774299257585
183.65283698189262,88.52256951222665,145.53503954880168,202.70224549806284
181.20221253821717,88.4010999626198,144.9707416693435,202.94518459727655
183.97205355567445,88.4466525109527,144.89100078263473,202.85407950061074
184.16995661142687,90.95544423128534,144.49519467112984,203.2937448127557
184.36336564904238,88.08344024324916,144.10837659589885,203.5803650280751
181.83761217670403,88.16700527875945,143.7045319494008,203.41323495705453
184.46290376601468,91.1663822020022,143.9001149312503,202.86064727103982
181.9611646935528,88.45901564455485,143.46256409657929,202.83435140633975
184.71903161726584,91.34491731949427,143.3802503316136,202.4959681389214
182.14918473214465,88.63975569879375,143.0930003587716,202.47934763723805
182.13190045979692,88.59701535286055,143.12756890346708,202.56482832910444
182.1136236150408,88.84034616024483,143.1641225929793,202.07816671433588
182.16008481037713,88.99750187528394,143.07120020230667,201.76385528425766
182.35451501247354,89.15052415307379,142.68233979811387,201.45781072867797
182.42853679087497,89.17090050080151,142.53429624131098,201.41705803322253
185.1437221130937,89.28774645606387,142.50060249746733,201.1833661226978
182.47535867969918,86.92761063254514,142.44474361596073,200.5110520214397
187.97912240294892,90.0766921201701,142.20019806910855,199.5943799960134
185.36594571621026,89.88120379365859,142.06296494135108,199.98535664903642
182.6997284983944,87.47120077696789,142.02815456543027,199.43811787086526
188.2113431730208,90.61128570681453,141.72170024528347,198.51633552572503
185.57090871615844,87.87408936066396,141.66318489437484,198.65134395339277
182.89724427315898,88.35827963280441,141.6700485007051,197.68296340911186
188.35457796353853,88.73746669948032,141.40720364548176,196.92458927576004
185.81372310466074,86.24481457612274,141.17881685293509,196.59979701217287
188.50688170689315,89.278881040805,141.0939176993,195.83308213363807
185.90522542278143,89.24343793708036,141.00882863636562,195.90396834108736
185.94553294391068,89.2527699186363,140.9282135941071,195.88530437797547
185.9426243826274,89.44624953570641,140.93403071667362,195.49834514383525
185.99500753571814,89.5931061296804,140.82926441049216,195.2046319558873
185.95122657709095,89.92096828704068,140.91682632774655,194.54890764116672
185.95869922242656,87.71833354323782,140.90188103707533,193.68815787298198
186.03401269323112,90.6732380822994,140.7512540954662,193.0310644244022
186.08734925001272,90.78149353333059,140.64458098190303,192.81455352233982
186.16159259355095,90.81699354274514,140.49609429482652,192.74355350351073
186.2592691955536,90.79835168120833,140.30074109082128,192.78083722658434
186.29242311216592,90.66012856318045,140.23443325759658,193.0572834626401
186.3698998070138,93.12578472880149,140.07947986790083,193.35815369758834
186.36848310013792,93.00963777238148,140.0823132816526,193.59044761042836
186.28773789403868,92.76266668068206,140.24380369385108,194.0843897938272
186.24351462041585,92.67931278786396,140.33225024109672,194.2510975794634
186.2189917066118,92.79632291237516,140.38129606870484,194.017077330441
186.18709779230244,90.65287987879239,140.44508389732357,193.05480944863416
188.63548794259083,96.01249539142258,140.78390791917448,192.80678706822906
185.97447782918704,93.37270734667769,140.86852595161736,192.8489609633541
188.53128115687588,93.66303591034037,140.99435042763682,192.26830383602874
185.97397213997775,93.59882500129437,140.87628971956184,192.39672565412073
186.08449987851057,94.03971011023057,140.6552342424962,191.51495543624833
186.09770038470316,94.22731664746091,140.628833230111,191.13974236178765
186.13974872262668,94.38752860240233,140.54473655426398,190.81931845190482
186.19633041248764,94.63514286737268,140.43157317454205,190.32408992196412
188.71118113217904,94.79803992099889,140.59578626888614,189.9982958147117
186.14232691531305,94.67442143526729,140.54184148840798,190.2455327861749
188.49227173661444,94.97465538526976,141.03647942851845,189.64506488616996
185.94327693922213,94.93992579225336,140.94097010148008,189.71452407220275
188.3919400569842,95.17883385857024,141.23663553611402,189.236707939569
188.3926164812576,97.70353417999532,141.23528268756723,189.37786968228298
188.4796105988401,97.19228647686344,141.06129445240222,190.40036508854672
188.51490767550143,96.82741038666693,140.99070029907958,191.13011726893976
185.86959797319471,93.95653344734635,141.06599232187358,191.65654376576157
190.8319480319953,99.13470067877057,141.5904135996167,191.74933069825732
188.11955047254756,96.44454794789408,141.7806425032988,191.89506994479694
188.14470554534097,96.28684767852896,141.73033235771197,192.2104704835272
188.12065075092818,95.8591865490035,141.77844194653753,193.0657927425781
187.95808251169626,95.64401919560333,142.1035784250014,193.49612744937843
187.88372270167937,95.60628780404342,142.25229804503516,193.57159023249827
187.80007486592154,95.70927422422983,142.41959371655082,193.36561739212544
187.79762489957517,95.94726327225992,142.42449364924357,192.88963929606527
185.21083235233027,95.73960182351024,142.33251334790853,193.30496219356462
193.16803299498446,98.3308742320337,142.22921964913806,193.39278657203033
187.9478864194988,95.58352563547595,142.1294926876246,193.61747370890345
190.66816986244442,98.35455443346247,141.96071365197588,193.34720396317297
188.04346383053507,95.88681450155946,141.94521098549626,193.0177690966807
190.698543375719,98.63128104421335,141.89470808678143,192.7884922030259
188.04151233308517,96.0118558742666,141.95342530258336,192.77199767345363
190.56589441026293,96.29609516979397,142.1607179914185,192.20351908239888
190.55936422704588,98.94700769537738,142.1737783578526,192.15250839989721
190.54912771356936,96.274252982924,142.19425138480563,192.24776494058284
190.42579777886903,98.65580809362696,142.44091125420627,192.7366910721125
190.4067325879004,98.56565467339036,142.47904163614356,192.9169979125857
195.59604934140128,98.53976499584954,142.63415828540283,192.96877726766735
193.07393304482065,98.60149599741094,142.4081870971596,192.84531526454455
198.44866845885346,98.63579694570193,142.18796529846662,192.77671336796257
195.87629010706866,101.21294847880046,142.0727491007267,192.88238320307505
196.0005229730754,99.00750287056154,141.82428336871322,192.03358429192755
196.0298474271749,96.4260481144853,141.76563446051424,191.95377491131245
198.3951506723409,98.92825795756578,142.27557279116309,192.1899000461323
195.81095460931118,98.80817313869352,142.191476010213,192.4300696838768
201.00487393445553,99.01538902037717,142.31316141533054,192.0156379205095
198.34328868140346,98.93469257761171,142.3858767681953,192.17703080604042
201.13141185703324,98.82021319350272,142.0637304782928,192.4059895742584
201.21040266087712,98.82748210127218,141.905748870605,192.39145175871948
208.9039667019173,99.23767206990064,142.26709913806036,191.57107182146257
206.23972462715926,101.43774688415647,142.35264274254976,192.41386273797764
208.82149672269844,101.25683255924682,142.44625477423767,192.77569138779694
211.4000096850668,101.30256828709092,142.553418908609,192.68421993210873
214.08189753968537,101.32273891721258,142.45419859169832,192.64387867186542
219.435024108067,101.49897338923927,142.27257866288087,192.29140972781204
216.82520714726624,101.68485522853717,142.23822953431903,191.91964604921623
224.6356123050856,102.11124155478099,142.3607242200226,191.0668733967286
222.13091260339078,102.02153848835505,142.13331966301297,191.24627952958048
229.86393374493565,102.42458649996354,142.37470872962692,190.4401835063635
227.2947953149545,102.28055837213418,142.2854887411626,190.7282397620222
232.5599634272999,102.51763191325414,142.21599356543373,190.2540926797823
229.86709908528368,102.35325383189432,142.37965402609444,190.58284884250193
237.6996299466293,102.60011384216335,142.403839058066,190.08912882196387
235.03882839634542,104.76868173181823,142.50281218500413,190.9746230162837
235.1276026515473,102.5216327714779,142.32526367460036,190.23099524774915
240.20866414419487,102.81372596686658,142.610149086184,189.64680885697177
237.6777028675298,102.77312337040047,142.45280302233533,189.728014049904
242.80245706191693,103.2149281786632,142.63916037533124,188.84440443337854
242.8788558100165,103.08287534506306,142.48636287913212,189.10851010057883
245.27704908413716,105.61038877161826,142.89902318895008,189.26253010552773
245.43402817210904,102.97965604945179,142.58506501300633,189.3058596184482
250.57781792200507,103.09264617081865,142.72481729692345,189.07987937571448
247.9012256038552,103.01052887063956,142.8654948857347,189.24411397607267
253.11334176193884,103.2089482350874,142.8758777324654,188.84727524717698
250.61783715903786,100.38753120159836,142.65545647522634,189.27867885111402
258.1838458503845,100.3863779606344,143.1666457337629,189.28098533304194
255.6520791905944,100.67975476221982,143.00739018655054,188.69423172987112
260.87109947730954,98.0083041474294,142.991841072134,188.8258872299451
258.16772717029176,97.88717000174252,143.18558727468354,189.06815552131886
265.8193315992123,97.87730032134303,143.54194271272922,189.08789488211784
263.2309569932447,95.57105990145196,143.4927176876986,188.47440148493408
265.7175614612368,98.07905680841499,143.73532549596658,188.6742244152601
265.8065894648996,95.22273401854954,143.557269488641,189.16404697782627
273.4829708738617,97.64111076713688,143.88666273999138,189.55467883707647
270.77011669277283,92.7868413616348,144.07365317667228,188.7857817970871
273.38161585288975,94.98153238298812,144.0806994018468,189.62644429978872
275.9361767304022,92.32758429965946,144.21455721755024,189.69136089571765
276.00682277266554,92.07196559848188,144.0732651330236,190.20259829807281
281.22871493153394,89.30686027108615,144.13276257260782,190.48116807420377
281.07951381755356,89.18547173513419,144.43116480056858,190.7239451461077
288.90955365806263,86.82051620868907,144.5673791267094,190.18842486327827
286.118915002687,86.66206442912221,144.88916452705024,190.505328422412
293.7056686007513,84.15700176014582,145.5243853671189,190.245877748299
290.80418677684,83.9565065778942,146.05136673726736,190.64686811280222
295.837123163314,83.53744933711035,146.5668826966017,191.48498259436994
295.4713185059809,82.88409888178674,147.29849201126802,192.79168350501715
300.4381062415991,80.02211167743279,148.0524324792806,193.17189994410055
300.0144724291281,79.63192235972343,148.89970010422255,193.95227857951926
302.3336936078058,79.01527509724782,149.64883506473015,195.18557310447048
301.9121494526124,78.47678414993582,150.49192337511695,196.26255499909448
306.62161785730257,77.63449562879839,151.9705756873228,197.94713204136934
303.17826345227274,73.87153625303085,153.35867395479278,199.97444025031473
302.6607742479539,70.29342768028914,154.39365236343048,201.57847605569913
304.87791520620846,71.75093033299528,155.5529052904052,204.25700559377063
301.4576535788185,70.62164679705579,156.74012322648466,206.51557266564961
303.69104608249313,69.35320102302796,157.98045833159307,209.05246421370526
300.2227200493029,70.7950970264385,159.1510706796451,211.93471192521258
299.7327900865168,72.57679873448026,160.13093060521723,214.20038083329655
296.5458539195797,71.62658759091971,160.62521565589776,216.10080312041765
293.1567674661344,71.17012248603052,161.48679826080556,217.01373333019603
290.11309366158594,78.8620127502707,161.6295645084603,219.46369688604207
286.79429236723956,81.08005853074253,162.28300055894547,221.01177186330605
283.3719788831734,86.33206709032964,163.10922898038996,222.5445518375073
280.1022021482339,86.17873784225273,163.5935527479633,222.85121033366113
273.8452313521849,85.96568859795737,163.97183249297547,223.27730882225185
270.72670815836875,85.34462059273729,164.1283721696366,224.51944483269202
267.4711007059544,87.98484985061793,164.53764946675625,225.3409239246398
263.9832895724747,88.0643987370237,165.39214655427872,225.1818261518283
260.4894317135734,97.2715182960547,166.24713463713053,225.16576993861838
256.6782488794986,94.18671539528623,167.72300083355145,225.18887626842655
250.01257800590676,103.12207531203994,168.71229928076542,225.83122138487371
249.40571787705352,103.65372119676238,169.92601953847188,224.76792961542884
245.92272353216106,106.74950835981316,170.69137396496137,224.77698955262272
245.70240549060583,109.61050000424652,171.1320100480718,225.26827655046907
242.20461122956198,109.08711208905439,171.89964526169015,226.31505238085333
238.6797364385521,108.45960281668691,172.69295172601284,227.57007092558828
235.4318615523712,103.92282081759053,172.90017487817528,230.3551083035816
232.3515377251215,102.41093283969676,172.7264804079385,233.37888425936916
229.44798608611856,97.2472277657501,172.15608027631737,237.3287909976354
229.99797043337034,89.22912053425404,171.0561115818138,240.50874659969264
227.0759289747343,78.18956184924888,170.4419708402816,243.21319299329016
224.07206889152246,68.10817991292687,169.96068635893312,243.90894292261757
220.7605043012153,55.06242369409523,170.09224498358182,244.03417313641853
220.60797956459697,38.701358844330755,170.39729445681849,244.2781270056332
217.32097571275702,29.36068202966517,170.46694361454064,243.44640499709126
217.37331887826227,16.45069489620191,170.36225728353014,243.2946134479183
214.26055223722796,7.797618093360455,170.0988710944629,241.13400864019366
214.54434948633627,-0.5366291334668745,169.53127659624624,238.446776683572
211.4251044811405,-9.36347875897583,169.367872096991,236.89479240564938
208.43445551248533,-13.808784103436508,168.9734655345335,233.03399409503515
208.6867394465442,-11.848222951118245,168.46889766641576,229.11287179039863
205.73893216397659,-13.077402165159171,168.1216175189425,225.32833550587202
203.32951439555754,-14.324204701964163,166.76078596950714,221.64227349320853
200.85977267068407,-9.551581484749093,165.5989702041042,218.19832627392833
201.70545088356593,-5.362311645220373,163.90761377834048,215.84963139091622
202.7645560081417,-0.8868998753200117,161.78940352918892,212.86523534523837
200.68651375211545,0.7987353754410265,160.0591377465361,209.4939648437163
198.4251720300755,10.562831040866442,158.77511931943664,207.38587912640347
199.16948164000436,11.730824603686997,157.28650009957886,205.04989200076236
196.86775004775492,18.878463757799807,156.19628594914303,202.1419683624062
197.66257239939364,20.13744018564674,154.6066412458656,199.62401550671234
195.56555723236167,23.894206123969653,153.23350930018825,197.67764590980784
196.2167311472248,25.161123840185596,151.93116147046197,195.14381047737595
193.9302855066055,25.99377653367553,151.04890638932255,193.47850509039608
194.58833112496225,29.70017213983931,149.73281515260902,191.48104654558904
192.2892187997119,30.62198510421304,148.9676576735631,189.63742061684158
192.7346517271419,31.142180494635156,148.07679181870313,188.59702983599735
190.29267376992794,31.71637555526968,147.66840648567208,187.4486397147283
188.062192919737,32.09954766979493,146.86123812413035,186.6822954856778
185.80724301183602,32.50215718905784,146.12785078587126,185.87707644715198
183.39458110109382,32.9721308816068,145.7341270120629,184.93712906205405
180.92365745810525,35.84521961341447,145.47771009638583,184.3892158000929
178.49081568167037,36.22512251628919,145.15768231149477,183.62940999434346
175.90914296377485,39.28336341615568,145.15214731050528,182.681808631391
173.40046863420537,42.49556287925691,145.01522074268868,181.4116849321441
168.32930437775678,45.2472510178514,144.89237643425238,181.04089506562184
165.97025454062248,45.806384946615424,144.48556678763057,179.9226272080938
163.42545746923327,51.577777948129906,144.47399625080755,178.58217056426778
163.5321519184209,51.9346866137282,144.26060735243226,177.8683532330712
161.02202939871103,54.609742902058954,144.2148622408713,177.5842308073904
163.62232631541346,57.05389512451778,144.07515450272734,177.75681245773367
161.17194051242797,54.80120608049128,143.9146498675307,177.20091430461906
161.17780360459113,60.00149284381148,143.9029236832044,176.90062344933725
158.82431297931134,59.96808128528281,143.5645663470474,176.96744656639459
158.7020644677336,64.63723314123658,143.80906337020286,177.71092552520975
161.36709583063927,67.10729462083344,143.53526585618312,177.8270677778076
159.4209986509282,69.33705625548416,142.37384433856428,178.42116038554713
157.03167264166228,73.91589669117367,142.10858642349416,179.35129938137206
154.57614904899015,76.11880424961126,141.96577394590693,179.9993439274284
154.6460192617309,78.83914275593146,141.82603352042537,179.62013174157207
152.22119261696537,83.68451131901102,141.62229738599206,180.03617346334175
152.22989349844434,86.27497484694895,141.6048956230341,179.9116954534497
149.9124961914839,89.02103446823558,141.185429127537,179.47383732029445
147.52626076665217,91.47368723420503,140.91715546462214,179.60927630093383
152.6775206407113,96.32610852943418,140.69155107329095,179.98134906726256
147.73258877682275,93.52114803538723,140.50045112763948,180.5507882186422
158.1571583651238,95.72347469132698,139.83563373668548,181.1922153531747
153.24314700093242,93.17739821468473,139.57354043521252,181.23931029153135
161.15882591944333,100.41363526388285,138.86670457248175,181.89135816742615
161.85931103703746,97.73304309838034,137.46573433729353,182.2126076233783
169.55178368299624,100.71649817342835,137.14666867743244,181.26765735063444
167.22646796734588,100.80418080056012,136.79495041942027,181.0922920963709
174.9673056118452,105.90073869174988,136.2950721579756,180.8870409990274
172.71156376063544,103.5351859838475,135.82391796609102,180.63550852052805
177.99357612102406,113.2694540150238,135.20210578849623,181.0513975445403
177.92671102282,108.57499491727364,135.33583598490435,180.50577949218518
180.59945327811312,109.05040517204282,134.95150243103348,179.55495898264684
178.0436741060618,106.56684020941942,135.1226709405941,179.5816990733516
175.63133454393855,106.79074614833843,135.003755036685,179.13388719551358
175.66564144907534,106.46298627171515,134.93514122641142,179.78940694876013
175.96348690774693,103.75376864628788,134.33945030906827,180.2641499575513
173.70903579386282,98.87354017403072,133.90717945075485,180.14226072990238
176.4182151988758,93.88801912768173,133.42106363370857,180.24881683664097
174.0415438428328,91.26727681047281,133.24850404929833,180.56439917456257
171.75370369479907,86.4195514484686,132.89631251007265,180.4041062279846
169.37137182183977,83.98600938152897,132.74131277278315,180.3515268786558
166.8288319577288,83.93311617640042,132.910068850752,180.4573132889129
164.3876646329184,84.1180492202248,132.87170605658622,180.08744720126413
161.8365492933185,84.24934407085289,133.05948853510057,179.82485750000797
161.81627775307098,86.8607151620937,133.10003161559564,179.5156491347053
159.2356424505524,87.04907726900848,133.35180543895765,179.13892492087575
156.81336479754904,89.56264484185502,133.28847109027595,179.01967942987108
156.74372582440654,86.7900096228588,133.42774903656095,179.65991089905026
158.91730227542303,91.70750918543125,133.99765335376745,179.6590262123843
156.29541035230864,89.26807858799917,134.31506448856686,179.61151469581907
166.06249857293054,91.584713091868,134.50426036380378,179.90908876720158
163.05470321973579,91.20999147425817,135.58138403140396,180.65853200242123
170.44985350413793,90.8727354751978,135.69355870209858,181.33304400054197
175.4084477119878,88.24059580380293,135.7355591855088,181.6177288937767
179.99709382429552,92.82349762926243,136.52749563330562,182.42115391526997
179.7214056240959,90.43233262367002,137.0788720337049,182.19368674011264
184.55176283477883,89.93358205803128,137.44885660832387,183.19118787139013
184.2142249982532,86.98377753915791,138.12393228137512,184.05420939224942
184.0557168458178,86.62719204780248,138.44094858624587,184.76738037496028
184.11703324027678,86.39045700083454,138.31831579732795,185.24085046889616
186.64454942718254,83.35378465183145,138.3452906254051,186.2321879650137
183.6895463891854,85.54240678725924,139.15776688919127,186.95247350636618
189.14784282182364,82.30355031971406,138.48474765883972,188.30839962399406
186.4693282361419,79.34213207150778,138.71040305242914,189.09986234263252
184.037380086049,76.37109669915249,138.42720285867443,189.89483659340263
181.5460326601791,78.47541976446553,138.25537834014582,190.84070983304503
181.7206652909652,75.57635652321295,137.9061130785736,191.47278751023742
181.6979002379466,78.0898116706947,137.95164318461076,191.615769426891
178.78225960098246,80.16878453120228,138.61011632008805,192.6306318443269
178.4064615318032,79.87451041178969,139.36171245844653,193.21918008315208
178.09489485831176,84.03631519387288,139.98484580542944,195.3361659159955
175.14359219037297,80.83869444013699,140.6248218936168,196.4687781757771
179.8406252480707,82.71625681039565,141.81139198675828,198.00397153952824
179.31464173574233,79.37751664972387,142.86335901141499,199.34835176133674
184.01535913209165,78.57943193642659,144.20347705894065,200.94452118793131
186.19322770037525,77.52481221971026,145.2647481116339,203.05376062136398
193.51425575329236,76.86563723918529,147.02196658307588,204.3721105824139
198.70205361706735,73.35473126242604,147.67698900503012,205.8786134611803
206.38572152127847,69.79249405608526,148.95639040611943,207.45417547069135
211.51551354745635,69.1060860539812,149.88447188916246,208.82699147489947
213.5921558182152,65.79449532875213,151.36108897846802,209.82027129453434
221.26948133051195,65.09148081367844,153.0141548828991,211.22630032468172
226.2072187752393,72.6028781597723,154.57413432258673,213.35668712620742
228.6657556118857,71.55666425169302,155.43273020295567,215.44911494236598
228.37468887608424,70.2303814621694,156.0148636745586,218.10168052141321
224.87741819513505,69.25076677486268,157.13812376132915,220.06090989602666
224.17656505618993,65.62635895648765,158.53983003921937,221.3902817725296
223.2310870557756,62.64188095644634,160.43078604004808,221.39658830476438
216.58258926203138,62.052438063005596,161.74010793937043,222.57547409164587
210.11922710637785,59.01981503737737,162.60037724112289,222.60749263812502
204.08369464477158,61.245660197882856,162.57576925884533,224.2036387698591
197.53036309219098,58.07852718545438,163.53912489344674,224.4662510594362
190.91590720574376,60.93752457859716,164.58511916703736,224.83971502280252
184.54165417138324,57.233896433486564,165.10503602436893,226.13267670732898
181.32874877160936,62.88634095488213,165.38839068584005,227.11269994069121
177.99039844462158,62.05734975398991,165.90310910504456,228.77068234247565
180.6519105573098,67.63633616956973,166.77567587745514,230.00389150689003
174.08180441443776,67.52650138136751,167.45862493802184,230.22356108329447
179.8282793656001,67.74160374415561,168.45203733624888,229.79335635771827
176.27327257399736,68.0269202335595,169.30909666955804,229.2227233789105
188.2186752488396,77.1622427862152,170.45163489611403,229.72708595577942
181.90793492955544,71.18352266808199,170.50367589248194,229.1150865498455
187.84289137009597,74.14687864342109,171.18629086102501,229.46463852397935
188.0022622567178,82.9110817079956,170.8675490877813,230.81449465294446
193.97372109650857,82.5776179810656,171.5407628709375,231.48142210680447
199.72558086152074,82.17685864358683,172.69550897119058,232.28294078176202
205.63518850707317,82.28576595330733,173.5969557640062,232.065126162321
218.79120202840303,82.33060790064748,172.77200474250589,231.97544226764072
227.8017528304623,80.06463132007589,173.8216204272711,230.15048966582262
236.89304672412678,80.99176342189219,174.67788867463804,228.29622546219002
246.06094768276714,78.16322597481708,175.3380556454735,227.62131072696818
246.0526733599907,84.50156598971938,175.35460429102636,227.60952880674324
259.1583913128698,81.33219268082995,174.47332349741433,227.61573664648554
256.473390323382,78.25202908242842,173.52505542109162,227.4577937879902
256.76896002773435,71.58070691047786,172.93391601238676,228.19964857844087
260.39287274453125,68.06110315292354,171.9881482304461,228.93679844189646
261.2767264224601,64.36643932721685,170.22044087458835,230.0282910928829
261.664970518599,63.985954199999256,169.44395268231062,230.7892613473181
258.82213248164817,60.85903280652926,168.84527987741222,230.75875525545803
259.74872176100126,60.82371909363974,166.99210131870598,230.82938268123706
257.6686029483309,60.78212932494351,164.90763117642658,230.91256221862952
264.64043417537727,73.84707684806783,163.3873376594164,229.6294050465461
259.1176302927446,74.26469474705104,162.09850015162777,228.7941692485797
256.71841935566766,80.41944079651944,160.76357420713455,228.75137278693728
254.92864049188935,90.02948240949516,158.23244300059633,227.86335636327016
253.20733526145506,87.30345929263461,155.61957493349223,227.25992406901855
251.13126777703076,88.38763314846216,153.76855645714315,225.09157635736346
245.76196374984366,89.90253573492265,152.62754191062578,222.06177118444248
243.3103043657453,103.00916919353475,151.65562483207307,219.3494476542162
240.79859611019265,101.32594498075181,150.86080647317365,216.8976612097773
235.4164305311793,107.9842944668884,150.08897312211124,215.11712674659321
235.62482626644055,108.64206157949621,149.67218165158872,213.8015925213776
235.80149105248603,111.9229095114373,149.3188520794978,212.94157664975944
242.13976241842607,112.98808753039008,148.0080098789244,210.81122061185388
242.5035385548341,110.50150613987194,147.2804576061084,210.15536679577878
254.12384198571309,114.12128473093692,146.4682372302837,208.52290623513213
259.72711505009306,117.39995828111408,146.39972577702062,207.53457647252625
270.85262315667285,115.89007262642762,146.36048018354182,205.001405126979
279.2263091264968,119.73516338303645,146.15498448662348,202.82518236133785
287.70658441525336,117.66962892053199,145.6272501878484,201.47864586010073
301.04976417554377,126.64198800255929,146.1834670292776,199.87947351325215
306.52916193642443,126.91446572162945,146.09144056569966,199.33451807511182
320.15916533178506,129.99728374829675,145.94943273416996,198.5924818136156
325.88209778329895,130.16105756613473,145.3235683812888,198.26493417793964
336.7920742820005,136.2111921190597,145.08265854794075,196.95418665411728
342.7555943003308,139.088639370939,143.89741715369965,196.57019147156836
351.34476158539076,139.66850002454748,142.75597109322587,195.4104701643514
354.234924306788,145.48059669525665,142.28493788410017,194.40486129027056
364.68764265389865,143.21091066727763,142.5246827336113,193.65793796029553
362.75482014236246,151.6067056765191,141.11144520149637,192.70299560737413
373.2498911456263,152.1621034645697,141.0861065915871,191.59220003127297
373.9741099733901,157.2760145027118,139.63766893605947,191.81220359137404
384.70274623732837,157.28226724524637,138.99435915557882,191.7996981063049
387.8546899690609,160.24787226191947,137.88320705561534,191.06122343646035
391.1611483752814,160.506836606494,136.43356673602835,190.54329474731128
395.7998062379648,166.3495165718564,137.41942097545393,189.12110478137873
395.797412427002,164.453668572823,137.4242085973795,187.7865698158396
405.573752080334,170.84895017177848,138.29574466807875,185.2081143066102
405.59619829842165,171.59295119787728,138.25085223190342,183.72011225441264
415.8412339165564,174.91195564497843,137.99179240968314,182.1398562137226
413.8129029972148,175.69071491048786,137.01901004816213,180.58233768270378
416.4195208571815,181.03972034860334,136.7955940891672,179.86396632834973
419.5105303035552,179.14063224744612,135.5887957344031,178.686921992681
418.2515630993745,179.9622352779711,133.16915430154128,177.043715931631
421.77314608183315,178.5333154631916,130.99899983604934,175.02854406176476
420.1588512356763,179.7265244330058,129.42074423702127,172.64212612213637
418.48651040726327,182.9138496896462,128.02071999835246,171.01218150435048
417.1814659638146,183.9906349715123,125.93381204266956,168.85861094061826
415.7560258866501,182.37040430489765,124.15461190463509,167.46899198148398
412.07679597390086,183.20126247261805,122.35343975492958,165.8072756460432
410.5644100687361,183.9529183886549,120.85316497892806,164.3039638139695
409.07953899601875,184.62928933638796,119.34529574236967,162.95122191850336
407.4105038368627,185.27662603044988,118.25103077859481,161.65654853037955
405.55371219916043,187.71745145531997,117.56989051961037,161.16962121502831
403.66990482195234,186.0589717032186,116.96135197950959,160.11042742471415
401.4686019188375,186.44891518059245,117.01387056913546,159.3305404699664
399.5347943627751,186.87994241687923,116.54237976729627,158.46848599739286
397.63949469638186,186.94584559053683,116.01469982300118,158.33667965007766
395.8794206063722,186.95652317665758,115.22722472462753,158.31532447783616
391.8849778501426,184.8098357777643,114.62735965092708,158.31432398254287
392.2827176982336,183.15163011798953,113.83187995474512,157.3462279906284
390.4049659206217,183.7469068493603,113.33062937582017,156.15567452788684
388.46735964901734,188.4281740312789,112.97538094922717,155.25406210365313
390.61978904427235,186.67058799007316,112.8814692896434,154.55828705513838
388.34472568191603,184.95391946514914,113.23275073382082,153.7927788244512
388.3667485902509,189.44400606381149,113.1887049171511,153.1985679618378
386.16794650469365,187.59732647598912,113.40307989280524,152.70869794202213
388.4781933114722,190.11930281665855,112.96187901751614,151.84403799895134
384.4120044412523,191.54708881546878,112.77642033596177,153.14738421232792
382.67036394510995,191.04478805375896,112.08400702949248,154.1519857357475
382.6155591390536,190.97905249320684,112.19361664160522,154.28345685685176
378.3153657210964,192.48753134391131,112.42723917420905,155.4498813070982
376.42406406949124,189.87484864575256,112.00492889698236,156.47033312297873
376.707936437105,189.8475356802326,111.43718416175483,156.52495905401867
372.6750120619702,191.4419855879858,111.09320170566579,157.5409748416915
370.768727009526,190.97853297719266,110.6911510022559,158.46788006327785
368.6775895912522,190.7684095539486,110.65142793479022,158.88812690976596
366.5186144931372,190.84159921516448,110.74168783914779,158.74174758733417
362.30687062052874,191.1169707740009,110.71123562070144,158.19100446966138
360.33359005511636,189.30421392078844,110.43965094162773,157.5983723661878
358.2435043511771,188.02760595282942,110.41511576170123,155.9468817143008
358.65253020367714,188.62990512252318,109.59706405670109,154.74228337491326
356.7202083640747,188.89630982466042,109.31408855821618,154.20947397063875
354.8074858918827,188.8771997650329,109.00463992095803,154.24769408989377
356.73918749984495,186.77334106915444,109.27160817414129,154.32504001254296
352.7497186703198,189.05246253540287,108.978661469079,153.90273926210241
352.63250995748473,185.20598584144636,109.21307889474917,153.34624375542
350.6945917996964,185.78917339737382,108.96875150163804,152.1798686435651
348.58004139718565,188.0773451734645,109.0993744913725,151.70200290667083
352.7139911904293,186.40313100515823,109.01824701680411,150.95704518732393
348.8655582226274,186.88078780824142,108.5535940628546,150.00173158115757
346.79546160405624,187.3597848593261,108.63515051475534,149.0437374789882
348.8691526671608,185.59001567808082,108.53321042869001,148.53783380133493
346.98410223425685,187.7629866900592,108.267221720591,148.2279813512851
347.076824153557,187.8489870062083,108.0817778819907,148.05598071898692
347.231209093528,187.7867607715625,107.7730080020488,148.18043318827847
347.3216902312236,187.54762029138607,107.59204572665753,148.6587141486314
349.25997826241144,187.61115420504046,107.73793846129887,148.53164632132257
347.4157331561221,187.95076988040933,107.40349027765497,147.85241497058487
347.3469251641363,188.36921227842012,107.54110626162664,147.01553017456325
345.4420906092808,188.6942833906534,107.35407750879848,146.3653879500967
343.6553122513047,190.7463050141522,106.94387724304417,146.24510168480558
343.7903443460434,190.5121194897696,106.67381305356672,146.71347273357082
341.82902604109177,188.87444862389094,106.61857287378413,146.01093767564225
341.90851626137857,190.8982832197907,106.45959243321059,145.9295761500498
339.7835071378071,189.05007569126695,106.74714738262736,145.66352790937117
337.5658198992869,188.8047767329271,107.21937937981801,146.15412582605083
335.4615694958901,188.87805723403602,107.44954108902972,146.00756482383306
331.4051134763487,186.8042065017881,107.60267923928717,146.17537934391612
327.3206862999333,186.52095188609732,107.8016392364446,146.74188857529765
323.29755988544235,184.34718621559696,107.85426066173272,147.09260421445146
319.30953403279716,183.819017329989,107.82430110888926,148.14894198566736
313.3428833602427,181.5953564075129,107.70195165718698,148.5777135650159
307.448025400247,181.08859170788406,107.42252954393688,149.59124296427356
301.3287086013208,181.27443837893077,107.55970761041418,149.21954962218015
293.45215750388655,181.60572099586764,107.19104592154338,148.55698438830638
289.42716775543477,183.92925615774894,107.21235401205233,147.92424976774117
283.3317600536094,183.56446262414613,107.38789715993902,148.6538368349468
278.870209990928,183.44536915752286,108.27291753181449,148.8920237681933
274.6624926673543,183.2501853793085,108.61396744421805,149.28239132462207
270.495322976202,183.27417617896214,108.85087473886166,149.23440972531475
266.1873125092909,181.085036917611,109.36314126676392,149.5608110450571
262.27534071683436,180.99589937602858,109.05660633396975,149.73908612822197
262.02287075257675,180.76801216665586,109.56154626248502,150.19486054696736
259.50936683206885,178.1287691911725,110.51043344641195,151.39522584084528
261.28595057187664,178.12196696605605,111.06918171875381,151.40883029107815
259.21716088998465,177.33933045279474,111.08547130331458,152.9741033176008
256.85847153650565,174.79240479759426,111.65753272179484,153.9226373395241
260.6475944049263,172.6208848805742,112.41749369133788,154.09657382037204
258.21596316466855,172.61132879465998,113.09653467558904,154.1156859922005
260.28373923325074,170.3049830278564,113.1566355025982,154.5327245616341
258.1286288364229,167.39883698391554,113.26388404918559,156.1420444024474
258.1419962317271,162.72946564400075,113.2371492585771,157.02247141949488
255.9319884179488,157.93478676682406,113.41509492768613,158.12768925695312
255.76210525553134,153.33774243702382,113.75486125252104,158.79828453163498
253.46466832344882,150.8214829500061,114.07223841185868,159.5533068008431
251.15958782479447,148.3623129815287,114.38824279351618,160.17749012214657
248.78221056386073,146.01381105559153,114.834185733217,160.56568239185432
246.11314145009337,143.3005996081189,115.85029271384515,161.67007403989308
241.52656566432694,140.5832103367735,116.31247986645417,162.74937037312196
236.99993270973067,137.73772012471326,116.60687129689973,164.06091355786896
232.3406253418078,134.90873907344243,117.11720029578379,165.31473279192977
229.7884386375594,132.27418755977183,117.790047245202,166.15230936019242
224.7882849233647,129.63709629302872,118.87977751529397,166.97120331452996
222.4421750141087,127.24936109954287,119.08636228388178,167.26103865157737
217.2040130993687,124.69388916943208,120.5758357966283,167.8785573534322
214.6340191504777,124.4076679391527,121.18853030786313,168.45099981399096
209.67515009522154,124.01825153313385,122.01417699185089,169.22983262602867
206.98652449322825,123.91923200319962,122.82000104343756,169.42787168589712
204.75229184618627,126.30145532286463,122.700792958737,169.2510984253517
202.38513657509054,126.05028812795305,122.85206987710514,169.75343281517485
200.03731989712952,131.9584612133802,122.95456514034416,171.71650092236973
199.4632762037178,129.04561419215582,124.10265252716755,172.91761704277062
194.78236853665373,128.24455871345936,124.1411376262646,174.51972800016358
194.87480639335115,127.55829144905216,123.95626191286979,175.89226252897797
192.10842040837022,126.9341239967734,124.78475128057458,177.1405974335355
187.0859960840313,126.39037322593902,125.35595105570489,178.22809897520426
184.20525560096257,128.2028594236309,126.35474172073359,179.36581688092926
178.4752124683875,125.1629289868834,128.22209113245822,180.64930932771148
175.41355585144083,122.6380774530079,129.49883698509439,180.85244501420533
172.49992506727733,119.85255986647894,130.45543276727128,181.5528144011131
169.2670868394443,116.70207237355346,132.02409402847695,182.95677419250367
166.00715507937852,113.50759288341752,133.59986781648104,184.40164344064812
165.66872810648903,110.43138054215524,134.27672176226005,185.5621717559609
165.09575043087375,107.25814307243934,135.42267711349055,186.88802782998096
169.5423202146603,104.29358039225106,136.64865057885874,187.75759667388687
168.86583501502014,100.91745344063577,138.00162097813902,189.41696586886127
178.70634608616814,100.12633500872886,138.88171958325844,190.9992027326751
183.5857213613726,99.79130753232528,139.48045137805633,191.66925768548225
196.06567625105367,99.37290625037679,140.5142420923488,192.50606024937923
205.79652219118483,96.83749220940355,141.96619545124764,192.3484770215354
216.25269611175412,93.99716782826113,142.05316888380946,192.77929546539514
226.32707587921425,93.07843076587972,142.93562038439225,194.61676959015796
231.3203530404378,89.70778668153446,143.54943937481005,196.05787110241602
244.3497995461396,85.67825105312687,144.15125225721167,198.78480118047014
241.37595768516502,81.64873983538179,144.71552881026767,201.4604164470671
249.13586610357447,77.64826448072351,145.4954579083437,204.02811851141868
245.87326272892088,76.6315198938641,146.53568582075428,206.06160768513752
245.2810810230042,73.47751570676537,147.72004923258766,206.83672011084255
241.58037959373127,73.2888776490917,149.55731782086977,207.2139962261899
237.748874410803,70.57194103408895,151.62025428781166,207.04779555728078
234.59589742221686,70.33143711051413,152.29477920865966,207.52880340443042
231.2765380981641,69.98743640889309,153.2836995391459,208.2168048076725
225.00641158102454,66.3776260386715,154.47102188208243,209.75996020244438
219.14664228666373,65.44068528892107,154.75180820527544,211.63384170194522
212.73419615241124,64.47633423316923,156.07181536679968,213.5625438134489
206.15860066750724,63.51379709577472,157.61623646517933,215.48761808823792
200.0416241756647,59.58556093047933,158.1342800557228,217.4861357222579
196.18917705011785,58.56423950192337,159.942382086777,219.52877857936983
195.17043269346922,60.62255232379387,161.97987080007425,221.36962986027768
193.85408155172848,62.750502198335084,164.61257308355576,223.13259094962285
191.7098925547524,62.073833053284574,168.90095107750787,224.48592923972387
187.16294771020858,64.5977362358386,171.81525190216257,225.61771173904884
185.6639819878515,64.0455082814142,174.8131833468767,226.72216764789763
183.90287207176064,66.4044316259147,178.33540317905846,228.3144886460891
185.4483173848496,65.98333184638473,181.63634458410024,229.15668820514904
184.10683600833082,71.41898756711984,184.3193073371378,231.2020796226115
182.74349372224702,77.32483389889077,187.04599190930537,232.45683244761636
181.30445889750257,66.56459279310326,189.9240615587943,234.18733452443257
182.65267004409864,66.64826807197673,193.89745893165338,234.01998396668563
180.91435764494787,62.42847751960325,197.37408372995492,235.72811724959453
175.88426225061536,58.31913372812582,200.62045672170433,237.1329870356338
174.4204644610528,54.162697259414216,203.54805230082945,238.55810258143975
177.02592294947596,56.91496643875496,205.2939773167732,240.01040621554836
172.66540656974675,56.16293215944924,207.0076724627831,241.5144747741598
175.35132487353502,55.44159483050832,208.69394891311003,242.95714943204163
174.95961512453857,54.68832617759085,209.47736841110293,244.46368673787657
171.1828027516335,53.54990843291057,209.88762512449222,246.74052222723714
174.93701436232882,56.118983161358074,209.5643390992455,248.78750996648608
175.2035175982405,51.993135856465344,209.03133262742216,249.8276755275556
175.94415937399896,55.483712057023226,207.55004907590524,250.06550568709903
180.02535332967386,55.068854330841944,206.58642561907175,250.8952211394616
187.8285304884797,62.183622108590285,205.3720365918527,251.05765087435756
192.19719628705306,62.35420669531922,203.81356681126096,250.7164817008997
207.77824654376218,73.44373307492806,201.2451454728123,249.98268832290918
208.2879115819753,69.94397371150585,200.22581539638605,249.88662705264474
222.92420695122286,77.99724444696773,199.26358920784764,247.93526785669934
237.63582454115735,81.57429313411508,197.96861907269027,247.81323674358256
252.16048606024668,85.73724162178803,196.9561240860011,246.49654678110903
263.6677105884892,96.4634048725934,194.8594857946769,245.9620310446591
282.08044948441284,103.96997436177132,192.68600654565267,244.80969148343254
297.01261282350174,107.3396675174734,190.33152235539274,244.9477657940078
318.71664020643584,111.1363668689801,187.97119942746818,244.19565573065165
333.15939118411063,109.11024167549,186.25114899863553,241.4565432360026
344.2022667265348,125.48902919161767,184.32993684755226,242.30653309335582
358.5253578549444,133.39059338025328,182.49638509694861,239.90971996919237
369.1161713754917,134.49819640087958,181.22481437188986,237.69451392793982
379.48054627894624,139.22587477262763,180.24252478660532,234.82131059165187
383.593730215865,149.52811718630647,178.53845234046878,233.78371204739676
393.83658093102815,147.82306182995922,177.48877601828323,230.71514772404427
397.42127965141987,155.04286993258015,176.7341103223603,229.1049950085233
410.58786269935746,156.1299561240985,175.9123432335649,226.9308226254866
406.9036407015783,161.01587018756973,176.94953220961793,223.49024951804944
412.36653620340724,172.44028276380038,178.6147039248829,219.52786844397232
408.8306579601589,179.70911306888345,179.42478017452487,217.51356830751553
408.6350515722942,183.86929217120803,179.81599295025433,215.43700895697114
414.46140256283064,187.6787346778089,180.59955925481688,214.03625808658705
411.1215088879642,194.40810834567785,181.07018864735272,212.99582666524333
405.024100802049,204.15091243550103,180.86366397565033,212.11222975089618
400.15813193503556,207.3427368423961,178.2281948165061,211.91228438369157
398.485685354868,219.9469506683493,175.43487095258587,211.2567248288062
396.8353623691605,226.35141798769988,172.65242132502664,210.61398138805356
391.9356619296899,229.55934843752075,170.39525166188145,210.22640575945496
386.5668146982463,238.9116223576625,169.16128405121975,209.479351029495
380.9985844039693,248.3371259304802,168.38896935472684,208.49150681142993
375.8215935244972,258.00163644783447,166.8895116876578,206.94264491574123
370.63801472290015,263.7827217400685,165.49933544908833,207.1378081730366
362.0053623121512,272.9252367565287,165.1872337956217,206.43018461508078
356.0297362081682,279.4884776045292,165.4520348963827,204.99015402628487
349.91512997893386,283.32170351906876,166.0304028230095,203.14912446312667
343.83995022988654,287.7136102843342,166.5677631120832,200.17181053710624
338.40911633190495,292.072633345259,165.89070704841546,197.22312634507205
336.2025436416397,297.28017433556107,164.59084890240183,192.52104789101216
333.75499074797295,305.38273823471775,163.86644705125366,187.554935369662
331.630745472847,307.547784063089,162.58388677395283,183.2248437129195
332.438511655218,312.3798480540962,160.96835440921092,179.0040967005284
335.78954180046213,317.33817750616777,159.6183071769514,174.439450854614
334.095250637077,316.93007224432847,157.74743199680535,169.99620387137634
340.0290771057359,326.67424083064583,156.2006108440935,165.98911437565047
341.1238656826465,325.90454079486784,154.0110336902722,162.45524594656112
347.15596220740815,327.344210293612,151.9133954111656,159.5759069490729
348.5489752215875,328.3407225311115,149.1273693828068,157.58288247407384
359.22797748180943,326.60014964313314,147.08786012814213,156.23440443358578
358.18232770502186,326.8856608941195,144.4029740696053,155.66338193161306
366.7851955126311,324.14659973775963,141.3711060626117,156.4168817082579
368.4345405776862,318.83846393490285,138.07241593250143,157.6569974433882
374.8316032166443,313.0020915841357,134.5874952567074,160.02053754280053
376.40534012159304,304.5677305512618,131.44002144680988,162.98374202158206
382.37933920667746,296.7211432084797,128.75189798428053,164.7871046456869
383.38485916093214,287.86365407157894,126.74085807577117,164.04630244324227
386.7905680213715,283.7629137601308,124.49933482194274,163.10799413203793
385.5131854593514,280.0956357293543,122.5350646686849,161.40447963899504
388.9016393581724,276.49772660176785,120.21915912712882,159.67829338199599
387.71319125153144,273.38317501784184,118.1991855408558,157.11365695073783
390.86733213032994,270.26731869656953,116.2156979469307,154.69578126593862
389.73534212813405,267.3842869412273,114.22412826764648,151.95074540927106
390.75405673898865,266.6950630833317,112.18669904593727,149.1480021190863
391.5725125499298,266.22064563796044,110.54978742405501,145.991633237756
392.4655124317098,267.56424340182775,108.76378766049504,143.30443771002132
393.08652519599787,266.9844752442492,107.52176213191883,140.5037236992925
393.6912221724428,270.0121294667109,106.31236817902904,138.34568523381972
396.41906995577676,269.12961111851416,104.7012902708567,136.2661042717176
395.37328015088514,270.1116970172734,103.00625576105415,134.30193247419908
399.8179648291462,270.97830913761743,101.57489351307913,132.56870823351102
398.5937214816389,271.67662003377967,100.34416440111262,131.17208644118662
401.04249577900725,270.2937719712065,99.08445144748364,130.29994692522524
399.86759828606904,271.04462530189136,97.8302654562549,128.79824026385555
402.20688271749447,271.0851096251348,96.71230965005668,128.71727161736862
400.74561286044815,269.63839526842764,96.09373309610939,128.06958406274308
401.0114782147699,268.2718272794207,95.56200238746587,127.28157926134074
401.44122241392444,265.0933624165098,94.70251398915684,126.63761153140788
399.9146912998315,263.79089562066315,94.27898689241972,125.7659557981782
398.46474113275053,260.74391807830494,93.72249316201594,124.94712275376313
400.43806836406844,261.1103989097439,93.2106665583635,124.21416109088526
397.0292656135712,258.1150123903586,93.19767334386634,123.3743354141642
395.3956030185606,256.83496276281085,93.06270285188701,122.53213898725919
392.118021102872,255.43916329437945,92.84335537189793,121.93648226843882
388.7551646152591,254.03927093244198,92.81988194856423,121.36167379303404
385.57628537690607,252.42637906882845,92.4467556159534,121.22201511560262
384.04827286713885,250.80075677691548,92.14555517589143,121.11603423983217
380.79462294684083,249.26647207814358,91.95146652557086,120.83390939191756
377.47683624102905,247.70403198332798,91.90059063981309,120.61556493285818
374.26425720321885,247.6073239203966,91.6476193137588,120.80898105872097
370.92709680767376,246.10428380872364,91.64617061866795,120.47717653897637
369.3060135300759,244.51365114060735,91.55553473136588,120.32563943271126
366.08096894798837,244.61243968502782,91.34759886744612,120.1280623438703
364.4660576876538,242.9054562136784,91.25481526411957,120.21942316257343
362.71515824676084,242.88468199691619,91.43412969257193,120.2609715960979
360.9613618520216,241.37504744801788,91.61567749013281,119.95419570197694
360.72349035426714,240.06775542153434,92.0914204856417,119.24445112341957
358.91485718019464,238.42674852294505,92.38743748771041,119.20521557452186
362.144990423495,238.29297587548947,92.57811136878351,119.47276086943299
360.3723604262531,236.80699836714678,92.79070903443167,119.11205355728269
362.0071297088195,234.70831630341783,92.85177963367444,119.97880852036502
361.86237084661764,232.98107623383368,93.14129735807825,120.08843901001796
363.4690141037293,232.7780481838459,93.27924905309553,120.49449510999354
361.8008126116515,230.95984125610445,93.25596365070561,120.77122057893081
366.805025164818,229.27733003924305,93.33814756519034,120.77270667238098
365.25177199909837,225.76807589634092,93.07975633611144,121.06141983714892
365.31452992668767,224.10914683756667,92.95424048093292,121.01418118970213
366.92916630254007,222.31344515418806,93.08729767596685,121.2432546097206
365.0961661224611,220.30923038397557,93.38530264779668,121.88368876181751
366.6524144009512,218.51098007244013,93.65543410405706,122.09756137164788
366.68647034038554,216.66945181049874,93.58732222518832,122.3903217643838
365.1051943805545,214.6579654531294,93.35622124102196,123.01964157529403
365.14298949979167,211.39258377134115,93.28063100254772,122.75144630098808
363.54277131762655,208.10912850087394,93.08691075078009,122.53004360972687
361.79746549674525,206.64581914669225,93.18990351177476,122.06904343732232
360.1605717893794,205.00315554487605,93.08142167072572,121.97210138517394
358.49251954524266,203.45767272778272,93.03850535120836,121.68404621156968
355.1593461638567,202.00663153494474,92.95699924031018,121.21220216041067
355.05929267282687,200.47842591711918,93.15710622236985,120.90321604020777
353.4466342636509,199.03172110519128,93.0184813213929,120.43268394473459
351.67225654354127,199.01229962008233,93.21273913805813,120.4715269149525
349.996658438618,197.43099782821918,93.20568082500192,120.27587597577599
348.34423641935246,195.8157190109007,93.1553744617566,120.15128320863656
350.05970034068474,193.89450471308945,93.0768742865049,120.64128413684612
348.5014500075949,190.51774120650083,92.83474024888945,120.67754174243316
346.6174306154587,188.852624832306,93.24753575918186,120.65253121684292
344.8388607107253,187.0279244709124,93.4430893817138,120.94034575269518
344.7799231679443,186.99829825218393,93.56096446727591,120.99959819015217
343.0842864315934,185.18768265994706,93.58024586435565,121.24883729900387
343.0214468551932,183.40468181160213,93.70592501715606,121.43872594804367
339.8113370744451,182.02424860917907,93.3640239290776,120.81853202810241
339.8029042796459,181.91052958187106,93.38088951867596,121.04597008271844
336.68609785480965,180.29146708213457,92.87496755658738,120.91432767631089
335.10139802912954,180.09886388459927,92.68485358514323,121.29953407138154
331.7704155985234,179.95802090801953,92.62223432013903,121.58122002454095
329.8872868571606,178.04585987019334,93.02292472423032,122.039975021559
326.3408121809308,176.04622678363114,93.35767073087804,122.6601395217775
322.70096589922935,176.1938715214714,93.84931972144676,122.36485004609696
319.1597849895668,176.18772066811871,94.13660880973026,122.37715175280232
315.6956116203687,175.9672599526773,94.26014192496937,122.81807318368514
312.25301793669803,174.22464544423084,94.32302739324489,122.89215125104512
308.87083601746076,176.01145422881234,94.2607777778698,122.73184040880693
305.4673609981179,175.8053183347799,94.24803765907342,123.14411219687179
302.011375952412,175.64537099360444,94.32814932262386,123.46400687922271
300.1798138498915,176.91022570898548,94.56915711924253,124.35641385688294
296.8154772972763,174.2820413797362,94.41851140444437,126.17312310536728
293.41087024275373,172.04408849277513,94.29797748239494,127.18415486374207
290.05778738442007,171.4782619756656,94.04757904049885,128.31580789796118
288.4749003240597,169.8150246103451,93.72197877900057,128.1509082463832
285.19862524361156,167.97099798353003,93.3074716443754,128.3554328522526
281.9022728133672,168.0094669803385,92.94051908652332,128.27849485863567
278.5704002630168,166.55047401716666,92.65899599949606,127.7238466911153
275.23206141505943,166.34411306908007,92.41648172864085,128.13656858728848
271.85896415094606,165.2415668999728,92.23893699301061,126.87979129357451
268.44260689558723,165.28674087266035,92.19186877511186,126.7894433481994
264.7286928018795,164.97453872359233,92.74420185116354,127.41384764633543
261.1873758091009,168.16501258494736,92.9142521174526,127.94548364289349
257.6166222414464,166.25947493229137,93.12145723705773,128.28940794035353
254.08649622037612,167.84273619134214,93.23016534442145,128.59865738964044
250.62068212569176,166.0410599757674,93.19729579925516,128.71976095352238
246.98171988951606,166.04586046200512,93.50812891105157,128.71015998104693
243.50526403432926,169.25165201208102,93.4840283561137,129.27558914620664
241.5603497200902,165.63352879801437,93.87717021914838,129.51846204345316
239.7032991055286,165.0225890123467,94.08444142632192,130.7403416147885
237.7461394967545,163.1419604742656,94.46999716434641,130.97283521142694
235.92766907227028,162.98774455455603,94.56831095973514,131.2812670508461
232.43936894857364,161.10609114685235,94.45507315819405,131.4996548417863
230.53867433922113,162.353109433418,94.71009575913149,132.5519848864226
228.76691821141895,160.16940900780142,94.6871029850681,133.35288070798805
227.03492558027878,159.86364840363285,94.57283629235957,133.96440191632522
223.40051641473679,159.63489382130032,94.67041222914312,134.42191108099024
221.37023090981262,159.2747619293744,95.13683366815397,135.14217486484208
219.30279480567677,158.6952722937237,95.65897170286888,136.3011541361435
215.4145067861608,156.52121313445397,96.15780642084485,137.01040179415497
215.1042686555357,156.51937660971583,96.77828268209512,137.01407484363125
212.81380893878156,156.41812474382397,97.69108913882678,137.21657857541496
210.62283158208385,156.41687520304467,98.38682537634404,137.21907765697358
212.5345688650853,154.97716010565068,98.2610595512214,136.40079911088128
212.21052891517613,155.25683053252317,98.90913945103972,135.8414582571363
215.70080144046076,157.1633608869328,99.2994029033576,135.71380179976063
219.03559661304797,157.27449896913714,100.00955615536387,135.4915256353519
218.70012747020075,155.4105839391753,100.68049444105829,135.521215681056
220.29897749334134,155.19098911875437,101.19237613525846,135.96040532189784
227.2299552736071,153.5277335748001,102.22898894498844,135.56227431724102
224.6349601385391,153.64879444849691,103.68344430443403,135.32015256984735
231.54100535767407,157.33209644365581,104.89368815011736,135.4647157215062
234.6710980493576,154.9460641360875,106.18852238377468,136.4592705281306
234.20490543529428,154.8524685127237,107.12090761190129,136.6464617748582
239.45418900541486,154.88006844342652,108.11777047381334,136.5912619134526
239.24606352003406,154.66801899564007,108.5340214445749,137.01536080902548
240.83180511980896,154.31961557152738,109.22294910575883,137.71216765725083
240.4868923528624,154.04465821099473,109.91277463965199,138.2620823783162
240.1529644187686,151.8141187654576,110.5806305078396,138.8212757658643
239.8947440918983,153.18742449162167,111.0970711615802,139.99595348086194
239.62599886782124,150.66300893973732,111.63456160973428,141.09711647606522
241.06493293748153,150.09513056582966,112.72995304357897,142.23287322388052
240.5267941560765,149.5872814154282,113.806230606389,143.2485715246834
240.01794877799256,147.13274618224983,114.82392136255689,144.11617859769936
237.3930365097004,146.7000835260254,116.00247720389696,144.9815039101482
236.6979252065882,144.66494377077194,117.39269981012134,144.94813852919185
233.68603011826417,140.20806549598635,119.29083964535437,145.61059439593305
230.77586570254013,135.81012708360336,120.9446432589206,146.07342078493542
228.01469295949929,131.25984651382362,122.26663764232494,146.7732797191403
224.8853713599114,126.6265038251691,124.29282830483331,147.57506002311447
222.11041568881632,122.03345151280995,125.56528227045088,148.2062498946876
217.29798514674783,117.39468449563283,126.57479279114152,148.8684333655955
214.62370044208942,115.04957013123843,127.58922699960586,149.22452689353184
209.5158222402393,114.59589467926278,129.09309991432903,150.13187779748313
204.54146013567978,116.15137910691061,130.25357983600037,151.41503108591132
199.3978088085227,124.3828078530867,131.67569158598783,152.68255540221256
