118.5,69.5,114,162
113.30688379884276,60.40435991477676,114.7262468370436,161.8713090399047
110.95952078951458,55.863152721435995,115.08095298157508,162.2736836783364
110.78753948789543,55.931848687252014,115.4249155848134,162.13629174670436
110.65669664183393,56.135155038185204,115.68660127693639,161.72967904483798
108.51739282382613,56.292213640876724,115.61151753202785,161.41556183945494
110.42957235175231,56.26683948544998,116.1348560077853,161.46631015030843
108.30270814742077,53.843597561583806,116.03150871239566,161.95571829398807
110.24649893563058,56.16110869846095,116.50671853807424,161.68348742233198
108.18260483300435,54.10171763819754,116.26802441583227,161.43578721536434
110.14722918230022,58.65072548950599,116.6975786574512,161.05537739316884
108.10406686908368,54.30785414485064,116.42380825358457,161.0209300218802
108.31604755130061,60.84280646886653,115.9998468891507,161.01624769027782
106.21662795679839,58.80483578912681,115.85065208468761,160.7441550562897
106.31100935807294,61.19177970518835,115.66188928213855,160.3117236280004
104.21370340797006,59.18275368270321,115.52470366437073,159.99797815499716
102.268544045386,63.69877115005397,115.09023674312135,159.61551451313068
100.23280353594663,59.50099527321106,114.84987266906893,159.3873760809542
98.32468738592746,65.93367406576768,114.3616701004421,159.43532310183647
93.86050302615445,61.842656070245084,114.69577459428865,159.02309486718218
91.91377055213273,64.40220256354701,114.29286045622192,158.2003809666885
87.93858509861737,62.614587919887015,113.68866646486495,157.4983278048146
85.76573929647373,61.52221513460853,113.77765134044974,155.42636664666907
85.69716836114387,58.77132621440492,113.91479321110943,152.47468394388426
83.55717250980273,56.418437218549684,114.01067675906793,148.81224562614722
83.30397276939483,56.3062021913463,114.51707623988372,144.90685330789404
83.05185450726083,56.27923134501586,115.02131276415174,140.882392601125
82.84443493306145,55.9826589188055,115.43615191255049,137.4507057461696
80.75273539508952,53.71253567952506,115.64085508246885,134.03356041267946
84.58930731995619,51.447097861408125,115.82613616610375,130.7060111155451
84.81276686129051,49.31002735492832,115.37921708343512,127.21889672283388
84.75080732384092,48.66463176769165,115.5031361583343,124.69038277028965
82.85461302836966,47.811112445777574,115.5136414558605,122.61553812070149
84.86396779343366,47.110575009691544,115.2445807837999,120.26696413480613
84.98574494866386,48.02660945075915,115.00102647333951,118.43489525267091
83.66826236891205,48.73612378090147,113.95993482078161,117.01586659238627
87.3774377192531,50.97525653168336,113.8162533298342,116.17493569568984
85.96986210297305,49.44944094727359,113.00954369133338,115.60470599344848
89.72594933441778,51.61821176596193,112.69770205409445,114.86733076889706
88.32724245420991,47.86846051599599,111.91145522986379,115.19951209953618
93.7416597049926,53.834488463335724,111.81199160033087,113.9968270768892
91.7680791752815,50.252229913817615,112.20314988474692,114.04933862591315
97.34792010474663,50.289536072721646,111.73247300640737,113.97472630810509
95.71273626387084,48.48802971399959,111.44844045378952,114.02333879117974
101.42846118692586,50.42188230191236,110.66902699504045,113.70631241114117
101.29298587306417,48.70656704226752,110.93997762276382,113.60355395370462
104.83833619275521,48.77949072420761,110.92138980426984,113.45770658982444
108.49432111718652,47.069411860055396,110.67636523543936,113.3443916781128
110.3779898536915,52.62207610632342,110.43685114738128,112.82253334043247
108.69221592674799,48.751264873588966,110.29255336535711,113.53246453407891
115.52019244278739,46.929970970196734,110.73544477603208,113.65034123017494
113.39188587630031,52.20935967113213,111.45849802412381,113.69224348295153
119.05539780908404,48.32114475557585,110.76838619015484,114.37739862633173
118.92623110978542,51.898410115759546,111.02671958875209,114.31384596237211
120.65921525926314,49.90819572442181,111.10932722137176,114.74569881347246
120.2851985961602,54.98631749666956,111.85736054757761,115.25942570232036
123.81054200935336,52.95920829247024,111.95975769170332,115.737102125463
121.55968322281007,54.59619980143405,112.87582130072462,116.04877307160062
124.81223848366751,56.10808490700453,113.58076108038952,116.63002801114955
122.79388010538736,57.43964582821182,113.99219058676705,117.59219341891773
124.06775160009053,65.4276732210293,115.09133560678907,119.85057868042475
123.89029551499436,64.8690411120889,115.4462477769814,120.96784289830556
125.41712453330695,69.20200573679269,116.11539241907144,123.47032168504361
125.40210129662525,69.71424287970845,116.14543889243484,126.21840628506806
123.65885698262767,72.29203199453316,115.81599824850025,128.69468659927813
127.20435493296016,73.06443254511058,116.42345519921147,130.99911192381143
125.17063092045834,71.70862788987719,116.59617547004196,133.7107212342782
126.94087856418079,71.97932899714874,116.99521687024234,137.10885570738043
125.10409649819711,72.58033229906916,116.67027734248595,139.90535276326338
128.91695329672285,73.332667432018,117.11739772296384,142.4370994861304
127.28959871889026,74.07328691483634,116.28949948821635,145.0384679109064
127.45271079105393,72.73192538375531,115.96327534388898,147.72119097306847
127.29155492091095,69.51565393064644,116.28558708417496,150.0087587566128
129.35647980576735,68.61155428117,116.34093380783077,151.81695805556566
127.25894032007837,68.21901745044511,116.32230278105467,152.60203171701545
129.34599916341028,69.70678128317692,116.37356838733618,153.8518873444972
127.24156397537911,66.71093882590515,116.33716433529223,155.59829783093443
127.36046299998543,68.5129061562102,116.09936628607959,156.2656385680131
127.45005576420112,66.1788951169613,115.92018075764821,156.65612411883612
125.56485927543883,68.51698600777033,115.41003433013867,156.26048174225218
123.3863015467739,65.5410556198921,115.50098278110539,153.68000850528225
123.27818742452347,64.91246336256931,115.71721102560625,150.7087953437733
125.23004576567199,62.70805713340077,116.000123077641,146.74435033344676
123.65142698208241,63.80318420730016,115.0267400475174,144.55409618564798
122.24839142113856,67.516352073524,113.75154103473147,145.29030072254747
123.00727867267165,69.14129473058483,112.2337665316653,146.11224862761054
127.76876590792388,70.84753247887369,110.83016467882825,146.75945943986653
126.81495615122991,67.48080113847227,108.69113189018682,149.44626981864
127.90766564161402,67.80044326287486,106.5057129094186,152.85945539826764
130.7052494205207,67.08918093291766,104.97869574779305,154.28198005818206
131.2896250596589,67.20228464011802,103.80994446951662,154.05577264378132
128.44670961265498,69.77397502108337,105.45421658671246,152.95395065866262
124.24452550137889,67.82507510955281,105.75419277287422,152.79955446352852
119.63784555318713,65.96336003756997,106.85789907374385,152.4681578097373
117.64530413389608,69.72920547912895,106.77492885198917,153.07257304729296
117.78368740951643,71.25051722708724,106.49816230074846,154.10576573733164
115.69144137739335,71.06297014705952,106.59581152301233,154.4808598973871
117.98418632078175,72.65908167405807,106.10443984773022,155.38275505488465
116.47862128714212,72.46477975138674,105.01598299242075,155.7713589002273
116.51384437363292,72.24523901742178,104.94553681943913,156.21044036815724
115.90629848478693,72.59055801930697,106.1606285971311,155.51980236438686
113.49113427204767,70.9239603709962,106.88837368824994,154.75041432664872
114.07162795066998,70.24845109085454,105.72738633100532,156.10143288693203
114.55463968145949,71.79782295642275,104.7613628694263,157.1068553204825
112.04378412961927,70.14191285970571,105.67981410629109,156.3154156471009
111.9745673114803,69.7282830165719,105.81824774256901,157.14267533336854
112.09604629785754,69.57971348410221,105.57528976981453,157.4398143983079
112.15534727924157,69.32731639637751,105.45668780704648,157.9446085737573
111.99322413478436,67.29972492991006,105.78093409596089,157.87238003632544
112.30284212380154,69.06199282407268,105.16169811792653,158.47955543748495
112.42881927634582,68.99058782033596,104.90974381283796,158.62236544495838
112.2919286985546,67.1866344567814,105.18352496842041,158.10176686608116
114.37773520319698,67.16625336636744,105.13714660327894,158.1425290469091
113.98592905832919,69.64874274035338,105.92075889301452,157.30262668425308
113.73749740239502,65.97117292012345,106.41762220488286,156.40684815928506
111.47539912251068,72.12573368226282,106.82160968072891,156.4583538867742
111.67289721145059,72.09212127816625,106.42661350284907,156.52557869496735
111.70468860896,72.04636561778608,106.36303070783028,156.61709001572768
111.82049695823423,70.097318478631,106.13141400928181,156.39271249836344
111.79531173830307,70.14636478929124,106.1817844491441,156.29461987704295
113.52407220393413,72.10313568472793,106.83887303426886,156.49568760255642
111.29908958363362,70.30713961910322,107.16031104814368,155.95915250707958
113.41700012150118,70.13570080410557,107.0502494292185,156.3020301370749
111.05868502525328,68.47109071232097,107.63777132924042,155.50214202817023
108.65140937766647,70.4952908214638,108.32556112684179,155.58050330745684
113.51484873871222,69.99125948578904,106.87730459075485,156.58856597880634
108.70222340804193,68.4872453809962,108.24142776429983,155.46603044449427
113.11421738306339,70.25535238114539,107.68982441261416,156.0660087433745
110.7690564119371,70.37033607062935,108.24401422520287,155.83604136440658
108.8862802450048,68.3147400306434,107.86774369552082,155.8054105808318
111.25477274412337,74.41116991125736,107.2658999248026,156.0179745021607
109.12683942200574,72.33821248274009,107.39337250991028,156.03549530006768
109.26301316959531,67.95380725758622,107.12102501473115,156.54277049116075
113.43905468417677,72.26618796545571,107.03676169720575,156.18582878705928
108.84055532855915,70.83848378551856,107.97949466807594,154.9141042767511
111.49506203555472,70.29870541176311,106.79401030574515,155.993661024262
111.92201532286025,72.12016887886716,105.94010373113409,156.47095031418684
112.35069505770983,70.30050897973689,105.08274426143494,155.99701151174895
110.66915306838656,70.39598456330246,104.35392799124904,155.8060603446178
109.07211763139705,72.35163505569565,103.47107137910899,155.9716868459505
110.98294285012142,72.50658580439506,103.71416652371903,155.6617853485517
108.65722971425618,70.17364064994874,104.30146411249929,156.2635469744941
110.14251422260934,65.83972248762292,105.41383187487722,156.7655097409772
109.73291906153662,63.66773685072583,106.23302219702265,157.0005193616888
107.32423459118968,62.11347055529481,106.92429981526584,155.98296063010014
106.2942709350439,61.87223254724657,108.98422712755739,152.34322464384434
103.7161380129112,64.60987221523496,110.03928599548473,150.96915228420562
103.30773322559796,66.36278527794099,110.85609557011122,151.56104116120127
102.80418368136242,67.49349321057198,111.8631946585823,153.41973081823818
100.18251272842357,64.9719335336909,112.94168703116605,154.2980006387064
101.87344946689839,64.96058485261317,113.75569515480082,154.32069800086188
99.72659651611534,64.80440699823883,113.83982608120857,154.63305370961055
97.3740105182689,64.31142934131063,114.32929783309572,155.61900902346696
99.13985365169694,65.8416218778089,115.03631582044845,156.79732820467922
96.63625174850203,63.491083037516745,115.77532270221954,157.2302089606448
96.50991805591855,63.11344962503753,116.02799008738651,157.98547578560323
96.53164911664365,62.671922645495115,115.98452796593632,158.86852974468806
96.58160034107831,64.7305911899715,115.88462551706698,159.0663959344676
94.38722689749284,62.410966015098495,115.9568057201664,159.3890796001421
96.32486316828589,62.33818803645106,116.40418182593433,159.53463555743699
94.306040761617,62.29824095741729,116.10962440779856,159.61452971550452
96.40062151515016,62.18879468337039,116.24904190381045,159.83342226359832
94.28714566163748,62.36887642524775,116.14180381544793,159.4732587798436
96.49447776160558,62.433670833211494,116.0541031781942,159.3436699639161
94.43286386628971,62.690778909266385,115.85377390159974,158.82945381180633
96.42891211862775,62.79056395608909,116.17414142324658,158.62988371816093
94.5851635164063,62.8206231756877,115.54694728255268,158.5697652789637
98.67424013953735,61.14696314292516,115.97576572773124,157.61359949876845
96.32731163022473,60.331915810603704,116.37362113433181,154.9476925513867
93.64937233647956,62.09754147329244,117.46753231507967,151.41644122600923
93.21713931063725,63.10674641459224,118.33199836676428,149.39803134340963
91.15061945141618,67.48356969019054,118.2559190803793,149.0626228018673
93.0876723485662,71.45593339671126,118.58455957194491,149.52338796055722
90.82922113500437,67.58701757125323,118.88632349767622,148.8309426086886
92.48978331233793,69.8478257117876,119.77462069934361,148.51874788395435
92.39500620041005,69.82494558641676,119.9641749231994,148.56450813469604
88.70845112514583,69.76380229498618,118.89168999433119,148.6867947175572
87.53147413287208,71.58755937089106,117.03834557141138,149.24657897321475
89.57511014037283,69.85375871887925,117.13686117894416,148.52839265470408
88.00797577728265,74.30563813672624,116.09473324620754,147.97742713684406
86.69382380273758,76.65933440229942,114.57200487306986,147.42106692792552
86.79283821832468,72.7394265124947,114.37397604189566,147.02536358217418
85.56430139708314,73.0594975422208,112.72256100773541,146.385221522722
85.99434839456981,75.2945466686146,111.86246701276207,145.98694268921747
84.26722749230875,75.53099674727721,111.26498795232575,145.51404253189224
86.85250058996277,81.57651943861754,110.12920363126294,145.52728277194728
87.43521825566373,79.31023157721481,108.96376829986106,146.04343171752004
84.00071864971889,75.7603051728255,107.82229964386084,145.13281665840879
88.31591690866759,85.60687970572786,107.13729753244559,145.30315360880945
86.75895328167411,77.71146866593611,106.28715955126815,145.2377147477353
86.89768121687305,84.18500803468424,106.00970368087026,144.1380265689133
86.88599358262448,82.51812471046145,106.03307894936741,143.5439157827339
85.17422318090676,79.13039874186826,105.53738710539713,142.4809024251089
87.10526659309332,86.93545362046837,105.57025254475379,142.45060172282768
87.53330975634552,80.92681742815051,104.71416621824939,142.782784468856
87.296087495678,83.23359652609892,105.18861073958442,142.05527236767318
87.39320104962674,82.94701511289385,104.99438363168693,142.62843519408332
87.30031298823637,81.31708084280189,105.18015975446767,142.00000728674644
87.70541142463384,86.99888186946546,104.36996288167272,142.28177358513432
88.58549154785061,86.80190030227963,102.60980263523919,142.67573671950598
88.7634935727209,88.54507896167985,102.25379858549861,143.0392393076055
89.26662478798204,86.27554897449096,101.24753615497632,143.72878933090647
89.77192408489725,86.41891174035213,100.23693756114591,143.44206379918413
90.26550688914023,86.50127337164027,99.24977195265994,143.27734053660785
90.83232048646872,86.4269498852258,98.11614475800297,143.4259875094368
88.99463259035794,83.11985635595903,98.00447565737434,142.4660847822699
88.71351855725939,85.14460519289145,98.56670372357144,142.18730787701185
88.39980261128196,87.38922800508007,99.19413561552629,141.4738742328762
88.96202451197894,85.73886035585883,98.06969181413236,140.99921162699394
88.67307571423167,91.37144984514057,98.64758940962687,140.98300975361235
88.65690118098196,91.32409176871172,98.6799384761263,141.07772590647005
89.04879790106506,89.76929804379195,97.8961450359601,140.4263898349012
88.85265756287234,89.78808944262506,98.28842571234553,140.38880703723495
88.61080955720318,93.19190856459468,98.77212172368385,141.06926824256124
88.52994311608151,89.71332390924434,98.93385460592721,140.50180265256603
88.70260309095566,89.93940323563743,98.5885346561789,140.04964399977985
91.20421182388725,86.06940398042327,97.32919182606038,140.3018932387188
90.67236572197234,88.34096975465567,98.39288402989018,139.48565468193152
90.31051586605912,84.68665885298051,99.11658374171662,139.33003879496425
89.99163384143739,88.15546831466008,99.75434779096008,139.87580167523294
89.87450334427574,84.38279422547535,99.98860878528339,139.90023717694834
89.435739541223,80.49332550994384,100.86613639138885,140.14980877227208
90.6728767724207,74.99459861634719,102.17476344450371,139.79855801293473
90.02218441662666,70.279587332637,103.47614815609177,141.63044010556465
92.89158358385814,66.6986863937928,105.43382396017239,141.09576784470948
91.75553015252802,64.65165588581503,107.70593082283261,141.317641337534
94.38905283126974,58.78881803595675,110.26426614439474,141.30524601868228
95.38192704764622,56.54122614968999,112.23269551036051,141.84625199249712
94.31546544570699,56.0253240756053,114.36561871423895,142.8780561406665
93.58236858320228,55.524123924600076,115.83181243924838,143.88045644267694
92.83349574429502,54.74130084416906,117.3295581170629,145.44610260353898
92.42756639064964,50.01906927043558,118.14141682435366,146.62601965631092
91.86381063318724,43.92853433567565,119.26892833927846,146.31650212978576
91.3919900165098,44.262392049949455,120.21256957263334,145.64878670123815
93.26932880668636,42.58484955702028,120.63989170245202,144.82187197692474
95.21210076542005,42.9110382513105,120.93050946194387,144.1694945883443
95.39164376467158,44.3521200305601,120.57142346344078,145.45812216306268
93.74627979961697,43.29017100410229,119.67729514602635,147.5820202159783
96.13568084053998,48.67208050090528,119.10156193013843,149.42740782024646
96.62059575871626,45.18122339221489,118.13173209378584,152.18706647125654
96.94931322349161,44.52145008184209,117.47429716423514,153.50661309200214
97.26167698898976,48.0968411970112,116.84956963323884,154.8717787386798
95.01127550490631,45.68732010590125,117.08178248641713,155.4222308059111
103.0945487111033,49.29071173478883,118.03831510180078,156.77698706202477
98.70270655959828,46.68894062749973,118.1879249327813,157.6634920405882
98.55527502250555,48.490083524866066,118.48278800696677,158.39418844496797
100.6169196211944,48.64961348226757,118.70842627456106,158.07512853016496
98.37229695630985,48.43641482395803,118.8499112755031,158.50152584678403
102.49998189823592,50.84794429800206,119.30767302271691,158.03503271422898
100.63626940425625,50.7462917942391,118.67815458674525,158.2383377217549
102.89054379929075,50.78101343875505,118.5193561090254,158.168894432723
100.95746931596959,54.78142045745041,118.03940881891529,158.86027290883712
103.0469044139098,52.62839250028041,118.20930122044462,158.81756622576737
103.11945857505111,54.688135981529356,118.06419289816199,159.04897359411413
103.10731254835076,56.82444824709235,118.08848495156268,159.1283872737362
103.0352081941556,54.61856837443962,118.23269365995301,159.18650335890985
103.15691091280496,58.841678903075774,117.98928822265428,159.45406002684268
103.11278800247788,56.537749862634826,118.07753404330846,159.70494749470282
101.31758382343591,58.849177445303724,117.30571218850595,159.44432254225148
103.31668997471473,58.93550062531342,117.65311963028005,159.27167618223208
101.44690040820235,58.98659110140696,117.04400835036111,159.16949523004502
101.45509702152181,63.53901599830563,117.0276151237222,158.7389528324019
101.37230853821103,61.29159482590511,117.19319209034377,158.90345185463335
103.43443845554138,63.37197951629426,117.4044891797952,159.0782393979672
101.70796588699892,61.11088970424879,116.51575818754924,159.25874289272724
101.61453476891079,63.29469526181204,116.7026204237255,159.22097663807395
103.71725546042032,63.29811749660857,116.82951599334478,159.2141321684809
101.67590027986222,63.610273468521896,116.5779119852524,158.58982022465423
103.84987471937006,63.81345410511322,116.55066825247964,158.18345895147158
101.9690681937159,63.77153314186316,115.9981967230485,158.2673008779717
103.75119091433194,61.894261016076,116.74025024628241,157.71554616508
101.62413143199844,61.171833471246686,116.68428976981826,154.85032181360748
103.57260475298375,60.32807011360316,117.05290564283791,152.27228601390425
101.37994352868283,57.75286426819709,117.20596234754689,148.9581662169306
100.95386205724837,57.30363227978292,118.0581252904158,145.67253224935453
98.91698983801899,57.04825962570739,117.98432669990927,142.0357345285403
98.75739212164167,56.720447516522356,118.30352213266391,138.60093633530167
100.54926719477665,58.55984965480292,118.76235346449712,134.92213205874054
98.86070630493327,57.93654296280057,118.14647083433981,132.17574103290116
98.92139126389273,61.2236253294882,118.02510091642091,129.54211029994417
97.35081078881154,60.39015617583901,117.26862045425177,127.31140719491103
95.59147519628627,61.69133456315684,116.93644949890306,124.70905042027536
95.82402409559936,62.57683350958962,116.4713517002769,122.93805252740981
96.09885228484642,63.31717921332819,115.92169532178278,121.45736111993267
94.29980594861208,63.71942384753003,115.78178926247759,120.65287185152899
92.72818933844647,64.13327835315735,115.20183954765405,119.82516284027434
93.23813008107614,68.45031271570333,114.18195806239473,118.59316131755978
93.53839286736113,64.93802871044963,113.58143248982475,118.28655862457448
91.9913818357179,65.53069512064793,113.0241780790888,117.10122580417786
94.3758105951486,66.07288023676466,111.87920047771505,116.0168555719444
92.79020485501425,66.53337429521387,111.4616455720581,115.09586745504598
92.87070130566173,65.00650769798072,111.30065267076316,114.58188055793659
92.8662404091741,67.21685508957279,111.30957446373841,113.71829719451449
93.09496453071486,67.52349781152759,110.85212622065688,113.10501175060489
93.25603541663656,67.75220995938318,110.52998444881347,112.6475874548937
95.25636905473404,66.13964488519062,110.04388505136936,112.35814972452799
93.48801409117165,70.03798270058977,110.07824813531366,111.56616778009061
91.84754614269201,66.40444686997813,109.86874045205307,111.85235228087414
93.69288219706225,70.13649783480933,109.66970416129274,111.371521987172
93.66339779630835,66.46101257981155,109.72867296280054,111.76061569921966
93.46937545701621,70.07057986163795,110.11671764138482,111.51744833302915
91.64725061887657,66.37146972519511,110.27068291778659,111.93509980615978
93.62139772070482,69.8910358355194,109.82166783725896,111.89452583176886
91.73154171082999,66.20438070371736,110.10982440467467,112.2847251907051
93.67782582366286,73.33362762096748,109.71949068148787,112.03516936612064
91.47873679146153,69.21888663603028,110.62551697683064,113.28034779787525
93.17131898457427,69.53086469163097,110.76636723596187,112.65639168667387
91.44168952299302,69.47436923024402,110.7071889882186,112.76938260944777
91.5249144354153,67.59437312720696,110.54073916337404,113.01009618717165
93.26907627101394,67.82857435221436,110.5728473935912,112.54169373715685
91.55103093973545,67.73406865193436,110.49535743582675,112.73070513771685
93.34423669859365,67.63613787173801,110.42427291822372,112.92656669810955
91.57495023794719,65.56243876674367,110.44556496853872,113.55668403712033
95.06766189715435,68.9139751932108,110.5151604763471,113.90863001040874
93.28237820452223,66.64351400988195,110.55159594989456,114.91542046534965
93.44030125250202,64.86885809913514,110.23574985393498,114.91423687492426
93.09531571723025,73.29028129792857,110.92572092447853,115.79877901023171
94.55157064050044,69.19985629174022,111.58346946050835,116.83911225746797
94.07552212695595,70.39744516578287,112.53556648759736,118.04090247336582
95.5538337146811,69.70071207823317,113.20981004324972,119.43436864846521
93.27114989680518,68.80990065475441,114.11181767971254,121.2159914954227
92.85670447497358,72.91252548513985,114.94070852337575,124.12732449663488
92.80942026282641,76.63229922165145,115.0352769476701,127.98024485504223
92.64012357333479,74.00093475198574,115.37387032665332,133.24297379437365
90.79796316146877,73.72521928119002,115.14549427457645,137.70710161177402
92.59801885743107,73.2354647758121,115.52334869066955,142.66457643054756
90.53262300503732,70.95288161939528,115.59380912008761,147.2297427433812
92.35360516164414,69.16412155301451,116.08329551456835,150.80726287614274
90.1478686192282,68.01855763544162,116.30067038431855,153.09839071128852
89.72356656823169,67.03121805802787,117.14927448631158,155.07306986611601
87.50526069138752,66.34925658224687,117.30933289932965,156.43699281767803
85.46191205223279,65.94802429969322,117.09608771122967,157.23945738278533
85.4328114671832,65.58103021686662,117.15428888132884,157.97344554843852
83.27946836816368,65.19164891161877,117.1401927727982,158.75220815893422
85.38622914643388,65.14717797119398,117.25906106705261,158.8411500397838
83.3412179670412,65.08357740801196,117.01339383375168,158.96835116614784
83.32770205938873,64.80999821295599,117.04042564905663,159.5155095562598
81.06397939560105,62.62260621359455,117.22552006553913,159.5479426438898
83.21295370276438,67.08458860793604,117.27345047241985,159.31573589762166
81.2361764321807,64.93203033321001,116.88386781330169,159.2777152467882
79.30379129763993,67.20012116839823,116.41246657057692,159.07770508821807
76.94418064759296,65.20457921969388,116.8062865691547,158.74338768411056
76.92175213192081,65.02369411858051,116.85114360049896,159.1051578863373
74.99921068721947,67.26619976387579,116.36321264673333,158.95316043891506
73.13067292218872,67.43487012651231,115.77758607548073,158.61581971364203
71.06491268635659,69.39427086188105,115.601135814203,159.0049889758465
68.77191194387214,64.98998799147665,115.87615717772486,159.1915944737612
69.05042451988199,67.434173898898,115.31913202570519,158.62155030730923
69.410027487285,65.34750959762096,114.59992609089915,158.49434775790877
67.89149936419992,66.90039172793672,113.350195692647,159.67537014169955
69.04921885367999,66.54533695682166,111.03475671368687,160.38547968392967
70.07818760427776,64.95663286816132,108.97681921249135,159.30625375543698
70.63828275019759,65.53999084539241,107.85662892065169,158.1395378009748
68.26195408966768,66.1675742259137,108.43912341043429,156.88437103993223
70.81205443876854,66.4424034016187,107.49979645269327,156.33471268852222
73.1731634373166,64.62390846361801,106.91462067758891,155.83466034253186
73.74643285484018,62.37990579417507,105.76808184254178,156.2028502500978
73.5701088323017,64.95278809973088,106.12072988761872,155.1634540123525
73.82060284250161,64.87635663376079,105.61974186721889,155.31631694429268
74.22967316282231,67.99431446547851,104.80160122657749,157.26151133637262
71.69139421895966,62.226765161855184,105.77190514020482,156.47784802132537
71.88361768902453,68.30524273923666,105.38745820007509,156.65261152122713
73.83189080576922,66.40123810988227,105.59773678413453,156.35379596238712
73.72026514246122,72.51325315509541,105.82098811075052,156.44721381641352
72.05771664262976,70.7423288883333,105.03515941146773,155.87813665099202
72.05348362756786,68.88988690676187,105.04362544159152,155.49369934431846
76.21144286553294,66.56752189987353,104.89505545630531,156.05475511277314
74.31045204175027,66.28477165358385,104.60738293384534,156.6202556053525
76.60537518423814,68.27316941791082,104.11092064310263,156.73684407093162
76.54507305702296,68.1671658333481,104.23152489753299,156.94885124005708
78.29478831199266,66.38142841500945,104.82417150190597,156.428248962422
80.21897974623296,67.96450445732248,105.06988558613986,157.35619383051045
80.01139710908714,68.14276211104686,105.4850508604315,156.99967852306168
79.53710489243721,66.45190288198125,106.43363529373134,156.26772918437604
79.27282112472233,64.53705878061609,106.96220282916111,155.97903924221936
79.50196219378995,66.1573492452405,106.50392069102588,156.8612386467939
85.77489045198371,66.32436535103137,106.34351982146019,156.52720643521215
83.90853572787213,70.44195167940534,105.95543497049897,156.53362237683294
83.46000199269498,66.82361154077829,106.85250244085327,155.54138931993052
85.2959298049626,64.57694585939696,107.29501112659986,155.92035637241136
85.24121554250169,64.61127365188979,107.40443965152168,155.8517007874257
85.72729927085847,66.18973711215486,106.43227219480812,156.82295177749165
88.02456216093276,62.3077328725434,105.96446714599347,156.33351879404677
88.193208242119,64.66676170800716,105.62717498362098,155.72705389673155
85.72865055827381,65.50060600080897,106.4594244914909,154.05936531112792
88.08189105515493,61.547753848088846,105.8384454855306,153.79406564096425
87.73713986632428,61.70747087089177,106.52794786319188,153.4746315953584
90.26997333009714,63.06694482010552,105.54008898122993,154.83349174251467
90.11301734103682,61.508741103854945,105.85400095935059,153.86793949197394
90.0059972066986,59.66280781103167,106.06804122802701,153.48720705326505
89.85458299518129,61.6166763480181,106.37086965106162,153.6498649500747
92.25366118534646,63.206310080709414,105.65057036582898,154.54845457978973
92.42671074596201,63.52266310299265,105.30447124459786,153.91574853522326
92.72261117114432,65.19711420909015,104.71267039423324,154.6310699742891
92.77023516023067,67.137391112091,104.61742241606055,154.81571162818153
92.83119633620458,65.02161411261645,104.49550006411272,154.9808694464553
90.41180921178793,65.0412942926163,105.26741437027732,154.9415090864556
90.5086977272395,63.28967681309112,105.07363733937419,154.36567541418668
92.07698225162021,63.05219364210029,106.00424951467235,154.84064175616834
89.63266792107808,62.90322665480028,106.80312291605316,155.13857573076837
89.55681039022991,60.857301073427635,106.9548379777495,155.122955820429
89.80791552380549,62.35522466149297,106.45262771059835,156.23685393455605
89.98952947281214,62.57263234490013,106.08939981258503,155.80203856774173
92.35910554599616,62.18888099943362,105.45590441709693,156.56954125867475
92.48148407938433,65.64390639906946,105.21114735032057,157.87291146825515
94.84666397939188,63.86789781059723,104.60304067647883,157.30267551902628
92.76429837442029,61.50177814611784,104.66419954997502,157.93134251153808
94.02239119346245,59.622469791919656,106.26205178272312,157.57592134910203
93.29730967432162,53.6142795052626,107.71221482100478,157.18659302642317
90.09439430519136,53.3278810169227,109.9646399601962,153.60598440403385
93.06025288286739,60.18321725067689,112.30586197519021,152.30472069204458
90.8777544026216,57.276338162258725,112.51568231060031,153.96330224379943
88.40085294446494,60.86754091052421,113.28567534952745,155.14851650204076
88.05352799748859,58.552933439122924,113.98032524348017,155.56329249191825
87.95145798227875,60.467750642723104,114.18446527389985,155.96579252107858
89.71186059376393,61.99414114891238,114.90525550410024,157.1546069618708
87.51171309232676,59.56438267825682,115.03407827045501,157.74265166666234
87.51954001587487,65.4540675706036,115.01842442335881,158.81082141286038
87.4221156561486,60.944407896535296,115.21327314281133,159.23321479399868
87.43376662672516,67.33427539573097,115.18997120165821,159.37769192073722
85.07629447814203,65.00033974606933,115.5950368037912,159.73568452502724
86.95378285420944,69.46172391873287,116.16202422005921,159.45684451650584
84.86777132759343,67.400595693439,116.00700084932475,159.25205454312712
86.75367681696324,71.82605075149789,116.55658325676744,159.0439311993739
84.57566216886207,69.60321586666356,116.58535981923262,159.1623482353054
86.76863680495765,71.92927669747058,116.5289336062753,158.8397496329252
84.7194375514749,69.80409600301772,116.30363383826113,158.76641274685124
86.90377338222137,73.91941080713886,116.25385109012156,159.1735609653157
84.71517374911033,69.29220346480649,116.30679649991119,159.77946793711553
86.94310757314423,71.38975064471278,116.1852482376857,159.91869296314528
84.82183314807935,67.15643472802185,116.0933611027066,159.71645282630936
84.96016548760292,71.88895698844391,115.81669642365944,158.91112524244755
84.98844017731305,69.92708731372079,115.76014704423918,158.52176960040225
87.31698710382632,70.13209505751263,115.40931002320937,158.11175411281857
85.62961601644956,68.30424085026515,114.48977745748235,157.473187786833
87.62096080472953,68.77535685495734,114.77657529784929,156.5309557774486
87.25474024427636,67.49894599563605,115.50901641875564,154.82388638350167
86.90368084518917,66.41751991914319,116.21113521693002,152.74079753057276
82.31488332060636,66.16195018214614,116.93735945313308,149.02625159808554
84.01993455627124,68.74722496424505,117.70803215632088,148.0364772084053
81.73541910406354,75.50273476494104,118.0989292445991,147.05985905542485
81.5727693397431,75.28060836318853,118.42422877323997,147.50411185892986
81.24912720583282,74.95651419678222,119.07151304106054,148.15230019174248
81.10271378266202,76.69685346130137,119.36433988740214,148.87363628138002
83.1077626968782,74.01588585681,119.5720668312413,150.01774671809125
83.07484863924728,70.29126121163495,119.63789494650312,148.98952580873475
79.3987944835613,74.58352862659345,118.54193295337106,148.85306128332178
79.87793944447037,72.45967009353937,117.58364303155291,148.8966027440383
78.46427043556497,72.86615456909482,116.22169102418877,148.0836337929274
79.01230044363686,71.22873918525326,115.125631008045,147.20374378479266
77.98842493734352,73.58793687037715,113.04993958817316,146.60879084700338
76.4171481977755,76.06655708340905,112.11192596463695,145.73211752361183
74.96088514891674,72.31700229809253,110.9725545126345,145.12743199480494
77.160998510127,74.85995897754039,110.59642176303606,144.0656126087313
75.63865411208845,73.35779199769878,109.6393530846286,143.06818909392993
76.69560143024455,73.33600620365225,107.5254584483164,143.111760682023
77.25406734872627,73.71970284629026,106.40852661135297,142.34436739674697
77.94741818908082,77.81441710059725,105.02182493064385,141.96921025473702
79.01914804003468,81.63062320564535,102.87836522873612,142.09425304898724
79.37789753623795,83.70987545273108,102.16086623632958,141.78120735852033
79.50718991086197,77.93896606588225,101.90228148708155,141.8362686891886
78.4050373111626,81.63099482315155,100.2810854551325,142.10321363734562
79.01508530133918,81.94616794089487,99.0609894747793,141.472867401859
78.46532282108743,83.17617681913467,96.38732932200055,142.78603475866169
78.70411322104265,83.49534031685147,95.90974852209013,142.14770776322808
81.12154823021223,83.37457263008879,94.80609418124497,142.38924313675344
79.35296173759707,81.86328048537592,94.6267454452518,141.69530570495567
79.86120997307043,82.16670006531098,93.61024897430507,141.08846654508557
82.19429041683563,83.95481027509547,92.62117560320884,141.18933364195072
80.72923442773195,85.54604021061677,91.8891459973157,141.6690153550086
80.77322940003017,85.85668668669584,91.80115605271925,141.04772240285047
82.7644971236323,85.88903340430187,91.46497159443916,140.9830289676384
81.29729390453633,86.37731639738301,90.75960410628186,140.00646298147612
81.8704997237624,91.76743129477389,89.61319246782969,140.06632497825515
80.23252252506359,84.26143774664979,89.294029548662,140.69784280824194
82.09712449006206,89.9660365523595,89.16405788384483,140.08634199236184
80.41336918072167,84.28551527935144,88.94366105999651,140.68366221079066
82.48948802440555,86.25315804707046,88.38457930939211,140.34153261211594
82.32943821967703,88.32506478217333,88.70467891884913,139.77639660212017
80.5060912466813,83.07787737780626,88.77578858081839,139.54401855878763
82.59425672993024,82.51636492969982,88.17275436024653,140.6670434550005
83.45742717378491,83.49481702670651,86.44641347253719,142.29013273424655
81.72318522550952,82.17077233097385,86.33968571927385,141.36301047589774
84.03735473780958,87.46546539492032,85.2709462031655,141.45242287348017
84.01534643887017,82.29852621143775,85.31496280104432,141.157493266696
83.94636251012544,82.33077622464185,85.45293065853377,141.0929932402878
85.70549330424112,82.11322173693907,85.47531904494726,141.52810221569337
84.01820729504284,85.34108762060342,85.3023843783586,142.16738381833505
83.77619445695447,87.62203133746513,85.78641005453535,141.1596037531832
83.64039598044161,84.39742579452015,86.05800700756105,140.51429987058546
83.76112823644156,87.78979629170993,85.81654249556115,140.81397766377626
83.68262646362335,84.35015890876262,85.97354604119758,140.60802329475408
81.93508103506898,87.3920903278587,85.9264506876123,141.60853287794995
83.54449888216138,80.3559890996594,86.2639182001944,141.4555225072809
83.55480495204014,81.68054195918145,86.24330606043688,142.36612042156463
81.91697549701587,83.53276902154718,85.94604141927033,142.2345898480483
83.85950187511179,83.76469256748945,85.62694602542861,141.77074275616377
82.11601613293902,83.94283316132005,85.56024317906021,141.41446156850256
82.30972715060258,87.42045216936344,85.17282114373307,141.55371388545012
83.86204751341899,81.87890071963976,85.61097024630318,142.00844730028885
82.24921947329338,86.64207348838782,85.27968212677295,143.15293436213696
81.93585219400455,81.63582178920915,85.90641668535064,142.46028331501017
83.98438848191364,86.92112020826193,85.37799415106697,142.5956366015082
81.62606416560203,89.38781276493049,86.53288812263996,141.22400614922128
81.64240889846437,84.11848511556234,86.5001986569153,141.08033150505665
83.43235577908212,84.1795570515621,86.47838956524708,140.95818763305712
81.81569109991119,87.64044122329341,86.15582231980802,141.1482124971563
82.07872259535702,89.5292351202429,85.62975932891639,140.92392935665782
82.15916427309863,86.01581908576534,85.46887597343317,140.86854318818706
84.12338461720573,87.64011079883136,85.07801058032334,141.1575350571594
83.68366100934992,88.30383737522047,85.95745779603496,139.8300819043812
83.741444090617,90.1564766168967,85.84189163350081,139.65511899815834
82.05304504957702,87.05274474209938,85.69292611373206,138.8110555440556
81.89952631138723,90.2077504569281,85.99996359011163,139.52238153892927
83.46983860173839,80.91342584492912,86.3857788574069,140.47883152293934
81.64495059557763,78.98029512011668,86.48836410723746,140.79790221007326
82.03552643830109,82.34608301439806,85.70721242179053,141.1736742447157
83.53116053369251,73.68727323605754,86.2620779989727,140.7606249615717
82.0941335890612,74.06661637307943,89.13613188823533,140.0019386875279
81.6723433246928,75.90005747894418,89.97971241697212,139.9212336296311
80.36861472126043,72.87155591639888,92.58716962383687,138.78010071229193
79.7579175150562,73.46708569599465,93.80856403624531,137.58904115310037
79.11434417196531,72.36152946961248,95.09571072242711,136.1724391369266
78.52445216802019,72.72033234394178,96.27549473031735,135.454833388268
77.36263873601973,71.77619723572195,98.59912159431826,133.7068701797034
76.15196226308979,72.7274184027406,101.02047454017814,131.8044278456661
75.32198015804305,70.18033674840197,102.68043875027163,129.58156545221385
73.58629825983944,73.33822395539914,102.50027170867463,130.56885271422794
73.06012709157055,71.54434363477468,103.55261404521241,130.49289363405697
72.56756896059215,71.71576568805317,104.53773030716921,130.1500495275
71.85138027578273,70.319091554346,105.97010767678806,129.25303364012458
70.09475135492166,71.85980362240959,105.78360347088636,129.87137155162125
72.24958116606095,72.46278905042809,105.18019587402486,132.37165272100134
70.96044816957072,71.88333579599635,104.02361982762822,133.53055922986482
72.79436603095473,71.38443138498585,104.08957306729309,134.52836805188582
73.10226793521379,72.51191998740678,103.47376925877498,136.02350248326607
71.19267062497768,69.99887730082035,103.5300716210105,137.28669559820221
72.78073268150975,69.60223311850987,104.13701140336372,138.07998396282318
71.73134260324153,70.06885606167266,106.23579155990014,137.1467380764976
68.94316102035678,70.46143026509725,107.98709486814425,136.36158966964842
68.55665901406397,70.60111374214722,108.76009888072988,136.08222271554848
70.02800792798254,68.55195389734197,109.66717920544978,136.3307642526019
70.3908939555806,71.44360056704146,108.94140715025368,138.28405111320708
68.73096768422536,71.06573847088161,108.37480697471284,139.03977530552677
68.77174812616829,70.7195077974235,108.293246090827,139.732236652443
68.98758519028449,70.57665656494001,107.86157196259458,140.01793911740998
67.00894030127225,68.81601707326311,107.92346768267501,139.64382404281974
68.86030653445448,66.86909825655222,108.11142396094887,139.64697293160324
69.04433176135852,67.03801478526086,107.74337350714077,139.30913987418597
68.56363179000142,67.60604937349056,108.70477344985497,138.17307069772656
68.33924184840134,71.79987751994126,109.15355333305513,137.54723395236735
65.80069653452651,70.31938975870985,110.3520304618779,136.6295959759033
65.73477304059065,70.0257845280481,110.48387744974961,137.21680643722678
67.23850945864345,70.29891271504181,111.37151924831647,136.67055006323938
66.89364588608615,72.36072808339041,112.06124639343108,136.44801086587992
65.0292020324502,68.28451761377009,111.88131620954049,136.78279602279557
65.31030499059354,68.23423172531061,111.3191102932538,136.88336779971453
67.45016344127552,68.3744254841626,110.94290721013292,136.60298028201055
65.47649945479266,75.94622083499465,110.99711423149466,137.03187338676236
65.76004000931957,72.17219863933839,110.43003312244085,136.77874755610432
65.69014136882893,70.36994171919203,110.56983040342213,136.49574195855163
65.97654073943511,68.02068115386244,109.99703166220978,137.30882576741382
68.25817493851152,69.61981053702054,109.32240168058536,137.99920541762603
68.76916848882368,72.9534109773503,108.30041457996103,139.10855964951872
67.0510175673623,72.91661614908885,107.848071262597,139.18214930604162
67.86755866581397,71.8733155924931,110.09739703488995,137.38634245003686
68.19715797091933,75.3996330723102,109.43819842467921,138.11661533926565
67.45238437202909,74.33418556341168,110.92774562245974,136.3555548102419
67.11423322258484,75.77171297222016,111.60404792134821,137.36957472846066
66.59322857345501,76.29462130407055,112.64605721960788,136.3237580647599
66.36434073386268,74.35938092969367,113.10383289879255,136.27788953257001
68.25035211978717,76.02499033286655,113.25483993516767,136.86970053444836
66.68488313194882,75.41859785997471,112.45120006756183,138.08248548023204
66.24224375999356,73.86257015760795,113.33647881147235,137.25429381132315
67.19432942849129,76.14559805984594,115.37412248787814,136.63005302024843
67.89974736970423,75.60191399827511,113.96328660545225,137.71742114339008
68.16291050441546,75.25583204420599,113.43696033602978,138.40958505152832
68.0727685655311,75.19132280173557,113.6172442137985,138.53860353646917
66.68027485247418,74.61695219447849,112.4361249080871,139.68734475098333
67.99885671359056,75.22406280316864,113.76360706414141,138.47312353360303
70.21182521955261,74.77912276418967,113.30513423958195,139.36300361156097
70.39808812215776,78.50128836738061,112.93260843437166,139.86613675505336
103.39870048069571,71.74900811544326,114.51369195893824,137.46897767265924
97.2220350231168,75.96129700925579,114.97468581531272,136.97262459088972
91.01751504820399,69.78811782141287,115.49205121418674,133.46341689864005
89.453703438074,74.03943378289236,114.70167045434663,132.79679293588123
87.57201289161137,70.70891181841912,114.57004309616697,131.66781996261778
87.55998283823125,75.08722264016241,114.59410320292719,130.66204613391344
87.67906895036599,73.57525436577892,114.35593097865771,129.82575389968596
89.31097307517095,75.9444895704298,114.93557383517162,128.93073459650805
87.12979832019889,75.91358129741654,115.45909039524793,128.99255114253455
90.6407525876044,85.9620441459281,116.13349580581223,131.98456728163745
88.82087169930702,88.18540304009845,115.86788042211911,135.34860381387247
88.59411810816945,86.11306711671027,116.32138760439426,139.49327566064883
90.4121013551994,88.3566077318173,116.70986461685825,143.05508144348258
90.28200556385997,84.5692739353283,116.97005619953711,146.5442255496653
90.2239928229747,83.10294900793548,117.08608168130766,149.47687540445094
90.25337174759508,84.10018227339519,117.0273238320669,151.67249573157326
90.16303925409,83.48358072589933,117.20798881907707,152.905698826565
89.86085870805712,83.15692240796105,117.8123499111428,153.55901546244155
93.92548485996943,82.85371722971277,118.21166863052598,154.1654258189381
91.7910894644305,80.86157454978428,118.20040886524154,153.86966062243278
93.99540603951277,84.95760025812498,118.06712841015599,154.2283145959094
91.78442969753021,80.26438117648755,118.21042757675129,155.05744572444468
93.97627316667047,84.61669340071265,118.12038026981965,154.9401005386922
91.85926735322481,79.80684717809814,118.06401121248538,155.9790316154701
96.22890461375576,83.8808519590439,117.93533648453821,156.4416218466933
94.22188721794896,81.46338338723767,117.63912522367148,156.96631293782545
92.34936659064886,79.14260628697022,117.07077260947568,157.29447326956432
96.4437075345299,81.56656284712355,117.50026777695788,156.7556486768798
94.47878222056035,79.74718845009919,117.1222023933307,156.0864814593622
92.85317964348347,79.81172745761549,116.0818614664868,155.9574034443296
94.6819441473354,80.1800268581805,116.69689405002833,155.22080464319959
94.59243513129965,77.02799016315453,116.87591208209982,152.9820557709736
94.39398545447573,74.18209271441135,117.27281143574768,150.19342768545775
94.3637394558701,72.18608657406041,117.33330343295891,145.77727424812284
92.30072807985309,70.36857872705495,117.32191005669841,141.13745768554466
96.33810247392864,68.63262556673199,117.37896957614687,136.47755569859103
94.81610172887838,65.17094834541723,116.42805997431746,131.41617686543077
95.0333253048006,67.39276552356503,115.99361282247303,126.97254250913517
95.3759071068009,67.75571950536792,115.30844921847245,122.42137258959453
95.79107310814365,67.66919057491484,114.47811721578694,118.85107268971507
95.86573761111222,69.33965354971843,114.32878820984979,115.51014674010788
95.94665702120082,70.98339549505094,114.16694938967261,112.22266284944286
96.14318318288827,70.41507263124059,113.7738970662977,109.79415070333948
96.82575985384128,73.02896948971299,112.4087437243917,108.0869741853779
95.36968993217116,70.58726533925238,111.84867680884763,106.02596896853053
95.99935728641361,72.77996598985088,110.58934210036274,105.07135811456382
97.94983796418988,71.7433932831654,110.08433430882346,103.74854996392149
96.60698618459867,72.51428227588876,109.40296043280989,102.20677197847479
96.95496269986008,71.56199999048587,108.70700740228708,100.7793815854513
98.7850937149727,73.73448431016777,108.3451530072483,99.73282058127397
97.31956651767887,74.13577396956825,108.00009069571215,98.930241262473
98.88253642711281,74.54318011548204,108.1321136176829,98.1154289706454
97.37158638870719,74.60320223851156,107.90697866411107,97.99538472458639
99.09107339429997,73.33252976215562,107.70962221224357,97.29511211798018
97.43452102530986,75.3167180877426,107.79534758316144,96.55411483386855
96.09871705356846,75.4905982340579,107.25007126711766,96.20635454123797
97.92036775085353,75.53058927704986,106.8096278205004,96.12637245525406
96.32050089733497,75.70043930772601,106.81462628911345,95.78667239390175
97.69534074676766,75.92575419174149,107.25433636752652,95.33604262587079
96.08780369186967,75.99731962071316,107.2803913183109,95.19291176792746
97.49270188181112,75.77782018034674,107.65773007995585,95.63191064866028
96.241623141603,75.56941739266107,106.95987659627647,96.04871622403164
97.68278600788028,74.0843700042571,107.27338194918211,95.82297991537938
97.91293064736988,75.9153045083356,106.81309267020293,95.3582077626975
96.460337536954,74.19453636843545,106.53575675048825,95.61722190195135
97.97898994429967,77.47972333136065,106.68080232547189,95.41154875545091
97.89521403550276,75.74833445342169,106.8483541430657,95.69300706187138
96.24991244011994,73.96320529554586,106.95053927998994,96.07484732378164
97.58643158398809,74.25336767051283,107.47360413740705,95.4945225738477
97.49955131450756,72.73051677005544,107.6473646763681,95.34526795733763
95.87441441736385,75.93976597109535,107.7023720577644,95.31730238104001
98.92409920515593,75.77660785419454,107.99434766878444,95.64361861484166
97.66399402254143,75.41773911821615,107.30913582728847,96.36135608679842
97.55786736593761,75.38840873287617,107.5213891404961,96.42001685747839
97.631436972771,73.65382362141266,107.37424992682932,96.67870116991472
99.32042384731031,75.40544967597177,107.20860471977598,96.38777760282176
97.7529901164761,73.64267375119354,107.13836224622945,96.70821951716329
97.65773884937138,75.26609602516484,107.32886478043888,96.67050664539389
97.78018885201779,73.5397364451925,107.08396477514609,96.91173366168809
97.91137739793021,74.99455039488167,106.82158768332124,97.2136377919455
101.34634038277522,73.02720368466922,106.37618654026448,97.93606879905376
97.77089231894945,76.18548781365303,107.09342382876243,98.05315938023982
99.44614197655906,74.04050671434734,106.97279505860598,99.11325103378837
99.8532065614325,73.73437016779303,106.15866588885912,99.72552412689701
100.18407764496924,71.66662978785736,105.49692372178563,100.61912989606938
100.21166561151243,73.32448289543485,105.44174778869925,100.54911854420644
100.08739860087172,71.53364694404047,105.69028180998065,100.88706856038316
98.39367215220841,74.72615346989116,105.82476794009966,101.00798904309703
101.65210025641645,72.88445985213387,105.8218876276419,101.43438833063243
98.21645530522281,76.03806298746179,106.16578649002344,101.65457309998234
96.55146870241084,72.18773825731407,106.22319090097628,102.81008497093556
94.75186775838536,73.74771633848115,106.53063988217698,102.98188171545164
93.00519981794395,74.71303558933785,106.72468430195111,104.3505346748469
93.04882755832061,75.04621973450398,106.6374288211978,107.0081330133396
92.62134052599886,79.60596756852145,107.4924028858413,111.34662042761838
89.86366541497163,82.90100921645652,109.56160290262423,115.09498774756275
89.81218608145372,82.37329879382538,109.66456156966005,119.68803936147415
87.85769670286786,85.46722365308513,109.96255076866136,124.33315831746594
85.87342957979052,84.70972187869528,110.2431243077101,129.53612257335155
83.843136516783,84.48285478216182,110.5307163337135,133.7628508664301
81.81575365242955,82.64468115013322,110.742690863912,137.4391981304873
79.3510644692659,78.35139963949837,111.7693500689907,138.22032282925994
77.25412645051122,76.54142503927537,112.03189403822377,137.9089399614296
75.32561575603395,74.6563233547476,111.95811669751623,137.7483446008231
71.4330070862222,74.95869580073872,111.88905749713746,137.14359970884084
71.01052258711691,76.30442032107442,112.73402649534805,138.36888006189218
71.00915445334243,79.26742018554019,112.73676276289702,140.34132327805648
69.40064685096824,77.88137580012568,111.97422782752756,143.1134120488855
70.07687817628107,78.78895598514481,110.6217651769019,145.30789013207078
71.02143899855031,77.88617289489662,108.73264353236343,147.11345631256717
71.94260868223859,77.01770287136814,106.89030416498687,148.8503963596241
70.33094440621288,77.98498077278327,106.09979517332954,150.9296781005026
70.47869494689817,76.32410529883956,105.80429409195894,150.2191419541631
70.6049441736116,72.30360481253267,105.5517956385321,150.22680485625906
71.04147529364809,72.5274701977561,104.67873339845912,149.7790740858122
71.67505996052904,74.24319722404657,103.4115640646972,150.33906309731404
75.888718398902,72.06310069334677,102.94215201487013,150.72030374525423
75.98565265044665,68.35885309690657,102.74828351178084,150.17493896852184
77.98499739151656,66.89157399382104,102.71509203376357,149.14399917057037
81.85436935616869,69.05810502960182,102.87514947062725,148.7603377820928
87.96704136513753,54.42524497311649,102.48858127199257,150.402247650023
77.55690368967657,64.89066288183471,103.48574376974743,149.29452468575363
81.33824765983616,68.91954410464037,103.8518888284782,149.16559523919224
89.34328805934325,67.22288024694336,103.71588805017689,148.59040294940803
79.42260207025119,69.51414730453206,103.76933457742379,147.96545392441806
88.12300971023765,69.20170193382238,102.16461345050311,148.59034466583742
92.49878203149544,64.72571034750118,101.2769496486622,149.67844699780517
86.76803007970264,70.93586806647755,100.9375506566422,149.059034455458
90.73451095808227,65.0411241506409,100.84194439323069,149.0924890471097
93.07715161853693,72.42659322300713,100.07425906657367,149.99193487938652
82.6232845760853,67.37300208501547,101.39006252097579,148.34395877706916
88.65006105653174,67.62960515626412,101.08271731684552,147.83075263457187
92.60303834394787,65.46846420553413,100.98191489273806,148.2504584606694
96.55122573458902,67.74535606925133,100.90000449996792,147.6039069274911
88.67829752940084,64.29145226910993,101.06133900366214,146.7194535744328
92.82918901559395,65.49374801894726,100.5304815132338,148.20032481573708
96.94865154816439,69.73451944282101,100.08954598771177,147.51677150760844
87.33545410057971,60.376749683283805,99.90899928802277,146.82536943182447
93.60772807705723,59.75348526327022,98.96838981597539,148.07189827185164
97.86304054212258,69.45259173633974,98.20004015000815,148.02937348612124
90.0982873248839,63.956313243571344,98.29863771783859,147.44874882167284
98.7374019404734,61.2350898356857,96.42296158643575,149.04055736250007
100.56275511240767,63.453849831756315,96.61555535333855,148.44633748113017
94.43300364505566,66.06719947027608,97.36225078212755,147.05724070606232
97.41332493988051,60.98899232663561,99.05997741811531,145.72610115488703
101.22156289730947,67.02150085338937,99.11819393676285,145.17312275163772
105.28926104081424,57.24142340484329,98.64275305274434,145.58338914125227
97.92753995427816,64.50548396773672,98.05307594513958,146.36838729614232
87.56190924251385,62.160737970414615,99.63278543080747,147.2275689032144
107.22357109462753,66.48091484218396,99.00405072835858,146.3261329600314
97.31667019500529,59.06551360659506,99.59056787321953,145.77510770770238
103.47654844722412,60.42008733943055,98.81143857712166,146.91283597814464
107.12061654849661,59.34519631639402,99.22548945235653,149.0626180242177
111.52405564128243,66.5291574770726,98.19922577647534,150.2559247222414
103.2846055876791,62.73953927861905,99.11352655485007,150.05286145473252
109.36382895018545,52.928610708616674,98.66505878216442,150.15808700752552
112.92183782820516,58.58370634534795,99.34392369445173,150.5402197365531
116.74029082970523,66.61139986971045,99.53597981818247,150.1427569412898
102.6113362562323,62.781425451396444,100.41195512393095,149.97929610900428
106.09752102976576,55.452769586097915,101.2871978987097,148.9413831959101
113.47225798824155,63.851588662878484,102.22853181993482,147.83455288052565
103.47955733207334,60.063379970289475,102.60596289062926,147.5677821690469
111.33108375159752,64.42522015757535,102.59813002424656,146.69171178080796
99.20748605892865,60.34698169657895,103.3826762642082,147.02730565434206
119.64190262316696,48.941076078659094,101.79845765696203,150.19680962956656
113.41817945131424,55.025743321346596,102.39563710572202,149.877742039137
118.52596712725367,53.75063350149897,100.09041696953066,152.42796167883225
110.72231196060946,61.04947122115513,99.87670252617562,153.6513110161634
115.92022058309809,61.29496184874422,101.39103871844436,153.1603297609852
117.98647024775428,54.925075438969614,101.24644298856306,153.9363917822412
105.84656629207987,55.14559266533759,101.54332781315135,153.49535732950525
124.6354496374187,49.426895102975976,99.92479770630138,152.94634025961923
116.2314935577185,55.41226660323227,100.89160018721095,152.8564295179748
119.18430535816262,49.69181701259164,98.96100486611391,156.34727213967363
121.7064533913922,49.018296750371704,97.91183945819395,157.6943126641135
109.02656563618055,49.77732623413853,99.2855655213063,156.17625369657986
112.18648877284062,52.99922387734554,100.9617256588304,153.73046161558796
115.77385575194819,55.40515181074963,101.76563362135484,152.90792670914954
108.27034998307697,48.15948092706071,100.81128829096915,155.42825082543126
108.27820725800595,54.094521565096,100.79557374111118,155.5950292013894
108.00065692682841,52.382327053599994,101.35067440346627,155.00489328488868
105.49063606066196,56.395124502565665,102.35578698403158,155.0091566904925
102.82222474861831,52.78900206744342,103.66087918009998,154.15794070469917
100.66930876407523,51.200293487532534,103.92608861826561,153.2947353336004
98.24606305263512,51.80614665228164,104.74055385630112,152.0830290041022
96.1396175663358,49.59588878696293,104.92619481266298,152.47629471850286
94.26391373866178,51.63572174262973,104.64134824415349,152.4328830310268
94.24161120856013,51.6498499694828,104.6859533043568,152.40462657732064
94.44477578475065,51.38622925459879,104.27962415197578,152.93186800708867
92.64164101829431,51.21621163570373,103.85347525291986,153.27190324487879
94.40765643780887,56.53738745277721,104.35192272450381,154.72098654257104
92.2755362595617,56.437130275096635,104.55559761911927,154.9215008979322
90.09923402931659,57.944345695529265,104.84123876362462,155.9740333730518
89.50053266736626,56.001735097585424,106.0386414875253,155.77170850042904
88.92043706981906,50.530235752423735,107.19883268261968,154.4016312948441
90.08052675572657,51.317530284832074,108.9815452530865,152.82704223002742
89.4514732647487,50.990264463607545,110.23965223504224,149.37308389501806
86.84603464877556,49.1866730955318,111.37376843581231,144.82674456881708
88.21499221894473,54.232109955644546,112.66189929972808,142.78796285709979
86.06152129596578,56.054951642514226,112.95300859602493,143.15811203302147
87.90705872956455,61.13792467531073,113.28816118679546,145.07084834133275
85.8242520742077,57.209139012591805,113.39283248272872,148.86747765199016
87.7625253908213,62.44916763703351,113.63691282348091,150.7493013250448
85.51702574569912,59.302508864379675,113.97461733781293,152.88932409444013
85.29245032614335,56.63376254559084,114.42376817692447,154.03542039602175
87.10878392648596,56.39874223918949,115.00728357633729,154.50546100882445
86.89699904340046,55.99576755109618,115.43085334250827,155.31141038501107
86.76577877507307,55.87306834144644,115.69329387916305,155.55680880431055
86.65812014017514,55.45094609545407,115.9086111489589,156.4010532962953
88.78386652026798,57.30717637588751,115.93359032943764,156.96506467609282
86.70548490617125,57.02034040211541,115.80489835690805,157.53873662363702
88.7366137848911,56.8660781832654,116.0347033707043,157.84726106133704
86.49560794805959,56.71214010887897,116.21619728954839,158.1551372101099
90.56022290374486,58.860935544869676,116.70330881310194,158.16571705559056
88.56088301967975,56.66818436820776,116.38567180607681,158.23490263375902
90.9196763049007,60.78161875662441,115.98024653161875,158.63235644889343
90.69343143307319,58.394659239057106,116.4327362752738,159.09472786274367
92.81511783515913,58.40547155277652,116.51535580955874,159.07310323530484
92.75695706090377,58.30886262045098,116.63167735806944,159.26632109995592
92.65041440697519,60.32927458832893,116.84476266592664,159.55735892454265
94.64883197899954,58.185120319207556,117.1877044656976,159.5058905189657
94.59919519242078,60.161765086152855,117.28697803885512,159.89722111194806
94.50747472803283,57.94370488415919,117.47041896763103,159.9811493610738
96.39526445122165,55.84894897809332,118.0513149714221,159.81418572303681
96.69710005823896,58.41714742850169,117.44764375738748,159.04124985774286
96.49671544485348,58.21162813389347,117.84841298415844,159.4522884469593
98.56195508245028,58.33105795527257,118.07256935492923,159.2134288042011
96.57379574063886,58.35819903319579,117.69421184955368,159.15914664835466
98.68666792700583,60.87540974872745,117.81612071013295,158.47237845060457
98.84827737269859,58.69280086864231,117.49290181874743,158.4983890320578
101.12277258902083,62.861377562592324,117.27822141709407,158.82985570613997
100.67338662718464,58.825395916018635,118.17699334076643,158.23015515751064
102.4710911468793,56.02492040742402,118.9230126319984,155.1482495134573
106.50768600337554,55.80863072057126,119.46311742497814,151.27418163417676
104.31569578611112,55.89847666073689,119.59088244907275,146.83827434341129
110.74151507301053,51.865244878269806,119.30998130941744,142.33400047420196
112.58074063372129,52.10511784889704,119.74791762182105,137.73786709912235
114.72802376573786,52.277160128750964,119.50577060379155,133.34136329341086
116.73646370010238,52.43283237898824,119.46924478406993,129.04966474392893
117.02768106164493,52.26421660701079,118.88681006098481,125.47393976011249
121.0036821338162,53.91288236574899,118.63051037343685,122.17660824263608
124.81847143870144,53.5984632488894,118.58520234946315,119.01331118345686
123.43414453972618,56.845252804520086,117.6121487913314,116.26143942827778
127.2216889221252,54.577356852943424,117.40312658117028,113.43116477679422
125.81440218348287,57.35174715905241,116.58264890861565,111.51743531441554
127.75388354441108,56.89002165444785,116.29559207587526,108.84898043450863
126.16195639121243,58.04912945643166,115.93434742941301,106.53076483054102
128.15242183192794,57.532534256957206,115.45602159718096,104.06135018029096
128.55822657143784,57.08996702857384,114.64441211816117,101.49068266488723
130.599288876985,57.92671570929808,113.96441359418354,99.81718530343875
129.14894154270914,58.58031022652476,113.50031234407703,98.50999626898539
132.38691646033934,59.16578806213941,113.69767840737671,97.33904059775608
132.24566957599654,59.80177871620049,113.98017217606227,96.06705928963393
132.23921638424576,60.3326720028075,113.99307855956387,95.00527271641991
134.13972428203064,60.78317220686541,113.47997782194996,94.10427230830409
136.29235483258077,59.58984756355225,112.4401980324927,93.22544028328743
135.67145172451671,61.30703035602265,110.44671104832446,93.02636789864292
136.36806850148872,61.50201503635337,109.05347749438047,92.63639853798148
138.3397253490825,61.99064356845655,108.28375069492404,91.65914147377512
138.43145360723514,62.11944884007113,108.10029417861878,91.40153093054596
138.69723710655998,62.30202499128711,107.56872717996909,91.036378628114
137.35247329497972,62.44804542566043,107.13332555312984,90.74433775936735
139.0530158832143,62.63126643841288,106.84575085922317,90.37789573386246
139.11093379550687,62.73695854173013,106.72991503463804,90.16651152722795
138.95643066939465,62.850546634510756,107.03892128686252,89.9393353416667
137.53548877002373,62.82680803538822,106.78170873413634,89.98681253991178
140.68144772207145,64.22061582425592,106.6815782808225,90.29509068756721
139.07181450326507,64.17969086783145,106.80153454160688,90.37694060041612
140.44373252717173,62.819695177690704,107.16017697747716,89.994453497014
139.08976964738147,62.86844430527462,106.76624887559662,89.89695524184617
137.67414610839919,62.975298108869524,106.50328737142208,89.68324763465637
137.6671144190413,62.90539803542934,106.51735075013785,89.82304778153673
137.6593834485952,62.74232817056272,106.53281269103003,90.14918751126997
136.38260714610112,64.22327436855544,105.99169865813607,90.28196175316666
135.03544670110304,63.887293544385784,105.59757196421526,90.95392340150596
133.6142000759167,63.72295489049727,105.34691444593031,91.28260070928299
130.51444559787421,63.585194404332285,105.35732961619189,91.55812168161296
128.67770811686609,63.38702440450147,105.93167798599704,91.9544616812746
126.8078387836832,63.16067913587993,106.55704349898025,92.40715221851767
125.60549334021754,61.687065749709475,105.83042151460316,92.22306611955014
125.5720667478399,61.917514407270005,105.89727469935843,91.76216880442908
125.44900861189177,62.05955309898539,106.14339097125469,91.47809142099831
124.04015357426857,62.160867037431224,105.85109477372215,91.27546354410664
123.10814804332497,62.18233156921729,104.61287282587699,91.23253448053451
124.63377522757293,62.26629664646004,104.643998053017,91.06460432604901
124.52165212946423,60.54077897487667,104.86824424923441,91.43546975082043
123.1489628268052,62.12422530794657,104.5240357328345,91.35816420639863
121.43869866658352,61.98218451565836,104.86154746071695,91.64224579097504
121.32053030144576,60.404460034988695,105.09788419099249,91.70489790419056
121.05307328963553,60.538432532748025,105.63279821461293,91.4369529086719
118.21300832748247,62.09029257413969,105.11003410442349,91.43467984313635
116.30570059891781,60.51632010500294,105.8313308447402,91.48930606459722
113.2692925087922,60.356343756559994,105.69342924079073,91.80925876148311
111.2169695217747,58.513496779065356,106.6897185926727,92.38659609431933
109.29893568211868,58.059854370233815,107.39274976986465,93.29388091198241
106.06190909625656,55.833467187869985,107.54986495056778,94.58818628119951
102.75978827964562,53.34149293707874,107.79082683698186,96.3904949093781
101.27962670576835,52.51779291759156,107.53694935531479,98.03789494835247
101.37802098816191,54.86595427684506,107.34016079052768,99.81464219194811
99.76874943312185,56.722987082307604,107.29696174646189,102.62406088931483
99.27412146182749,57.11074214261448,108.28621768905062,105.1541888745681
100.38074368664948,61.82681697280388,109.43414901191971,109.16674230424172
101.73294465190689,58.62920024216003,110.17228015900358,112.11944268793074
103.1639690897058,64.1605688997227,110.81085476084557,115.05919928256466
101.01925902506754,62.50208992768519,111.54342346429374,118.37615722663969
100.86076122127844,60.07048458541432,111.86041907187195,119.61898684893396
98.75053387092566,63.97010198491725,112.43604073565217,122.75425116070403
98.33834755952846,69.43545884504073,113.26041335844658,126.63510911543356
95.86497485724544,69.1404409899954,114.43074465558396,131.0015589329529
95.5272734371921,67.45592407322978,115.10614749569066,134.37059276648412
