118.5,57.5,82,98
116.4783263241184,55.23129489853658,82.21150271642604,98.70556556758963
115.15341295915005,54.929680268586154,82.0152034347435,99.30879482749049
116.5456401574552,54.9370175065698,82.08299645685193,99.29412035152319
114.94944758269406,53.30119554088959,82.42226580496492,99.71264848147435
115.11539584756434,56.045889439095355,82.09036927522435,99.95332754635119
116.49247816877678,54.567422458621174,82.19958204131969,100.04688409877939
114.64950204232923,54.36640699090951,83.01895377606428,100.44891503420271
117.3527218791807,54.441371981396216,83.38450670164853,100.2989850532293
116.65535546906005,52.87689829478096,84.77923952188985,100.53834671893867
114.98946053818995,52.66597507263957,85.19528144122052,100.96019316322145
116.20072234743607,52.69730133719935,85.70171081074338,100.89754063410189
116.16035956285904,54.15749207803458,85.78243637989745,100.91329304231107
114.54668582936029,52.85368548283332,86.07210856528559,100.5832309511042
113.52009222729481,54.55666107935281,85.1880631841578,100.11451234332395
114.75772717083058,53.001757162120455,85.62857629793307,100.30853717694185
113.33821432099013,53.16237183578981,85.54174086535792,99.98730782960314
113.27508041454855,53.283057994676284,85.66800867824108,99.7459355118302
113.3466158673341,51.9062073856457,85.52493777266999,99.58183697952182
111.87142229568872,51.94319728209358,85.56235967901489,99.50785718662607
113.4433001192069,52.25747134554868,85.33102634319891,98.87930905971587
112.12836755665171,52.11036088363948,85.06190347929748,99.17352998353427
111.76299411998055,52.22267825246646,85.79265035263981,98.94889524588031
110.43562963751263,52.201867037917495,85.53990854100297,98.99051767497824
110.77346486706136,50.51827519530037,84.8642380819055,99.45364101482359
109.59224568786317,54.779364264955525,84.32630679837251,99.63257180130141
109.95383629238975,51.70364780804671,83.60312558931935,99.99504045420409
110.23518835517328,56.04486631635693,83.0404214637523,99.977885548947
110.26830919131093,52.869333357555846,82.97417979147698,100.5707698314788
109.14767326510001,53.92374489510971,82.3283027685562,101.34909563171371
109.47160395034425,54.09594949547729,81.68044139806771,101.00468643097854
108.28301822424304,54.04487993775597,81.18470833773901,101.10682554642118
108.54782436713651,53.98880292496362,80.65509605195206,101.21897957200588
108.77294456296654,55.59400298423766,80.204855660292,100.86815751615973
107.56984128083926,54.375060808203415,79.7641642467553,100.45914389043693
106.40954011672969,53.17720457603985,79.25128605107835,100.02137583086802
105.03763705516702,53.26936242703066,79.1766415810117,99.8370601288864
105.10138172623444,53.51033022884161,79.04915223887687,99.3551245252645
104.97327800888246,55.01119149181565,79.30535967358082,99.15836482259604
104.84296995193573,56.632840295545336,79.56597578747429,98.72116870908113
106.10539029572149,58.270153856266205,79.84475248716439,98.25015897490101
104.86629754257041,57.281649659692,79.52204056407162,97.42626993865453
103.79315024600889,58.90873385216716,78.88531603760086,96.95512067329801
103.23646692056111,58.94613126363291,79.99868268849642,96.88032585036652
101.79812718319897,57.6890790249844,80.09303945396566,96.61210761840847
100.52351280030274,56.419783914222506,79.8625515525228,96.37098117269696
100.63076693869569,57.577964985395646,79.64804327573691,96.82690448062702
98.99722791062241,56.1886739819264,80.13928211288751,96.82964726856957
98.94188828180273,54.925319820857126,80.24996137052686,96.57254368022106
97.93740029689496,56.09012917440558,79.47729857936586,97.02456373410068
99.3998881985397,57.69839442173405,79.32844349481852,96.58415395818585
100.59169488763355,56.57879305187429,79.71177323531359,96.05641357922259
102.93846260793833,55.21457213414682,80.54825664565392,96.0198459892026
102.72453816398956,56.37477532853548,80.97610553355145,96.47736969607399
102.58527656177426,54.797642470802735,81.25462873798205,96.83975931196942
102.46231932021757,55.87217963666817,81.50054322109541,97.49263495715975
102.474957247085,54.72558095393474,81.47526736736057,96.96985613514184
102.67329795163232,54.76709047557498,81.07858595826593,96.88683709186135
102.49170123803319,53.58642536939046,81.44177938546422,96.44832777398751
102.61536879795949,52.12659375723615,81.1944442656116,96.56906508624323
104.16005934373536,50.43751187002756,80.90186969796486,97.15042233675541
104.56176106448233,50.52249235263674,80.09846625647091,96.98046137153706
109.81817581125567,54.95738197380952,80.72753474696688,96.4671056172235
109.4282705406682,52.24765506964988,81.50734528814182,96.3111328799452
116.05287439279553,52.03851239122677,82.24745689930961,96.72941823679143
114.41848429502107,50.28264536816056,82.70001128887276,97.42492647693805
117.45900670191796,48.75688290149953,82.28745175664915,97.64220876947503
118.87794855481272,47.37683480771625,82.28052543247554,97.57134757542568
118.61752396684733,45.95102114631188,82.8013746084063,97.59322216951894
122.63886246745498,50.65895668609008,83.27411123541972,96.69276471819126
120.95780123771486,47.88529802438644,83.80407987435368,96.57577440050589
120.96340788171162,50.925427296872634,83.79286658636018,96.17320978468338
125.30230920982854,51.134881614173715,83.61236717207777,95.75430115008122
123.97936576716508,51.25859164274496,83.43520054828818,95.50688109293873
122.509227624928,51.50258880008654,83.55909484639012,95.01888677825556
124.02557370800561,57.236597518850886,83.33720634234751,94.79408398917735
122.7365237890571,54.4651787832582,83.11153992126393,94.72938894240157
121.2929853678536,54.50072644577284,83.19946663202145,94.6582936173723
121.24690592194052,54.83310093653166,83.29162552384761,93.99354463585466
119.80996224225429,54.45633247678796,83.37489243695003,91.95646110907202
121.07470027769287,54.03023757736098,83.60571310185678,90.04835417214207
119.91511641730636,54.192390903858424,83.19064166347034,86.9898083599877
118.11099158661894,55.884685268678005,84.1190511995575,83.60521963034854
116.62405966347922,56.18097155930581,84.45159104487237,80.37132304812839
116.2960777654409,56.50291649730097,85.107554840949,77.13199557383018
116.49415102383507,59.108918826776836,84.71140832416066,74.47417255331352
118.00752584850058,58.72373692530293,84.19022190201716,72.73897312907386
116.85031482060724,60.19198332373368,84.03496349480687,72.27216079520934
116.06273956236252,64.47920273865455,83.15032763761499,73.53686746009295
116.39070859538893,63.8601669771389,82.4943895715622,77.24129251298422
116.61392627015782,65.11626202185735,82.0479542220244,82.274649809455
116.56259163669073,62.81438750914656,82.15062348895859,84.2906419067114
116.6546116371002,62.13434234908091,81.96658348813963,85.6507322268427
116.94811900163643,60.10535916420392,81.3795687590672,87.0692152354928
117.219434618964,58.316682540074325,80.83693752441204,87.99421005720257
115.96643166969238,56.22114980719801,80.68478254159844,89.5271146415984
115.89791440947137,57.14112372646672,80.82181706204048,90.36676473603313
116.07521281747424,55.38281247832305,80.46722024603474,91.18855188965297
114.80159398688434,55.25112437959362,80.3125359045676,91.45192808711184
116.37162581259994,56.495716445205645,79.87600198164769,91.66627368439907
116.52391773230505,56.225573317655446,79.57141814223745,92.20655993949947
116.280196818143,54.79150639780312,80.05885997056156,92.37135887488998
116.59040204145771,54.81597846048355,79.43844952393214,92.32241474952912
117.88763971060636,54.875236856565024,79.54696657567584,92.20389795736617
119.37438558628006,54.57933740746969,79.27637613381665,92.79569685555684
119.52022553487225,54.39151713734063,78.98469623663227,93.17133739581496
121.08901265575857,54.18483645747801,78.55593835735758,93.58469875554019
123.88141913584747,54.08156059336876,78.38770958376261,93.79125048375869
122.08380262346131,54.03110257438617,79.27417695306633,93.89216652172388
120.62770985663306,54.01312385229771,79.4617636535769,93.9281239659008
123.33122369042214,55.3965586704614,79.51108090756074,93.8894267903544
121.82462076720418,54.15340588800182,79.79591805643298,93.6473636577099
120.13119935540237,54.08730054726135,80.45354903989143,93.77957433919084
121.50815418811641,54.24190760713426,80.44146100438338,93.47036021944503
119.88764136958378,54.186424476874606,80.94563989919766,93.58132647996433
118.39974369599126,54.26090002922719,81.17478049797634,93.43237537525917
122.57316371602121,57.31486483148326,81.07201419713586,92.82049493022663
120.97696557706956,54.63312940313176,81.52750870608895,92.71016224902928
119.53363079486091,54.771843681456225,81.67169111509756,92.43273369238035
118.17313209936373,53.406660345989835,81.6521961413531,92.42260799857434
117.2797826366382,53.51507894182488,80.69887167459844,92.20577080690424
117.50884847723063,53.646369277988995,80.24073999341357,91.94319013457601
116.34203642658252,53.66161456466487,79.86437225153645,91.91269956122426
117.74557202135209,56.29902494649516,79.76078778051132,92.04485223459174
117.69387326622184,54.85959506941247,79.86418529077181,92.21984086380384
117.59149864564334,56.43067818286256,80.06893453192882,91.78591240369094
117.7241569102809,54.93800665805796,79.80361800265369,92.06645292270173
117.90894928252906,55.20241168334806,79.43403325815737,91.53764287212152
117.77566156011099,54.583845968601935,79.70060870299352,90.0839942055182
117.47204696939383,53.29701584097991,80.30783788442785,87.31260853125704
117.04467254165661,53.79831639534985,81.16258673990227,83.67089164757154
119.21515177195322,55.35932129822363,82.01308362244376,80.54888184182398
119.76021587485528,56.12288416477855,83.48296040783326,76.4617511175205
118.01115734333752,57.76157773084991,84.46286991192393,73.18436398537779
116.72816613340228,58.27858547495846,84.54780761067902,69.6693037760453
116.74300922110837,59.585992071583654,84.51812143526683,67.05449058279491
116.99226117312872,59.322542813411474,84.01961753122612,65.19838293852092
118.43158948395195,58.67740866842963,83.48617285793708,64.1434392801272
118.27477418109741,59.174476776824434,83.79980346364616,63.149303063337584
118.34460843882893,58.500272091158465,83.66013494818313,62.189272901370664
118.41830048703116,59.92666132321953,83.51275085177866,61.627105047089074
118.28213330835061,60.26791240140318,83.78508520913977,60.94460289072177
115.7815785391536,59.60628708957488,84.24199273582502,59.99575250852399
119.93143237818472,60.492174110620546,84.99597770544284,60.48740162835266
119.10306710403808,60.312815587481296,84.36977342041932,60.84611867463116
118.04861261831468,59.669243928524445,84.19933150951692,59.853911110195654
116.06814863276489,60.539408199244,83.63937710903038,60.37402375454961
117.88726562221171,61.54648445376214,84.52217675281793,60.62038805685394
117.04965140576473,61.72201911065457,83.91945690742232,60.26931874306908
119.0864818390543,62.006640894395666,84.37187681448006,59.70007517558689
117.08950607863022,61.41264954924047,83.84479334790483,58.6275403721856
120.23856788492415,60.819207451917,84.25123570500318,57.579569243603814
117.69776817432268,60.522472993531586,84.88551376616567,55.949377480354414
118.31124567898249,63.00116001468417,85.86469675118234,55.404279426721885
118.39385347441139,63.42750505090916,85.69948116032455,54.551589354271904
117.57997678841471,63.9005067360378,85.13221568191783,53.60558598401462
118.38958371198066,63.35701686577934,85.68370078025323,52.52186677906425
115.9353197132588,63.80931452772098,86.27073798983085,51.61727145518098
117.4649046188995,62.81026269834268,85.36582103567477,51.461122256812295
116.19045207694913,62.160401567152704,85.77657312034684,50.62269151996359
116.64580454060177,64.53987827963185,86.99597854001378,50.12395878894974
116.08394940992977,63.72919564335065,85.97992646317586,49.605561723330226
117.92094804069828,64.10689203317011,86.53774507815257,48.85016894369129
116.73963648167,63.20434862090452,86.78902761584196,48.54391518785535
116.57235308610967,65.4719759098144,87.12359440696265,48.22834948450082
115.71364203292441,64.38103877632336,86.73160671536156,48.30081395351129
114.58620449356005,65.49170288985263,86.88162773552028,48.18433978502283
115.94188437756864,65.46251029271298,86.27535308722969,48.24272497930211
116.08837629012689,64.54925524810929,85.9823692621132,47.97211440168898
116.64392531811482,65.60988371024231,86.95945120546466,47.939037476750244
117.04760022951044,66.81356674830164,86.15210138267344,47.633721221232236
116.0489892035734,66.07438169647504,86.06440479927024,47.027172689608136
114.72077021485322,67.9134788498537,86.64757441007845,47.49551511611506
115.63495496708595,69.09306734636755,86.9090789024865,47.22621211996087
115.20458275536129,67.7934023574891,85.68069432179391,47.7364130935759
117.38361593784424,68.62342080959884,85.48203844072367,48.156081431304244
118.59110758665643,67.99498471875839,85.15096902899464,49.41295361298514
118.4458631367115,69.50464568054451,83.3411080800878,50.5943313870063
118.00595466266049,67.2792204132453,82.12752562500187,52.95178251841675
117.16819912020117,68.34100730591399,81.6882447365296,55.057792679861095
117.32349669222552,68.26409979271475,81.37764959248092,57.35485540455217
116.57115974752918,68.98875394261911,80.70576354084007,60.25866698681048
120.34662402966126,67.4862252474049,79.79703371233073,63.2637243772389
118.57094918551971,68.58554585140385,78.85006159663385,67.812565875211
118.6334646996502,68.80158985888745,78.72503056837286,71.99650175279419
118.65762067673307,66.62599980408555,78.67671861420712,76.347681862398
118.61974817755589,64.89616252757143,78.75246361256148,79.80735641542623
119.5321538085685,63.24473830894409,79.42464357502536,83.11020485268091
117.9903828254202,60.81905657436822,79.94874614616764,85.40212892667836
118.3104443940659,59.77303965049918,79.30862300887625,87.49416277441644
118.61253799618791,59.07880452761829,78.70443580463224,88.88263302017822
118.83451769668346,57.17498800274249,78.26047640364114,90.05231676369006
119.78947970939174,58.158934215253005,78.9995208156327,90.73339277607714
118.55772592337418,57.746320185846685,78.79166640453147,91.55862083488978
118.66020759856633,56.04345940637752,78.58670305414716,92.28354487713884
118.3993283705359,55.71848631484751,79.10846151020803,92.93349106019886
118.03240152437908,57.08261656939034,79.84231520252165,92.91236482962904
118.08064029399291,56.932739425912814,79.745837663294,93.21211911658409
118.12109307149228,56.78224012349598,79.66493210829528,93.51311772141776
118.11636816935501,55.38931723371263,79.67438191256981,93.57393085269385
118.02475701060726,55.347931121723484,79.8576042300653,93.65670307667214
119.31245832818047,56.898210752956466,80.01254927460258,93.2864914938899
118.107106763079,55.45723260280047,79.69613581498385,93.44133120438023
117.90393539110948,55.416464988281234,80.10247855892287,93.5228664334187
117.96539248614411,55.30089414166348,79.97956436885362,93.75400812665421
116.24352743112523,55.14277004043842,80.68948336555835,94.07025632910432
114.82745340616273,56.525947103864894,80.77152704434177,94.05400657339297
116.33569049444785,55.11662450208364,80.50622365497874,94.1214809897483
114.92132475803153,55.279474304416716,80.58700298576221,93.79578138508215
114.93488253951304,53.91836664940435,80.55988742279919,93.77378133030106
116.64227186490336,56.6736878244868,79.88854857972613,93.75001859555137
119.34430639442536,55.37149285811446,79.94905252418992,93.62212202654216
117.88405839122282,54.235458882901085,80.13826529778294,93.16290674415683
121.56463256653426,54.303204091994075,80.95879105644221,93.02741632597085
120.08197626061313,54.2339512218675,81.18581181400569,93.165922066224
124.25556390246444,57.04842608936769,81.0708635792127,93.02512369716338
124.42843718383921,54.65540588144069,80.72511701646317,92.33105852356995
122.78757061501648,54.73171521702665,81.28308866259523,92.17843985239804
126.84765694214454,56.416883485384595,81.35390640798154,91.5384334488963
126.06591452297144,56.44115852091063,80.19585846831997,91.48988337784422
124.9248494648193,55.40198213619421,79.77573902272232,90.86598658537515
124.53157008053348,55.32626396655896,80.56229779129396,91.01742292464566
124.47132170156755,55.247706326236106,80.68279454922583,91.17453820529137
125.89890629229352,55.194109963658555,80.5327789125798,91.28173093044647
125.02431114496504,55.183094121799606,79.5775529770327,91.30376261416437
124.9143896459409,53.830643319665036,79.79739597508099,91.31920435158945
125.04275623495846,55.12639214547902,79.54066279704587,91.42092871525875
124.80320188717312,53.702834189759045,80.01977149261656,91.57736172702894
125.09416895908002,53.6741252060092,79.43783734880273,91.63477969452863
123.95312515804773,53.770014119577425,79.02758035230862,91.44300186739218
126.38552405568345,55.158154016807245,79.52837365576755,91.34951762229772
125.09396496886475,54.1101961355003,79.42211168810559,90.75605324361226
123.71250550997185,52.6854504337889,79.50654583321287,90.92705987435656
122.51374704754602,53.941962485842595,79.22157583219808,91.09652269611558
122.42031340792298,53.98487478895509,79.40844311144419,91.0106980898906
122.28800127015298,54.028950364751836,79.67306738698417,90.9225469382971
123.27833982869754,52.60480944079643,80.37747470988329,91.08574434621966
121.7605512776772,53.96330279584611,80.7141604074899,91.0676490405544
121.4860809362531,52.69783810079538,81.26310109033807,90.89458174346734
120.48195668626383,51.237770421596466,80.56126589469899,91.1046334062475
120.61238953386808,51.17224984974678,80.30040019949047,91.23567454994688
119.3764548321053,50.9378177841276,80.07228671583178,91.70453868118523
120.83618151961583,52.24415358176767,79.85642915444933,91.79546289954372
119.76252858811955,49.21063101806007,79.30219076435986,92.45941952079482
120.18948749304974,50.22855049058311,78.44827295449949,93.12650310821842
120.5705094905764,48.89238422139388,77.68622895944618,93.09934369719474
119.78781701205565,50.102539579063844,76.56481693933289,93.36582995900957
119.22464082940219,49.92264601959671,75.01836803319097,93.72561707794384
118.61412962328815,48.538073212265424,73.5860905094087,93.84146275659607
117.9065321772401,49.96870480723033,72.36945924586863,93.61202572230242
118.33569951059762,51.10303778835158,71.51112457915357,93.95188423743481
116.34222782392825,49.60520182437803,70.2986307186642,94.34783754846785
118.19050435050698,50.519252653074574,69.18801129644989,95.10566952201793
116.30551848172115,49.388190275378406,67.799500731411,94.788553126105
115.71639277820103,50.419093139325604,66.42614465877644,95.27835487788546
114.90807695506894,49.53958958819424,65.50640279814137,94.500988473249
116.82586914601256,50.925040257267845,64.18025593241072,94.23952465125835
116.03599152157992,49.90541624638364,63.276464381864514,93.7952258736153
115.17768455346811,50.33444268295469,62.531208788241614,92.9371730004732
114.51701284672039,51.5667492631961,61.41596543588226,92.90914660584514
116.12936561106252,50.37923601655283,60.608892301219,92.8665407051107
115.35008377362179,50.8778306832518,59.763903437339785,91.86935137171275
115.48855498874937,52.24471057637588,59.486961007084616,91.51009782315495
115.58960305393735,52.56834218966611,59.284864876708674,90.86283459657449
116.76200380437562,52.8267072607611,59.29148441058671,90.34610445438452
115.603051126209,53.85686850030274,59.26561332141839,90.6295584208028
116.94897243082629,52.90860521037583,58.9213706159363,90.17848509690414
115.92433631566414,54.21761191429509,58.63554827258021,89.89556626274603
115.90985057248851,51.78525718900591,58.66451975893145,90.10810412030575
115.8066452974719,54.968706748780534,58.87093030896466,90.73047642272516
114.3849672002398,52.88717896348687,59.371753016989985,90.2084650204347
116.56028115263052,53.92542101751104,59.70721812428725,90.4750274184257
117.4300870445273,52.68802369638435,60.32024009303111,90.59718830814163
118.35168154724674,52.549074115603986,60.84171630468299,90.87508746970235
118.05222999817082,52.17308356758757,61.44061940283483,91.62706856573519
122.1949060506164,52.28444032078575,62.75033736774265,91.40435505933883
120.35004561964519,52.25667900853591,64.02293258614311,91.4598776838385
122.91774206394862,51.99192914418195,66.20453627313474,91.98937741254642
120.45291515720427,52.01492181559633,68.65123437109776,91.94339206971766
119.38459889387741,51.91074653836754,70.78786689775147,92.15174262417524
118.73253780586357,50.63459910664233,72.09198907377916,92.14357935958617
120.85542733438204,50.267410907034986,73.00933661243718,92.87795575880085
118.36065116063172,53.46235430414634,75.3911793116711,91.70348826111156
118.16556425350669,52.047862671876004,75.78135312592116,91.9041960693171
117.55049671393756,50.90706159002298,77.01148820505941,91.54813426201622
118.63609695430435,53.924117891732564,77.49230101282666,90.8180482355987
118.39512338611436,53.801348928158994,77.97424814920662,91.06358616274584
118.08914659972207,53.78455648487551,78.58620172199122,91.0971710493128
118.01806498815242,52.45174274746595,78.72836494513054,91.09243588835999
120.67004913151433,54.08572573823762,78.76953808586815,90.49704062054737
118.23568165394406,54.00214801768455,78.31024211625117,90.66419606165351
122.20753252018835,53.84627315334913,78.34424897953892,90.97594579032435
120.79674881150638,53.61878554936652,78.50121231236153,91.43092099828957
119.3546287800522,53.44875027634013,78.71129308148528,91.77099154434235
119.14774569566764,56.177896935603286,79.1250592502544,91.67827885195942
121.7329457090093,54.89632181636451,79.33065840541543,91.55342949951479
120.45541106264783,57.98471939833664,79.19636122312957,90.75536728558816
118.82181864381253,56.687574210687295,79.78868891004626,90.67480051013298
116.59767653406931,55.22568396345909,78.87078206268434,90.9154854711652
115.47573122301478,56.5798583395235,78.44255572527823,90.87925367855155
114.51227365370646,56.57662012844906,77.70478446480328,90.88573010070043
113.11867419156738,56.6015496465467,77.83904403074513,90.83587106450514
111.78204903697136,56.513097486899355,77.85796853161578,91.01277538379983
111.8510826612923,56.571033056409426,77.7199012829739,90.89690424477969
110.5690035413305,56.67983587590187,77.63070460285181,90.6792986057948
113.46068678166422,56.657002026365646,77.14445633134525,90.72496630486725
113.21644274002813,55.462757134501345,77.63294441461744,90.47200672188822
112.01438862466924,56.66547299466147,77.39166157370732,90.7119660731959
114.76453054648317,56.7781404950324,77.1818230990142,90.48663107245403
114.67785416480152,56.81541351635303,77.35517586237751,90.41208502981277
113.41596532037033,56.70260760757895,77.23895056828333,90.63769684736094
112.14747468802138,56.490119400164225,77.13431104854035,91.06267326219039
110.8145769003117,57.68434365626095,77.15360667408581,91.3207246998708
108.33156947460905,57.45602875723067,76.81803569207781,91.77735449793136
106.94966865507884,58.79751469841055,76.92940595175409,91.74681399495574
105.96267679226327,57.483525855522885,76.24963477191119,91.72103677525703
103.41858906325179,59.01333944442036,76.05300873462394,91.30381034511718
101.87144266063441,60.554349883532254,76.51449826468631,90.85459274206573
100.31287601941428,59.30566245560632,76.9983175467942,90.71865359758523
98.82523537569206,59.42956530263305,77.33459708854414,90.47084790353176
97.2925446874061,61.0519872690147,77.7593980998291,89.86658433605544
93.98084359032829,59.91824548005866,79.10668571214117,89.49601062304575
92.65577195662146,61.48842789313253,79.10292892673607,89.00954584971676
90.94917943838007,62.93305958790895,79.8698228425031,88.7665735808797
90.97463642284785,61.706697711678146,79.81890887356754,88.56453016048474
87.9360975253353,61.953306040569785,80.59435989995269,88.07131350270146
87.49230058771059,62.326796764090176,81.4819537752021,87.32433205566068
84.49845832933048,61.19789289945877,82.15370102012811,86.9241711490064
82.82437429490332,64.20939484854028,82.83949040081069,86.22592462718687
82.44894986644883,63.14139705943496,83.59033925771968,85.69960625428628
80.90829706269008,63.53615602572895,84.00571320491757,84.9100883216983
83.30753949666972,65.26530902894498,84.52739199908555,84.11186414632988
83.51595095184837,65.47312659469604,84.11056908872824,83.69622901482776
83.48689570211837,65.4837410651252,84.16867958818824,83.67500007396944
83.47186874880138,64.48406046826926,84.19873349482222,83.03115657233828
83.73059166970543,65.97175672606465,83.68128765301412,82.68928958557656
82.68020710863333,66.00557979051148,83.16205932825557,82.6216434566829
82.95483576791324,66.18871405765357,82.61280200969573,82.25537492239872
81.86728998916708,66.41181894199843,82.19154584953051,81.80916515370899
80.67344658680506,65.37927507996667,81.99654604702103,81.29156627053898
80.99794585886877,65.4429661625456,81.34754750289359,81.16418410538114
79.95857107262607,67.98571767164431,80.86705761479698,81.19716000834777
79.80674870105483,66.89128188491216,81.17070235793945,80.83384050186702
79.92483871878198,67.0610709151908,80.93452232248514,80.49426244130976
80.07643318721442,67.10782652609967,80.63133338562028,80.40075121949202
80.18200802976232,65.97376768689719,80.42018370052449,80.13293120760211
80.3854184231551,67.23316753382971,80.01336291373892,80.14252601241638
80.37097033104604,66.09199488887114,80.04225909795706,79.90273152429944
81.69448525933983,66.14016381378539,79.91404775172686,79.80639367447095
83.22698754046519,67.63434249552762,79.36432558878528,79.33331871029564
81.99445960824343,66.44245743363683,79.33020596438153,79.21791334522992
84.83307639771377,66.10797402610658,78.64661362538179,79.88688016029046
83.246948794518,65.12217683204527,79.32229747905384,79.3619031956936
87.11497020817816,67.94687456931196,79.08314596381732,78.71043526254942
84.3644854044212,66.79048012150568,79.61424246321072,78.53828760410173
85.49902817075784,66.92388664061488,79.83573354569992,78.27147456588334
86.7551134107462,66.9665577091888,79.81340989358009,78.18613242873548
82.87185136364704,65.88591693243964,80.1154876567371,77.85926520522003
86.48509970883867,68.49083089452482,80.35217481711992,77.62489318156037
83.86000610431628,67.0924892347792,80.62689171152991,77.93384134373423
83.8765894890776,65.81204863230309,80.59372494200727,77.99779317089525
86.62902182804471,65.57593367353948,80.08370141465792,78.47002308842248
88.03852363442778,64.21049041757296,79.76157451986343,78.70403288238387
89.28982906745483,63.90714560384186,79.75447113717814,79.31072250984606
92.14621421022663,62.51392565691727,79.05162333682202,79.5922011611015
97.43591188227037,64.7151932996417,78.4655252680617,80.18631451331622
97.79464404785043,61.865922445472265,77.7480609369016,80.88802136387466
104.29816101935867,60.543569048269404,77.23144536134913,81.03464448478758
105.69218373382756,60.99693095562829,76.93559938720237,80.12792067006981
109.66443625953829,62.44266056556566,76.41103493467641,79.70977498316023
110.89040549475257,62.61174537661588,76.41755468664638,79.37160536105979
110.709109601352,61.516454974595895,76.78014647344753,79.10892383270361
110.10231629404609,60.146920970340176,77.99373308805934,79.39311433511682
112.59751118544928,65.19959591168222,77.96036037981256,79.2017986015519
113.628474023892,62.720843403874206,78.37341002886998,79.20935296528218
117.46090572239916,61.40920931803135,78.15337538842941,79.3510115514433
119.76981321898606,61.24934886419175,78.49629263489135,79.6707324591225
120.46375329801624,62.31021638744121,79.5992146030861,80.03979953887871
125.6435503194154,63.66347539627386,79.29561187660624,79.84727935029302
129.1403714669046,62.72657523616648,79.82052007845755,79.21489617156453
129.97477768009577,65.52810804093875,80.65619785624325,78.62081097035605
132.54479758379028,63.1057122419015,80.53265434931622,78.44910626796857
132.02334381511753,64.51866283514886,81.57556188666173,78.12680110222269
132.05326676067574,63.31622469205381,81.51571599554526,78.01682615612
130.64681322669244,63.38807990918422,81.81645062892733,77.87311572185918
128.1657767214674,63.084518440813014,81.74931438208691,78.48023865860159
125.05946730746992,64.25704020084268,80.39242695753941,78.65836388938973
121.98640651217727,62.53531070993845,79.02444960589936,79.59712322378972
118.56245130656157,62.43050030282364,78.37843965234045,79.80674403801935
111.14136166866149,63.60435041789828,78.27413972134383,79.95012367566953
105.27936999032562,62.11119941943534,77.53969439434411,80.44473993586112
100.49644281757794,63.54317335464337,77.15419397586479,80.06863075643872
95.48930225910728,62.45334563703974,77.26510051143626,79.77244254630351
90.6282851975331,63.68909110459327,77.09532116754637,79.77390497795601
86.86148158025932,62.3884425692174,77.2180539682436,79.90491057075761
86.00710628301303,62.72862100688145,76.45251761529035,79.22455369542952
83.82880608475679,63.96898455015808,75.90609750101468,79.1953368642703
82.67855727949346,66.20111299944622,75.7641901548613,79.61588987905414
81.59463371028119,65.0062384458534,75.4852948577681,79.55889655072201
80.32066792881977,68.51436435599672,75.59179630728312,79.86693507065876
80.5665875108269,67.33107805191798,75.09995714326887,79.7855701227145
78.08102529754845,66.13922465191123,75.19335534789344,79.73041381176185
79.4056112618895,67.459874975838,74.98366624402092,79.5285959887179
78.58433815258222,69.92955795255213,74.1932116694299,79.45523162170079
77.63565024731601,67.53253944698957,73.67128172410395,79.41065712110918
81.04592535152555,68.2875369992574,71.67136265807139,80.31097758776679
81.71699852804603,68.32872702711532,70.32921630503043,80.22859753205094
80.86416873780203,68.4712897881469,69.66516833249734,79.94347200998777
83.76530206037131,68.6031586702909,68.57220397787842,79.6797342456998
83.18034319988016,68.04599562926673,67.40908429660192,80.79406032774813
84.9761281120316,71.60067296186884,66.14904139190581,80.67928642136418
85.49062478909187,70.78879740194307,65.12004803778525,79.99361270459053
86.04772985685845,69.09024289666107,64.0058379022521,81.10847013384627
85.14306220754906,67.48758160791718,63.533879778009364,82.03249928847252
86.64756558365241,67.48010428075018,62.81262468879907,82.0474539428065
86.73670260888221,67.32287215288783,62.63435063833947,82.36191819853121
85.69546980449798,67.2778017112409,62.43870012437141,82.45205908182506
85.56107317387742,67.2284548199145,62.707493385612494,82.55075286447786
85.50832786029768,66.94656616706239,62.81298401277197,83.11453017018209
85.5163352986943,66.07250940327019,62.79696913597874,82.57013912653187
85.3954155456782,67.24757130253448,63.03880864201093,82.5039605178101
85.4762139505385,66.74707183105522,62.87721183229036,81.21807770486252
86.57663532966906,66.9004616831126,62.94098613931135,80.91129800074776
86.73017349342766,69.15374716017567,62.63390981179415,80.92666087497231
86.73392553080592,69.2083234959695,62.62640573703764,80.81750820338466
85.56371239258351,70.38918396989365,62.712418529103466,80.71020073991531
85.04256546822424,70.7586157825348,63.75471237782203,79.971337114633
81.59875826728893,73.39692008864768,66.12273144757033,79.21432383452958
77.6456725519825,71.21924827112801,69.4560029322439,78.99676752362964
80.41262629305976,71.28412075355908,70.93199017032867,78.86702255876749
80.92468548787053,73.62446146135137,72.26608378850736,78.90276515878335
73.76686603767179,72.89831849448352,74.68153184281374,77.97501292330085
78.170463341828,72.99482666180478,75.4899380299102,77.78199658865834
76.19705127834266,73.15309258462514,77.02309837621864,77.4654647430176
74.23846450797556,73.05048895867338,78.50738365264087,77.67067199492112
72.83736964071718,71.80118866474041,78.85008527189088,77.70978446752032
75.52633007464061,74.12938448250759,78.40315122502334,77.98437965296527
71.41927936559566,73.0098435064951,79.22887197985648,77.76066805057133
74.94976729962553,71.92786268907935,79.58464368564806,77.45238049411908
69.68485693400251,72.07764116623592,80.22259637722216,77.15282353980592
73.4440018324895,72.27862687369955,80.13901216353095,76.75085212487865
71.12694052103726,72.17916039557815,79.83200981717177,76.94978508112148
73.76223618214189,73.19153602169973,79.49921917291324,77.39393416785367
71.30167193583614,73.1252955816654,79.4789422464284,77.52641504792234
73.07115257930653,72.88647620426188,78.41245847205697,78.00405380272937
73.40513544652838,72.56274400967527,77.74449273761326,78.6515181919026
75.05619913029096,72.34115415966309,76.90528432105573,79.09469789192694
75.56490319962805,72.29984539124338,75.88787618238158,79.17731542876638
75.82065676887217,73.69877504907103,75.37636904389335,78.82129026896713
77.55016209015966,72.2076584766152,74.34551649051275,79.37536532468442
79.2657045634517,72.16692915470121,73.33490883434118,79.4568239685124
78.59474849764194,72.19661975273272,72.27113484257181,79.39744277244938
80.38160469634431,71.0168470023522,71.08524476331557,79.3691659550619
84.90224359754448,74.20921863641973,69.14935529965592,80.08981102566749
84.3405261236111,71.89125555096325,67.92414647618125,80.02844965389755
84.92685922766525,71.4069395876882,66.75148026807295,80.99708158044766
84.14507670034055,69.86759272608225,65.99100169024489,81.75173167118211
85.91318112707435,69.88042236022102,64.77813804204257,81.72607240290456
87.39232446537521,70.14433653445208,64.12314165299824,81.19824405444245
87.5834042415155,71.24958579913,63.74098210071766,81.27231844987506
88.83547688800274,71.59900317790633,63.51633487769943,80.57348369232241
88.7488351978369,73.0448041171783,63.68961825803112,79.94703452207331
87.79407300416227,73.49355106109329,63.3407732319081,79.04954063424336
88.11437064019832,72.15563237242722,62.70017795983602,79.48642492130388
87.29901604805451,71.66691410706153,62.09563252753715,80.46386145203529
87.43210351652138,70.9661124157212,61.82945759060344,79.62509708430555
86.63084695076819,70.69716125132882,61.20875134331875,80.16299941309032
87.90729604756639,73.1200287651169,60.8771718041344,79.75990169433835
90.46486646664945,75.45773181569899,60.18155231538664,79.50401694259249
85.09280480834312,77.16301462461244,59.95315096093721,80.48246119319043
90.7009908185631,73.4341112123723,59.76512382768594,81.32326108535749
89.6133783600531,73.82327072446412,59.724978270750086,80.54494206117384
87.4386797492667,71.77798887094826,59.668608432454974,80.22973870833765
89.74155817247731,73.8579029251811,59.45718535503708,80.46424436887534
91.07382860635101,72.67799811998295,58.98991435743132,80.62678410913
90.06202296584412,73.7507317272698,58.821448077801364,80.67339445520007
86.53235389559572,74.29037419213935,59.31072507148077,79.59410952546092
89.88128595986801,76.13405852835604,59.157779443712705,80.27001985354525
87.37750499859698,76.83041688375516,59.786518641488684,78.87730314274698
87.61186152231602,77.38214128036202,59.3178055940506,79.9523565068593
81.90579971320722,80.68507610916679,59.79390722794825,79.90810003984177
90.32161158202629,78.26611525612101,60.51687041079289,80.35737501581261
88.1134806373204,77.8922591862225,60.50716306576268,81.10508715560962
86.86452596161244,78.65253346444103,60.78086375542701,81.80874726092412
84.56717508660034,80.43957972397781,60.89677947751083,82.71344076979094
86.71933982127871,83.77005683144655,61.10253926828496,82.8176204450497
105.28685456657986,95.82222198513537,62.38751545276849,81.3132934759579
87.18068682635356,76.66505257770125,62.4703646923604,81.24005315991164
75.77350829439442,60.88552883772719,62.70146865411016,81.1825462968238
76.81819179159704,69.97612932959859,62.87331401858103,81.0910441840901
74.31657351240347,65.68022982309552,63.35132529585101,80.6323926348619
79.79450465930516,71.35444763713704,63.71233093565693,80.60082494038815
81.10083399130636,73.7819029011869,63.36842649899056,80.28342286696056
78.5551168722686,78.57325449190495,63.94324134264936,79.73395847435796
83.12085738402527,78.28155759428657,63.848617180740234,80.31735226959472
82.03773185579577,80.15239092443085,63.74824437868971,81.10893332632519
84.63218559644463,76.43778030168863,63.11356888600612,81.70680658888843
84.75152970598049,77.45200170817662,62.87488066693441,81.95429563766173
85.95444322770578,79.78545755712551,62.74487489561504,81.8390264840264
87.29193055571635,76.24679529035421,62.34184281769018,82.10052328328021
87.42058537081819,72.92349196682504,62.08453318748649,81.9390615376841
89.6608825753267,71.77472820904106,62.12932630438525,81.97389529029417
89.72131936442062,73.54149088456866,62.008452726197376,80.70432607035269
88.58873675443512,72.51008615559498,62.03099910204734,80.52451668417899
88.54674317544213,71.36788736088457,62.11498626003331,80.56867320944436
91.88885697590658,75.04699867351468,62.15760968557362,79.93730161065332
91.6692322576776,73.90562345046293,62.596859122031574,79.98672052731689
90.21790496611914,76.03456280194382,63.25828191505336,80.21130540454539
86.8657460703933,77.84867965602106,65.45176624031944,78.8384884294837
84.50646535641181,75.83684396973445,67.90048633487979,78.3224771352517
86.34090733673268,77.0526764422732,68.83412461044344,78.19207330827687
84.81444191411232,75.88267412591466,69.57285503020898,78.21787751551877
82.5910198073712,76.01534237383187,71.69328180003882,77.95254101968436
84.50778448193634,77.14306758975084,72.57197586394288,78.05320229436359
87.67956941439044,76.01900707419735,73.34337813166431,77.92966594792736
85.18618091179458,74.79924231963281,73.56619727139764,77.98721652432725
87.45743266045449,74.90410659606076,73.79652186998311,77.77748797147136
87.26171130439845,75.11788332623496,74.18796458209519,77.34993451112294
88.7440499847563,77.29758329919468,73.60958094913624,77.76312202071705
88.66883797445058,76.13635768710833,73.76000496974767,77.70197551126218
87.02715896489438,76.2417208636894,74.65833691556963,77.49124915810006
86.61226422390737,77.65215435227063,75.48812639754365,77.06633482016078
85.02648259091896,76.35148855883745,76.25728934318612,77.26526608669282
87.42607146029634,76.58998226781878,76.29344162565047,76.78827866873013
86.96109665910738,75.57174107322419,77.22339122802839,76.41402845399803
89.5037460966891,75.16240641918165,76.97704941475966,77.2326977620831
90.43647403985324,75.19775302814725,77.54009264969477,77.1620045441519
91.4637657403166,74.82245266342068,77.92176092891062,77.91260527360502
93.66999481987365,75.86372581710583,78.4174717819312,78.28414347230208
92.0209769647613,75.50876979302484,79.247765742958,78.99405552046406
95.77724123933281,76.31585870251986,79.21122634734999,79.8718740859857
95.717963987115,76.077021840383,79.32978085178561,80.34954781025941
99.53566919097834,79.76799214778177,79.23823727495389,80.5114740263568
99.59904241951455,78.35890726543175,79.11149081788149,80.81392028235248
103.74670568145623,78.10506701981252,78.37158850302626,81.32160077359094
102.47635565297863,75.31716960318124,78.3975424625913,81.86790341207323
104.77273237733218,76.4287483935541,78.8522237311439,82.16846318995735
103.40825563488256,74.75958037410906,79.0455528159894,82.97117482879372
104.44080749308651,72.98558067782764,79.53170638480918,83.96791693612889
104.02121903483648,75.28042496567863,80.37088330130925,84.52734888798095
106.34316552053531,73.54865198638497,80.92022294587622,85.39427853858598
106.12620264705146,74.51063783725431,81.35414869284392,86.0891959098331
105.84299355892188,73.93744322713815,81.9205668691031,87.23558513006542
106.99532018417887,72.3787425321529,82.2794612636032,87.68943887502184
106.52522896185188,70.83398180462532,83.21964370825717,88.10262372607346
106.13106449345696,70.71457293077643,84.00797264504702,88.34144147377125
107.40186238340355,70.73788619516338,84.18032637310253,88.29481494499734
106.7614944808673,71.98652893135647,82.745111442576,88.51348020821024
109.0694583332571,73.39894049281986,83.52239014720163,88.38526028998608
109.59948462313068,71.90537680881891,82.4623375674545,88.66545136417064
108.34382050549999,74.7387461247713,82.27918265341646,88.38767903086465
112.42101060292205,74.54713545006616,82.18651254375546,88.7709003802749
110.9658318440388,74.80138639735526,82.40512658986631,88.26239848569672
114.03329926808314,75.65482389571585,81.64475538556457,89.242805310869
114.23595090566205,74.60292279549864,81.23945211040675,88.65612991833841
114.19116185072954,76.34849659628432,81.32903022027176,87.83986587495009
116.87244029665247,78.13267254777718,81.29364089449584,86.93509775499933
116.19470357053885,76.6666414852467,80.00021530579767,87.21826083913487
116.7354136405091,79.24902034416708,78.91879516585718,87.31899998484519
121.10429114124999,82.06209146451616,78.03228713601604,86.92702239190749
120.50227791426249,82.78090128632579,76.63947347593073,85.48940274828821
121.98423844186141,86.82439801501756,76.22781194752366,82.50692834448617
122.68804621327784,87.6276622703344,74.82019640469079,80.9003998338525
121.50736860814308,88.82926064288013,74.72972613834895,78.49720308876104
125.28982496908404,91.9060001046844,74.40333387258147,77.1694044692288
123.20717666328535,92.3941849417091,73.79488470739918,76.19303479517939
123.52149470098664,94.42446361889259,73.16624863199662,74.4944164398168
122.2791472742199,96.79443502731226,73.32560219812194,72.07981491038562
122.0905373721054,98.75613814150805,73.70282200235093,70.44623675937697
124.35050075881063,102.37015910172772,73.7227334008197,70.02795209675651
123.35639195079565,102.65812890073127,73.44734764246105,69.45201249874943
126.86392231654888,104.03901415586238,73.18277807097004,68.94040570849236
125.91662548154807,107.78703822179533,72.83946066123298,68.1580908158426
125.03957075432555,112.83773453939592,72.3734422194391,66.93720976559715
126.29019377865467,113.10093960836073,72.06564707823706,66.41079962766752
124.884688601474,110.11292326702974,72.69638060725671,65.84600183430445
124.8986120772916,106.5588138692344,72.6685336556215,66.41091187008118
124.90770979236993,105.39724589682798,72.65033822546485,66.54437462890243
127.04377220420275,103.50011815054998,72.76124420611227,65.95559931714536
126.24228941672717,101.31910348760863,72.18034993193129,65.94990894476372
124.20611916264403,97.64136493090507,71.90323765341861,66.78120687815237
126.20129856547823,95.18938740508493,72.28014801399735,67.31789276354553
124.91215210078242,96.32350164011483,72.66039385620186,67.24771138067283
123.61546678869871,92.60719348913938,73.05089948110322,68.07173268482549
127.08884947231297,92.6806866997,72.77030753477356,70.14680407067054
124.85344628887586,89.48014597811922,72.73997715892115,72.04674877110541
126.68413061515542,93.99069576838855,73.63880727922817,72.14604673629901
123.82151387969436,92.51487861302164,74.77245198267784,72.8018866632966
122.46430235073046,92.00743846372436,75.1629215054743,73.81676696189118
122.0234578799497,93.9135711802866,76.04461044703581,74.69672729277697
120.66800507714566,92.41909257989947,76.38166044339697,75.31182888430433
119.94404971871069,93.13353971915096,77.82957116026694,76.27179360091517
120.80365496892362,90.08236579255829,78.53712280698775,77.52061715980719
120.13019344115752,90.70224871521901,79.88404586251997,78.73844048486727
118.31967158764039,87.63454092513193,81.00711394564455,79.87790481722212
118.52272779638608,91.3029628613539,83.13460826921653,80.14188116796826
118.36261303908844,88.20354283586123,83.45483778381178,81.19837058880373
116.37930851809656,90.68026396481298,84.82854378805081,81.43073440638972
118.76677751475677,89.08914138818038,85.28984509928127,81.99485990737949
117.32413645957313,87.03587513951176,85.54085016716337,83.46711536223157
115.88566813066942,85.88292267497926,85.7562941494138,85.77302029129659
114.50514276180665,85.59996931272059,85.81609584403955,86.33892701581392
113.10996281393244,85.27041357889794,85.89535614323155,86.9980384834592
111.76845126837875,84.51839359059967,85.85566245424036,88.50207846005574
111.84646391556358,85.32696169065476,85.69963715987072,89.63065438439068
114.42008157645282,83.17266891159355,86.0742687422876,91.17830649041542
114.1687080792901,82.87996426295022,86.57701573661303,91.76371578770207
113.9309194059143,84.23646814510747,87.05259308336463,91.85892652523852
113.78455480614781,81.19487361364042,87.34532228289758,92.3076154612361
113.43106736473472,82.51638066751093,88.05229716572379,92.49351164713977
114.49403993791918,81.59079255021447,88.7693780384884,91.50166186259911
114.2574313513774,85.06444195419672,89.24259521157197,90.23202804150979
114.16277607397271,82.4925221074682,89.43190576638136,89.72314517067367
112.50766815502287,86.23406441108652,89.92078315142763,87.8827374691439
113.00635784892337,83.60662142703623,88.92340376362662,87.53760452391548
112.42451821416157,86.6481081014591,87.30819094028232,87.01241536080553
114.09600544047792,85.0748837865113,86.71042189819357,87.41365858015718
117.03236871612087,88.82956077014359,86.32190717232035,85.38851643830526
117.59292512483873,87.88595065292704,85.20079435488464,84.5716455012599
119.22186296663284,87.25823102717528,84.61649581169911,83.1535076123607
119.51408293363632,90.42551088447344,84.03205587769216,82.10299226697808
120.03795919570547,93.61398108263593,82.98430335355386,80.95856362578402
119.83531290285659,94.33227656937021,80.80786778020862,79.52197265231548
120.51590284460366,95.1429354909573,79.44668789671448,77.90065480914129
120.91472757011638,94.61856854065323,78.64903844568902,76.47150770415438
122.50091857965462,96.27275251861982,77.9194395001725,75.6059228217811
123.11488619637421,96.79711063972495,76.69150426673333,74.55720657957087
123.5567486403096,96.13568191601576,75.80777937886253,73.49825385191424
125.981279126609,97.79286152768836,75.66112998361028,72.53510041724229
125.24035266064406,98.18289746882078,74.80931381836811,71.75502853497744
125.82048205080712,98.25433033968022,73.64905503804201,71.61216279325855
126.60386827288855,98.68428848425242,72.08228259387913,70.75224650411417
127.25736507198167,100.24692750712116,70.77528899569289,69.87630674141676
127.55045353171408,97.9111997701486,70.18911207622806,70.11781331776862
126.43782578563048,99.06726478120531,70.20480975949647,70.01524110455401
125.81138089686179,97.96023949597163,69.24951026414502,70.02110240213253
126.82750598465458,98.03953780215136,69.41048966832136,69.86250578977308
125.33985403615026,98.12908722792636,70.19252093417401,69.68340693822306
124.71131643594433,97.9745459291871,71.44959613458589,69.9924895357016
122.81131839818167,96.17311533007263,73.0221873391324,71.36794586295176
122.68561822517776,94.16524482066865,73.27358768514024,73.10986382421595
122.68611164718777,93.41485758790984,73.2726008411202,74.61063828973359
121.26371356095683,91.85370810521334,73.78855093776825,75.40409117931272
120.79918683444023,90.31218553068001,74.71760439080144,76.13768033852234
119.31042331342185,95.6422941061835,75.31948397244807,74.98005302907603
120.18398272657544,92.80099398755081,75.93928547971097,75.92881259920127
119.20913086704878,96.35169174803684,75.49736560839207,76.00228784934579
119.03119885167047,93.33254455220364,75.85322963914872,77.26894623769759
118.16976166177707,96.5994730789568,75.1647569368468,77.96913043045741
118.06101942752235,96.3969937245751,75.38224140535623,78.37408913922084
117.00322070068448,96.57305121080698,75.0765939249857,78.02197416675708
118.32379879627582,99.24436555923671,74.84632725910129,77.50112452049414
118.1073303773467,96.62965438099609,75.27926409695954,77.93238407766037
119.1804041305284,99.58066524568184,75.54580801039143,76.85574518787939
118.16786981469386,99.423147323406,75.17087434633169,77.1707810324311
120.5345181945264,101.01628983809891,75.2356365962182,76.38352550782105
120.3689405936894,103.8326734654033,75.5667917978922,75.52613071889682
120.26056827634201,103.06547326448398,75.78353643258697,74.68111503964906
121.30810758864648,104.49651478590837,76.05796397835562,74.18853816717787
121.28498879846352,107.44296995815976,76.10420155872154,73.02770954240444
123.73273206938153,106.22137678191305,75.9055332103471,73.12248679816707
123.08035055289992,106.35444138629205,74.86350060057013,72.85635758940909
122.9933031107098,107.69591881540752,75.03759548495036,72.49964602479449
121.86453311880231,106.81315281679139,74.97180028524969,71.9418428385111
120.72582291227977,108.24808019274667,74.93574303437667,71.38546575051863
121.91704010798321,105.96270202660662,74.85741006944592,71.34801922984644
120.67702330440201,107.56423591395354,75.03516179683203,70.44723333492888
120.7158272174025,105.32074877360755,74.95755397083106,70.35265459481386
119.80247717186889,108.02428714227455,74.49619160224202,69.52170277679245
122.07011206158313,105.66710115720034,74.49624197851665,69.70075459123774
121.03872728062603,107.13271465507475,74.28850665773967,69.0400324781801
120.80947453470749,106.33399073032335,74.74701214957676,68.38071633989424
119.5058269019205,105.5852087811268,75.10088493249138,67.62485775562801
119.75588075357334,105.68846010479054,74.60077722918572,67.41835510830052
119.8880320247322,105.92155360076437,74.336474686868,66.95216811635285
121.08231363206657,106.08511630015069,74.17216962825793,66.62504271758021
121.14425217443318,104.03609359106419,74.04829254352474,66.29012325840793
120.2633404016504,105.46765860491985,73.60090672215811,65.63620259762877
120.3081288138403,105.80489032069117,73.51132989777832,64.96173916608612
120.16013619229054,107.21583011009123,73.80731514087786,64.31949848233873
119.97737063024283,105.11372312820731,74.17284626497326,64.17582816891405
118.91932495877626,104.3404994386979,74.11164079850703,63.54497873853351
118.70552112337289,104.960146319503,74.53924846931378,62.30568497692333
118.29536945813655,103.94400619926247,75.35955179978646,60.032196423804685
117.946949262835,105.04827907583748,76.05639219038954,57.823650670654686
119.94750484930948,108.16430457947325,76.2621880755407,55.798506721483264
117.40523008945425,106.80394109437067,77.19984861100816,54.37234470744543
117.19056636598378,106.39747143000159,77.6291760579491,53.1210920234609
116.06470241426794,106.62081398823867,77.83090756449242,52.67440690698673
117.73085422259871,107.47111952588004,78.58987157573262,50.973795831703995
117.6658545735473,105.74359628516339,78.7198708738354,50.3713373811791
115.63575928051425,108.55064218855165,78.73878024806245,50.81916739216121
119.10164176634791,107.0225103065177,79.92063233214088,49.81862262835622
115.86987974154601,106.50860587840393,80.29612802893648,48.81708870031439
104.94205241527044,76.49295815804379,79.95252428884031,52.341180959750474
106.47796512728604,70.00869402760695,83.09666954531671,52.87776785960895
108.25977370680448,69.8857471599448,85.91725791667126,53.12366159493324
102.63747131681808,70.53801544377906,88.4644948299068,53.993466993949056
105.20442739811642,69.19173215295737,90.01144020249204,54.45908106386513
104.44392047513875,68.86325491689342,91.53245404844739,55.11603553599301
105.10566450723114,68.60640543421835,92.50052051655896,55.62973450134316
103.13451214944655,67.10463976549859,94.12820161659727,56.31864222325179
107.38104376226927,67.95476992973161,95.03698744874194,56.968844159233285
106.07683355028642,67.80656886338433,95.27045659600074,57.265246291927845
105.88593380947816,66.49816530512943,95.65225607761728,57.49862946558755
107.05976325534665,66.21724260886937,95.69763837850687,58.06047485810768
99.95252845624711,69.36157198157198,95.49300651378041,58.98136684416524
107.2400861452722,68.30949283101629,95.41160845135695,58.66990559267218
110.34000939511668,68.62881293307055,96.43927846845968,58.031265388563654
101.63623213942415,69.45637808632338,96.95068935016207,58.78986988629836
110.20419590209721,68.21330184980654,96.85368018254384,58.84189116537092
101.48826704484823,66.9317142110328,97.25060419820304,58.97150448594143
102.65274687930105,64.47518709204692,97.36330177221468,59.00124423807862
93.89292805055115,68.86069368113148,97.7760824498701,60.00557790553486
104.7822542943068,68.89439507068971,98.19941989216538,59.938175126418386
107.35470072520496,69.02217179995361,97.99865839881096,59.682621667890594
112.64623592049372,70.47007851867964,97.27468211780035,59.25158175783028
107.75623437057268,66.89071263274242,97.26776172215882,59.07012090809201
106.50682540875255,68.0480460735181,97.32300632871103,59.19902734362877
107.71208825304569,68.38193794736321,97.35904706914101,58.53124359593851
109.00010208274442,68.2909651912259,97.21887303552464,58.713189108213165
109.29601795527586,66.98895855828307,96.62704129046176,58.88036884996671
108.26131654729133,66.78651862065556,96.26561152037259,59.28524872522175
106.04161717891287,71.37294295150436,95.84050646174573,59.841407654291714
113.26898571445001,62.90346217258919,95.99722282469068,59.733673539099605
109.95877238868692,66.28911266664856,95.31032261560023,60.269699411597486
105.58691576932284,90.24271679311445,94.31605990571217,61.05237090174687
113.19780768635462,62.803139234807574,93.69040188705598,62.41239802853357
115.94430789659484,67.60725644406479,93.08928919782954,65.03388293815408
110.90711132343608,94.24476002651994,93.24244027717192,63.845396624863106
110.31197905426018,102.46884200041282,91.9697337360737,62.17505915377761
111.13363605900531,100.64446390416465,90.32641972658344,60.99158773104275
109.73928846822972,99.25498078960275,88.37163567451567,61.39881434335709
111.50090122848479,103.08980783118852,87.19741814320098,60.776184227771935
112.37393875236926,101.21370400992384,85.45134309543207,59.886416389826834
113.86645372617113,103.95889761553957,84.74622746437626,58.955857811691274
113.48832759664447,104.28799649573662,83.24858464306534,58.297660051297164
113.81550026681577,105.27781503214132,82.59423930272271,58.53842294533875
114.56335080897018,103.86718471919255,81.09853821841389,59.14520807198936
115.3778151917396,106.45570062288981,79.46960945287506,60.57353955319062
117.22940545336897,107.04441830030619,77.96680812459147,61.59648339333298
118.90115852215615,105.52326039349296,76.81736594711761,62.44473524685897
119.42914764580775,107.43992404693834,75.7613876998144,62.99177205248489
119.76214657430592,104.42829222689942,75.09538984281808,64.64948666663528
118.90099940053284,106.11522920170395,74.6185150763685,65.67395094501755
119.91365335095942,103.11378003582614,74.80141447597416,67.26043467585552
120.99087835105709,103.63227383924023,74.8833708332715,68.45985342652003
119.907571980753,101.74046639909056,74.79317667162456,69.98666140456425
119.8939877458365,100.78974457172598,74.82034514145758,71.88810505929342
120.05374676150802,102.85722628364542,74.50082711011453,72.37364948543141
118.64278220064766,100.05844842838076,75.00983299458048,73.34535872145118
120.80549706822858,98.59073037150571,75.35693420027033,73.94452936477548
120.73005310833506,98.05752843653786,75.50782212005737,75.01093323471116
119.66054602001653,97.50123656947491,75.27646542559322,76.12351696883705
119.5935018653813,95.8825034527297,75.41055373486367,76.97674083998848
119.5646502159046,95.64283432247228,75.46825703381707,77.45607910050332
120.55635871843762,93.06713093712064,75.89304642568118,77.79107307734634
120.46309637302032,96.67140407212004,76.07957111651578,77.84305543822492
122.78354748306619,93.41212283145572,76.28654609372686,79.51374072225077
122.56281720059634,93.34732830803961,76.72800665866654,79.64332976908298
122.21156229955369,92.06334935153419,77.43051646075183,79.7488539455743
120.93669993275509,93.28065512490718,77.50504283181637,79.78944076136098
121.65789799861153,90.8730270246148,78.53965987303577,79.65067061608119
121.68178653770121,92.21459508748308,78.49188279485638,79.458705437154
122.63377945120965,89.54338746219406,79.07529615657461,79.82632231026184
121.39462463556661,93.64427190610584,79.05122508291927,79.13169553726247
121.05810913687586,90.75336120401424,79.72425608030079,79.9313778704823
119.70518502277224,87.91292881696937,79.91584288546385,80.58371979848366
119.54066192124387,90.4219314578986,80.24488908852061,80.62080791140332
119.22487792393441,87.79593874691605,80.87645708313951,80.80616066591324
118.86442627440636,87.67083931301302,81.59736038219563,81.0563595337193
118.88616701706462,85.05987550494442,81.5538788968791,81.15534242580623
117.72079388579021,90.7413866188812,81.32227713892699,80.04171227993616
117.43915328815095,88.08450118060401,81.88555833420553,80.27319279072282
117.27792747561374,86.79717332518746,82.20800995927996,80.2941989406501
118.43368246439478,90.86741946191992,82.45554551673095,79.83084327222446
117.31934490916528,88.10337514771021,82.1286130295741,80.24771670541213
118.71830980473318,93.6804800969704,81.88774790422079,79.32176547002173
118.83038355324966,90.22167893475935,81.66360040718783,78.62341151431049
118.71595848418778,88.80486977797477,81.89245054531158,78.93293842958069
117.66162917424035,88.79647768251178,81.46853308323087,78.9497226205067
120.11200152148017,91.44743057508393,81.62017616775685,78.70020461436805
118.85129679052129,92.44038478633894,81.61695991572944,79.23892190580318
117.68621415724459,89.94831090714655,81.41403089488851,79.15688108939936
118.87837735723173,91.50418329076118,81.55831781511985,78.57374964237566
117.5633569982834,91.6002191003223,81.6667031952745,78.38167802325343
117.66656731751888,92.90616432740643,81.46028255680353,78.2901017859578
117.42219425188657,90.05054180892441,81.94902868806815,78.97008634159066
116.36012000674896,93.25147876706349,81.53912644461695,77.63631389276529
115.21067870081276,90.59290209915278,81.3314975874161,77.9404442904402
117.75594115718363,92.79907863046154,81.25712753365502,78.54424608680334
115.42665523119136,92.51570599143832,80.88276657983559,79.11099136484977
115.53633745593947,92.12346506297362,80.66340213033936,79.89547322177918
114.19356862695659,92.07445545611328,80.82046079239286,79.99349243549986
114.27267187067787,93.30309930937563,80.66225430495031,80.06869955815
114.34712423312051,91.89250299798874,80.51334958006501,80.35870037187586
115.52417586208767,94.32227810075624,80.69266413895834,80.56598579999613
114.22735184427465,91.43966917222266,80.74680607222572,81.25219145234594
115.51260590608226,92.88256724486044,80.72746016033074,80.9175575187906
114.42036848683733,91.90096962123651,80.36634460930259,80.33516237652046
114.47234096646348,93.60012388741012,80.2623996500503,79.46758622574026
113.28299601411157,93.61869213670309,80.12566449171578,79.43044972715431
115.46870490993226,92.02278824695588,80.77962419838646,80.1095687574927
114.34217895363878,91.9391819569218,80.49899352620334,80.27678133756088
114.20391897641065,90.43238793133146,80.77551348065958,80.75846802695983
112.62070691398499,91.31606189090526,81.39809538058515,81.53496233273799
113.6642770306486,90.91258643375491,81.87682984555647,82.3419132470387
112.36383904253162,89.30762877380577,81.89158647616284,82.96570922130937
112.29322371695835,92.27426170353873,82.03281712730939,82.22477157895688
112.24440179952572,89.73851778051403,82.13046096217465,82.12279294733462
112.37227387180626,91.07201526930723,81.87471681761357,82.04246338494137
112.28887276073976,89.8326144179715,82.04151903974656,81.93989250896121
