310.5,102.5,39,50
307.88925919782946,101.24472327811038,39.02479371692578,50.11165748130745
306.3147820293633,100.35975067233804,39.371735138225084,50.48059623503568
304.8742022870566,98.79764330023114,39.42831235407952,50.78022871049055
303.46980358248277,97.38521658884216,39.401525600167574,50.7694979702089
302.02057911064026,96.56261327271201,39.46559034020218,50.99751250064394
300.51676683630103,95.03036171025008,39.629776789440484,51.218577526127625
299.0468926365636,93.54387278256118,39.71398567296032,51.33601586555041
297.5546917687481,92.09512779570785,39.836517288329944,51.371635718995684
296.1166550010822,91.40741923018892,39.8456423457489,51.313578611077126
294.8422326382015,89.98133193341675,39.52901597667108,51.30028210978226
294.2207011671516,89.18766785561921,39.34470244006953,51.46023378667612
293.5694541019328,88.40832357311874,39.22038320804381,51.59210898921369
292.8993073681445,87.76700484554031,39.133880353905006,51.4479501226551
291.4901000682629,86.97812500840965,39.10592219766432,51.60252341891447
290.02800304071104,86.21894864154149,39.17994340785842,51.69578973019596
289.34920675290084,85.61189206011545,39.109819302908235,51.4821862124774
289.5068485812013,84.71233849814578,38.79453564630728,51.8579776947369
288.8439279086685,83.94832006230905,38.696488890361834,51.96212646539921
288.1016332853434,83.32176295316656,38.757209590556286,51.79137213722847
286.69172544701286,82.69919947252365,38.732497731610216,51.614235330710734
285.3212304606979,81.94846701773005,38.63516159238154,51.69653718436863
283.9430817565125,81.89712294511024,38.55381126047034,51.799225329608255
283.31560107351464,81.90662734823923,38.389717606872225,51.78021652335028
281.76919135368024,81.20371847246307,38.65037879306443,51.76995514816433
281.134838033703,81.27100338903031,38.498895335102986,51.63538531502982
280.27036073590835,81.37438125062265,38.81218627314056,51.42862959184516
278.9081796595838,81.38969470189237,38.70127094808624,51.39800268930571
277.4845476401382,81.38748599933868,38.71781550814924,51.40242009441309
276.1233314775031,81.40911882606261,38.60885301041372,51.35915444096524
274.6331267713694,80.67873946093056,38.76274743104241,51.40665567541001
273.1388459684714,80.04144042328869,38.91831666637182,51.264757565460506
270.80311162075446,79.35044145280138,39.33916136776826,51.229880841756
269.46422952062443,80.22064745173083,39.17051008962822,50.91267658309714
267.9298119412395,79.46873029451382,39.4081117986156,51.00089417263988
265.0530006819302,80.97783312277849,39.47839556667284,50.82435789139119
263.55767754442525,79.49358049701101,39.630478570380205,50.954299871623626
262.1824905154346,80.26538851215292,39.53336729728571,50.834426506877634
260.92774573088553,80.41706652137577,39.202196637926384,50.53107048843192
259.5577164126358,80.58126830203192,39.1216472711611,50.20266692711965
258.25554796699925,81.33344295662576,38.918037129438424,50.10229113442983
256.02351632636766,82.8583192699801,39.18472198479885,49.850790791656266
254.77133224458493,82.21071435150803,38.889857056856165,49.746384082846305
253.46854728632206,83.0200820115422,38.7089744994188,49.52087499975947
252.02334570576417,83.76867146905528,38.82570587485153,49.41053197757485
250.59044660179973,84.5142094767397,38.91741352309694,49.30650124204777
249.18309913711283,85.28673813052474,38.95822319300996,49.148386564208074
247.84707386373682,84.42124737802803,38.85990631705526,49.4941843578481
246.17071017675343,83.70666010863525,39.434871387191784,49.534477744718515
245.90266717000227,84.45203805465499,39.97095740069408,49.44255528362325
246.54867516351806,83.11800242929799,40.08505178348012,49.29840579470209
245.80953443074483,82.13509907875562,40.15759044036855,49.85846968712883
247.90201489396213,80.92121009613183,40.219178373940046,49.45521507903901
249.971915079089,79.00744308918213,40.310342067688765,50.46210638360345
251.23076356258431,77.345509737911,40.64714648132003,50.93147170552385
254.9994152413753,74.06820711379336,40.309381497643464,51.726446254634794
254.92021604452862,72.39018608169211,40.46777989133679,52.18930340611854
259.2787100092234,68.65660168860924,40.488260741059506,52.37524820969064
262.7413783879556,62.78317314915939,40.86001962445408,50.987333135044324
266.1122681964458,62.0066088689462,41.33931589274613,49.652031341361635
269.3693590467097,58.860212423410786,41.982328629630885,48.78762979502009
272.0453501182343,57.906683901846485,42.34412029605604,47.83779993341143
274.91396471527986,56.44613633440655,42.28500623250686,47.91983750302039
278.58018590813816,54.423264096308,42.05184212101888,49.125870669526
280.73144648210734,54.00507206845632,42.05368705619111,49.96225472522936
285.16589447689876,52.15473913173419,41.871178816479414,50.76745801538322
287.30028147484495,50.55686745603407,41.973985176731105,51.04881446268745
290.14240481689365,49.12179761240657,42.14246743676307,50.99258967787781
292.891137191825,48.18149759718717,42.50515231192563,51.40815230206029
294.30143696866526,47.551675834276224,42.639127388692856,51.190508512658305
298.8086349046446,45.96433144761561,42.48131418158626,51.41300306436217
301.76234614167026,44.86515574465788,42.48180061131663,50.657400018386774
302.4694869119868,43.21655317236942,42.532864777396505,51.02391374953784
306.28552156243813,41.85261783555103,42.25988207466641,50.808149783905606
309.28789422525034,40.459433756399946,42.11150434668178,50.6663341433879
310.81216237795206,40.43692835472961,41.98199743987111,50.71134494672857
312.2796885038486,38.950051822595576,41.9631822003827,50.76886099869198
314.46835043658996,38.356255470753084,41.96195893358929,50.49775350281386
313.81279803885485,36.36142315409036,41.818557306463696,50.123898868352065
315.90535729287285,34.5200686338454,41.972744085881814,49.467302621387994
315.9896815238444,33.244290192359024,41.80409562393865,49.141277415078974
316.14200719453225,32.61516978921912,41.499444282563005,50.39951822135879
318.61613416834626,31.29398612293143,40.8877804234706,51.59635552442228
317.0622737438367,29.71735260562476,41.08750080073361,51.841622087279504
317.7074002996194,27.9251838635511,41.25824656860998,51.042962933101826
316.1158874419938,27.15946823232114,41.53823416194462,51.12287513460346
316.0288243550406,26.44999827184032,41.71236033585092,51.084537893272895
317.57456901341413,25.654774915458116,41.53987898328901,51.21548062394475
316.1872298702463,25.00002905910873,41.397104918206715,51.066246160934575
314.67063515527326,25.76872147367581,41.52204636186512,50.982985324944295
314.6856672610619,26.372565086877053,41.491982150287896,51.230164247933146
314.00153411254485,27.763145815524858,41.40207185580419,51.36535597367329
312.46131812116863,27.70685675245306,41.56491097766564,51.477934099816885
311.78916277769724,27.68825125636048,41.446060539862025,51.515145092002044
312.524487868703,27.86173989730318,41.437217862154505,51.16816781011664
312.646764738684,29.28527501852448,41.19266412219245,51.23377415447305
311.25124468370234,28.51052730799468,41.07693318951809,51.32988405421379
309.90159521414796,29.331027669234885,40.87026342626886,51.14186768291238
309.9052822690939,31.482331089972792,40.862889316376965,51.17951381084905
308.5592195546888,32.13405814494281,40.660597536630156,51.32326830518754
307.7964943254372,33.239807119968454,40.73991830687497,50.557900043394596
306.97653707261804,33.49941785561227,40.9441517558314,50.03867857210696
307.1120149468264,33.9877205673848,40.67319600741476,49.06207314856191
306.34064232474856,37.65768731459454,40.804332014301295,48.78018584048791
307.6273484792517,39.646560938764104,41.04968225485989,49.03058241649619
305.5330339829187,38.91329068197581,40.98672848512458,49.079928675939
304.99596127438105,39.08906329590181,40.643933642386926,50.145323707899955
305.1974719273444,40.67301686305419,40.240912336460276,51.260796648094846
303.74105844396223,39.42161471191273,40.27702551676234,50.88688716391552
304.36616873044767,39.32586704392956,40.46002434287848,49.64516310079491
305.05535238550766,39.481829237089165,40.4987920256266,49.33323871447571
308.36006268892345,38.89767796399805,40.95420315844423,49.08857491272809
306.9201519813195,38.346715655238405,41.00092615396137,48.77395032040202
309.3200327646041,36.84479412300493,40.43852096784959,48.95288913123067
310.10063007091213,36.17910770517088,40.28346777738853,48.878120544743766
312.1399276062614,36.94133572426331,40.41233580259951,48.756152205195406
315.5069299643319,36.9828765587935,39.28909262492869,50.075760920752586
313.4201958842119,35.848228814402304,39.248295136308386,50.940301193248196
332.103237127667,29.69918017578962,40.149473646262024,51.899950767699096
322.792406053696,31.32028424788976,39.964796624423194,52.99766704729437
322.3929204709662,31.474634127215122,40.76376778988291,54.14934192720484
321.08484474536647,30.263322275576268,40.397971364028024,56.571965630482545
321.3450657383136,31.627381490887586,41.39929525459056,58.4091448292302
321.04619629050626,32.380583405145856,41.99703415020525,60.03488011946109
320.42685716776697,33.35765425950294,43.235712395683855,61.28176288525246
323.43114586898724,39.151605700416425,43.78633289080234,61.172456324153615
323.4519738314216,39.63646347925892,43.744676965933685,60.20274076646863
322.4561586211118,40.81095407244859,44.10447779981143,59.485589166831076
325.17140728098934,42.991406515190135,43.55449377208303,58.378359809365755
325.3913367441289,44.83809035057227,43.11463484580388,57.88697705962994
325.1222516653158,45.44182645507391,43.65280500343012,56.679504850626664
324.45884622234985,46.882951436197516,43.40291241597308,55.373958361768366
324.61104808125447,46.65565905966976,43.098508698163826,54.27586038385068
322.59452369362106,49.996852678730875,42.53877671510428,53.71718082349697
322.05985085691754,49.44188235409723,42.094838150434484,53.313837234687405
320.5554350855569,50.360236966338626,42.10387035646785,52.977027678548595
319.23470642576683,49.8573829158793,41.75555308674484,52.48784848481565
318.0412179535219,50.31361308992208,41.17904954749698,53.05712837859896
316.7598862186927,48.2669884619326,40.779544705007325,52.70712516635584
312.9713363820554,47.74506113144855,41.01048279821477,52.281747511310506
310.76265008061114,47.84878478755745,41.02839768319137,52.07430019909271
310.92370027449,49.930152003635484,40.706297295433764,52.30237237337669
309.9547973861491,47.254908145860625,41.18224838309389,51.80544133284007
306.34387697485124,46.66044098465233,41.09417876605559,51.53239356732986
304.1186911213256,47.85638245132759,41.175444093902385,50.596879427047526
302.60332438946375,47.64215671318057,41.31952111443051,49.58200268174378
301.1460964024924,49.223590320661735,41.37389525752191,49.27921729763271
299.06184993730403,48.81837208558268,41.263637029960584,48.66340338181147
297.03903689218026,48.36534391128649,41.06433891295906,48.15448499465419
295.6904440754177,48.03505841174511,40.95370202425189,47.41114473262082
295.0939932210519,47.822630158424374,40.755960572438454,46.44535807871719
295.12230352409676,46.73764165188279,40.699339966348745,45.87029867808086
294.2744684813516,47.33365854608682,41.032316804448044,44.67826488967278
293.71646979267405,46.89786382947953,40.79884657346212,44.200386714546276
292.6737117582166,46.18713415939145,40.207757413206764,44.283543440137294
292.783677819895,47.38117626129382,39.987825289850015,44.55582839338359
291.98035471560746,46.26316344068326,40.26356132265461,44.13003368306385
290.7714038001586,45.99907592227406,40.02409466813887,44.65820871988226
291.2180226366786,45.44690465125116,40.46393727968733,44.42947097733963
290.6163528770299,45.15751720524557,41.667276798984716,43.67170649314368
289.4595153786134,44.40291674700958,41.29329516212122,43.83707909276741
286.39172515330574,44.16539700121209,40.7264447181195,44.31211858436238
285.31086202313156,43.48449616989416,40.21038633786139,44.335027926694984
284.83926033899746,44.95624188556945,39.82256203099135,44.053591845620744
284.1816227990781,44.9574856014074,39.81737300070362,44.05110441394485
283.5404608918055,44.43493390962369,39.779354169682875,43.77586515194618
282.83461007225225,44.74285189861331,39.87560192884687,43.16002917396694
282.2836901750427,44.43648787591672,39.67004974991649,42.46536524601068
280.9532406634667,47.2223408482044,39.744381134973196,42.0667945776259
279.85945661821836,45.79213721292975,39.35547885182626,42.35073147453146
279.2021269194701,47.04875273830273,39.38364244030039,42.41049204183007
278.14523145438244,48.5762655447798,38.921681183210076,43.21909470977432
279.4748116791968,47.68811373256207,38.84874647386121,43.70228546406988
278.54246676567266,47.59180798852683,38.11452751005545,43.89489695214037
279.7498238540213,46.86613200927964,38.281182799275996,44.055564177675905
279.80041781095485,47.55600043928136,38.1799948854088,43.97167158243851
279.8626412633565,47.46773500723403,38.055547980605546,44.148202446533176
281.82216494842356,48.30491141934081,38.01747471698114,43.76750765782287
281.69178404186727,48.48669112883722,38.278236530093714,43.40394823883006
283.77686253835964,48.562346541106784,37.9651804278888,43.25263741429093
284.3539436061808,49.22446055116135,38.0893612578574,43.20675235979276
285.0178303665806,49.60258794562619,38.041207228985684,43.73011706279108
286.5135750958192,49.56785842167737,37.623633879149914,45.086534165009425
286.5615607959032,48.325884096768235,37.527662478981945,44.96809058128704
289.8207986317657,48.447524677682026,37.49830706780146,44.724809419459454
290.5700730804491,49.13834299841088,37.29335953925425,44.636774146821324
292.56783758744893,49.82320479647593,37.16465658979568,44.55599257220494
293.7004339052107,50.510020087287714,37.47070935443578,44.4679846906632
295.5458837377429,50.05316393517699,37.647398688222495,44.09250066193427
298.87516208898467,52.56167627527492,37.42005072504607,44.22044297318403
300.28067460719063,52.59451504809127,37.17814873110876,44.154765427551325
301.6371893487975,53.21247627525669,37.024428673012224,44.1984976857791
303.5876357334954,53.2268617126386,36.95709563109825,44.16972681101528
305.42231836673164,53.76965686494013,37.11670488585889,44.36046134682328
307.6811204656691,53.778600587609255,36.44461054617521,44.34257390148504
310.4140285836313,55.11574450744165,36.06166744845597,44.20972263092285
312.243135294256,55.24946182717494,36.190915688954505,43.94228799145626
311.4463387360124,56.25352593208805,36.52404543588516,43.194623151186526
312.62730117516315,55.99055648036886,36.67074628099893,42.46624919291723
316.20364102151,58.76345222030299,36.99056337641039,41.90212223845241
317.3386730428357,59.35247598745687,37.20410419918568,41.96587713685796
319.1882944283322,61.26254067720454,37.24348377106075,41.88437010023068
320.37338791659505,60.647455670015226,37.36444081907052,41.868968102341555
321.54379355584126,60.29018397879814,37.51816155279879,41.33624547866537
322.4093291567407,64.39636760043541,37.02852806710501,40.572504532020744
324.4178771409004,63.20599798047245,36.67666668036562,40.50975405089331
325.65755473960513,63.46090130019311,36.62763032114581,39.999947411452
326.54992918271495,65.88347811063136,36.049322755735396,39.98055907381214
327.29902245618655,65.78638138772958,35.74805697716123,40.17475251961571
328.9602765015101,67.85684160627639,36.01092873900536,40.81433855251053
330.6117382022256,67.38392603389713,36.33577150301674,40.55091430878829
329.7054043466125,69.62489894801601,36.93808024343373,40.91040436378701
328.099792685504,69.33411777812051,37.69818092526979,41.491966703577994
329.727062214869,71.3775821994758,38.18383520278262,42.39196230919138
329.7797772111046,73.42410552200637,38.078405210311416,43.372825666109385
329.02664310578774,73.15782797605621,38.30265449796079,43.9053807580097
329.0849845323977,73.28311376965392,38.18597164474092,44.94867202198003
327.5136839610719,72.88973332231922,38.712325540971534,45.73543291664946
328.0275585262764,72.23862417786326,39.01331211418544,45.70891550193846
327.21363513946403,72.07635846686745,39.307992627538454,46.03344692393007
329.9203399976305,71.90732261762045,39.26624670234633,47.714434570209235
329.15957710079925,72.09544335973553,39.41961419446133,48.706351387526446
328.3750664849795,72.26309185383873,39.60275273773052,49.756937087690375
330.35444967416066,70.95299327876185,39.85888442053031,50.97216821745677
328.68393762225355,70.20114697246642,40.344446227161534,52.47586083004766
327.07717287194777,69.88083017612078,40.64075049053871,53.11649442273894
326.3376434539324,69.55948187916142,40.6465887719106,53.75919101665764
326.24950563787013,69.40581819789935,40.82286440403519,54.0665183791818
325.4046257131049,67.98054807989874,41.021946305590745,53.93570271923336
325.4557842327515,69.19910097377591,40.919629266297484,54.48246682281908
325.5054915124714,68.24152017851945,40.820214706857726,54.89903359772459
326.1973431339163,69.60839163800586,40.939819343316486,55.1719064374488
323.96163142171775,69.48887458539691,40.88299408867281,55.41094054266668
326.8893341293493,68.472089467941,41.07606510287784,55.93239167021148
325.21798534320084,71.65860578681827,41.37234872884412,55.65218692511815
323.8508848016894,71.58892244801031,41.05894445793048,55.79155360273407
322.2921789522767,71.57424993396326,41.13478271828188,55.82089863082817
321.48934379314096,72.22107972704387,41.21797723050457,56.049714850715745
321.71387520611705,72.14529906311027,40.768914404552376,56.20127617858295
320.0799368184667,71.98473835106299,40.99229655433143,56.52239760267753
318.56012151370453,72.92083174547577,40.970351138856266,56.1809988263518
317.0698418087299,73.65900982310791,40.90041581687498,56.22989003705276
316.30485961468463,73.72544104931424,40.90553903811638,56.09702758464012
315.54340759429795,73.88228843580305,40.90553412449114,55.783332811662476
314.872744772415,74.23236768956998,40.72871361208777,55.08317430412861
313.4163902101328,75.86450664383,40.63220421690703,54.828114915353694
311.92602837814457,75.84546325600888,40.61462649412362,54.866201690995915
310.23072635941094,76.0274386148269,41.00634687345929,54.50225097335988
308.7006546370067,76.97964535264911,41.065862958184496,54.098151177757046
307.1791951348787,76.942694346179,41.118524866460085,54.1720531906973
305.7878982189136,76.86994541901572,40.906888917305494,54.31755104502384
304.2941919287469,78.48858445721571,40.9025514174035,54.072023048859286
302.1101902340383,78.37076888425281,40.79436420156613,54.30765419478507
300.64436825901436,77.46175260472813,40.73823815180193,54.63180175392837
299.24524555765464,78.99413561966742,40.54068196062217,54.5628373179491
297.7352099782641,79.7447548422552,40.57351730300752,54.55521678097139
295.2880790303814,79.01880664796474,40.98566045209414,54.51307358732613
294.7700195777756,81.25467598567796,40.52163899752661,54.54175599123757
292.47498384044434,79.7051221412439,40.632753997132774,54.65489269673487
291.81763651953315,81.20764916089689,40.45092318046949,54.64288957440021
290.38006941843287,81.14957643488819,40.339327022247595,54.759035026417635
288.911475485602,81.03020544998867,40.289911369286145,54.99777699621664
288.17572245986054,80.92312265105578,40.26529945856183,55.21194259408245
287.36281702438293,82.33247337955048,40.39214478920354,55.39117221771977
286.63649409607245,82.25162622578942,40.34102257921996,55.55286652524188
286.6498237375651,82.58502998159894,40.31436329623467,54.88605901362286
285.88363252615534,86.39424051754197,40.351923454512956,54.741749264442795
285.14221668176833,85.56944759194499,40.341509572460396,54.89808954481016
285.08520347903567,87.78868844028369,40.45553597792569,54.9459583381155
286.47932689701787,90.83511391951404,40.66338299389327,54.845295083518764
284.6277176147097,92.8929227506453,41.36675640897887,55.229445145552454
284.4955486583144,95.8581171808792,41.63109432176937,55.368171138546984
286.5830860935142,96.85609521097213,42.02715859477017,54.89592812616123
284.86527266115024,100.97143267139897,42.41682411363314,54.28015656996999
284.7922457300663,103.1862480582062,42.56287797580101,54.410283746933345
286.25480171150485,105.04179278208767,42.68633498794556,53.74776327419192
285.3760755115207,109.21362722843803,42.92763985829671,52.98483202957655
286.01137531652836,110.46770129532877,43.16539550834568,51.98503915585934
285.2971743745061,114.77775509960301,43.09697548059096,50.849041106307496
286.1912449952162,116.43082477510211,42.78703933655099,50.49931195006991
285.1188020443408,118.12304710338738,41.996283741670645,50.05050879013063
283.8777098418053,120.42773179127012,41.58213253038259,49.785642838903435
285.48192670251154,122.68213082545702,41.24852272391992,49.58908064295429
285.71135656024705,124.11956553016077,42.218668139966155,48.14321636506418
288.6992803170773,122.66188346081756,43.35410537533057,46.79180965433567
288.7637196714332,120.53727371372209,44.64458928838168,45.36357866147544
286.7212949304967,121.44625431983383,44.47711829630272,44.96305760723597
293.7981574786178,115.02916590455085,44.408408299593816,45.12072084822191
293.5140781698549,112.83011128005813,43.56667052764739,45.28914092879053
297.4232711054176,110.70532915932321,42.744476593223894,45.3409900082392
302.1191846449789,104.49969334068932,41.67478168766196,45.26906338516616
300.3090136417687,101.26264812398756,41.18841804755165,44.89864440768508
300.20931146385203,95.93434085043006,40.032435443248296,44.712163273707226
300.00664061590754,93.70302331943329,39.103725330761634,45.17264291057381
299.88671227359265,87.94611092266808,38.01725569897239,44.74953085633259
295.21590474452,82.04229547019303,38.2425218914329,44.836141791116724
294.26589512883425,79.73318401845587,37.52795138206791,45.53248008348632
295.2276883321769,73.1038395119838,36.910883887798455,47.032498884687186
293.45126662461576,67.68431530152618,36.50511202505352,47.3152398979565
290.98415547481005,65.36441492476747,36.170301218580946,48.0032658219109
291.15072696458424,57.69660493797633,35.83715823903254,50.115991694649956
290.1361553492431,57.798531239248064,35.16847058413404,51.26105453489686
289.61782952856754,55.01461613228231,34.849938462120356,52.763333458733946
288.0665729542889,49.36426867206026,35.20743591802099,53.08396560855172
287.25741635705845,46.26844295392637,35.44247668083827,53.74252731824445
285.9192415379782,40.20036597674532,35.32467248397554,54.70206593251367
284.355006211955,38.81853259770956,35.63412360129833,54.64671315586168
282.75006717306456,34.588654987616465,36.01631821765603,54.623417991778176
281.7347387515522,33.23166549445568,36.627116808805056,54.49768047434843
280.21865689289984,29.364479991441975,36.803039181379624,55.0914481185503
278.61191186668674,26.402592724815023,37.13657974355328,55.25532367129915
276.966748685098,24.961710406630107,37.53094774435403,55.24112994529231
275.3233959381741,19.509329065923797,37.909039012415754,54.51143572356006
275.18432436664557,19.113519071094384,38.18718215547277,53.85349802275136
274.9648677697512,18.592606861411802,38.62609534926156,53.451121616172514
274.0229826667304,17.305212541177937,39.06453695108546,53.135253048204945
272.38571432192896,16.17272332760968,39.443609715794764,52.504767550447866
272.24996611983954,15.512509635742543,39.71510611997358,52.38084581908846
270.762556897498,14.321563109224464,39.796130619308606,51.86894492677655
270.6960641557807,13.811339457763829,39.92911610274321,51.44898117040714
269.89844998813817,13.968634994951671,40.08818096367345,51.13439009603145
269.9544862249384,13.42207568032898,39.97610849007301,50.79356827899933
268.60753847492873,13.339302671637387,39.81619651388952,50.959114296382516
267.9222535304075,12.706792334323453,39.759929056012695,50.79729762409107
268.56875167309414,12.139161530024861,39.89038020503622,50.50911179829145
268.08937864156775,11.897809093836727,39.427969704188364,50.99181667066772
268.113412894138,13.763384926716512,39.379901199047936,51.52372328026114
266.6076632439661,13.226624967053702,39.534688341213936,51.168887120497885
267.94223552727186,13.208200008578324,39.71646815313636,49.78027484818166
267.91650841390657,15.28613118252094,39.767922379866924,48.43874866036488
267.84701973909716,15.447259354074841,39.906899729485744,46.72908975852379
269.0209771582943,18.37028481900157,40.285561627764636,44.97290393367997
269.1412986552912,18.31325611261265,40.04491863377079,43.74481572646958
269.83798523117275,20.349336965477814,39.97074721209714,42.311057480918315
270.48958012354944,21.485500394136842,39.96320283997735,41.33437603623379
270.4941431333442,24.208126463645527,39.9540768203879,41.010049127551525
272.49923037959604,25.017999054447966,39.768897809862494,40.665302439939445
271.5962277161248,27.130085264872235,39.041581830206184,41.50777263228858
272.3862404822206,27.607275253557898,38.72990142314917,41.82173778005187
272.59232011857387,30.12965427142361,38.31774215044269,43.118460333556925
273.24340605570205,29.996369075461295,38.297472939284425,43.385030725481556
273.3205266607493,31.65355722412483,38.14323172918989,43.92779857903594
274.5725304329419,35.57991415795645,38.22253286742696,43.82501075923949
274.49813684961066,36.93381853999634,38.37132003408946,43.69987003346463
274.4442051975769,38.65091759026398,38.47918333815697,44.1410073748966
274.33543480389346,39.18374289058141,38.69672412552378,44.375698145104636
275.04229168034544,42.31911867518896,38.590473050276145,44.64225996417097
274.5094611916763,43.78389450545524,38.346248795454386,45.64236400011894
275.79145517002524,45.13753311352574,38.425074962743814,45.57790090796534
275.1805397863692,49.097164854753274,38.32522370264458,45.58872958997813
275.7725989614714,49.036181999085585,38.46134671073693,45.710695301313514
275.3517687953761,52.83182332186853,37.97869268560367,46.065298799691526
277.3806358954643,54.6388495780117,37.8869431202947,46.4172309222728
276.7755183980739,56.49879574205474,37.7712534985678,46.67511244370973
276.8334678050838,57.30648080954892,37.655354684548115,46.38775701133709
277.5557177362819,60.81896260692321,37.53258110237438,45.971424817701035
277.622223615139,61.31978722620238,37.39956934466017,46.283119437295674
279.5664738767016,65.97808115745526,37.459008520832455,46.17839087315065
279.65831151690713,68.55074008138806,37.275333240421375,46.294408159905906
279.1203606502719,68.4398242274085,37.03709352017915,46.51623986786504
279.21528524241677,71.43831860858336,36.8472443358894,47.08766044717332
279.8862088908526,72.4511715185256,36.82474487243345,47.70065029412031
