153.5,105.5,26,43
150.00980705178458,98.76427187645432,25.51035933369658,43.60974088207849
149.95733815552364,93.59047391296575,25.615297126218415,43.16598015639749
150.65640545205707,86.92531102520947,25.291480439930783,42.53017314378014
150.25739401096013,81.10707439882358,25.030106244376555,42.51327854132202
149.85357618084743,76.18473263266459,24.783012454511574,42.865397022826265
149.43667313987078,74.61881252833138,24.56104671559723,42.82992176888989
148.3879180244271,72.05548514731996,24.55559506100697,42.6991718172187
144.35411290514128,71.12405585173815,24.22759894038773,42.46312881858461
142.2511744820996,70.17219968570654,24.27193182562746,42.286069170226
137.08977223849902,69.20319552486407,24.209580901222136,42.147046409589656
131.2415940697328,68.41052941928311,24.516566923781966,41.66158401802929
123.32301489389344,66.99267646975673,24.852802234382615,41.39710530886643
116.11948019858791,66.72534509736197,24.767901349411357,40.896627319685784
109.73662402535565,65.30151961669094,24.192246237767396,40.66550117531051
109.14759303006196,64.42416683502583,24.357196179311355,40.39398264055386
111.25404180956401,62.97802691681431,24.19171822056394,40.25069777678438
110.95406589087433,60.244030179793015,23.784737393039894,39.67709526140657
109.93480645511207,58.3693521523367,23.84018889057895,39.46031656834825
105.1899575079149,54.6873900594929,23.437469148433607,38.91030664480411
101.55152211636324,53.73206336635614,23.89447392049363,38.87242688506525
95.64566746748075,51.68262007552303,23.929453311424123,39.04573683111994
88.22712986858467,47.66272709549194,23.99802709116136,39.208988701552855
85.33198306526032,44.10772956982506,24.847550862380075,38.413752016198615
82.81724569648148,43.84628012105617,25.915035200537428,37.94615331388631
80.98928585422364,42.829530156153965,26.5673061221147,37.97722073506511
79.76672301724219,42.792734420167406,26.987489817932598,38.050812207038234
79.57454854623299,43.431682332179335,27.371838759951004,37.79343031416277
82.71945739919332,44.90011526210441,27.21965256268391,37.925380208639396
85.87660578699874,42.69737105609023,27.03997709289449,38.24112108345348
90.63830929408559,48.82335537136593,26.734896384323516,38.280254193705744
93.8831001109744,52.82691140296063,26.364215486596827,38.43167644525091
97.03699915633047,56.26707860416275,26.152261748014883,38.663160453665256
99.51621971913401,62.62940520341904,26.273572892050403,38.12991270229495
102.60168162518444,68.75255749612596,26.16218316482804,38.002676286638085
107.60600027541818,74.3940249803205,26.215145301073463,37.787500698633245
111.64517260389323,74.9118043956021,26.16710727098555,37.75573019642781
117.3730083158623,75.94710936222543,26.741611961479897,37.69014961558655
119.11122909074201,72.38437762260705,27.309188504423982,37.73858143259217
123.62780294526534,67.28389511556966,27.465736595132032,37.7287733358284
128.93837003118512,59.79402619815487,28.10310120294025,37.356012834774646
135.58066756870298,55.13159660192467,28.186071869352133,37.42640343700205
141.01441467582637,50.81617584813225,27.625602292295508,37.811625234834764
143.82943531674425,47.70502447536022,27.132468937930334,37.86963846741415
149.13782925099173,49.08683147040196,26.717260570203386,38.16649832756108
154.2485794612191,47.739854976322,26.673827436299476,37.80703112975574
157.40000017308296,43.170143064665915,26.44091938149281,37.8415548996863
160.41546275796094,43.19290453895307,26.460000625981525,37.796031951111985
163.450580493257,48.839475118380825,26.437534316401482,37.590467587445275
166.0550961231663,49.911929209732385,26.2509204371733,37.45452635697832
168.60575176146097,47.82072368226666,26.146355423399456,36.64019114909433
170.6051279235941,48.4450945537468,26.088826811532705,36.37675533423394
173.62589460412613,45.4740372820647,25.92950657846452,36.4366567496023
181.64246171041802,45.99411549732345,25.554827836006957,36.37515378596769
190.61337243541956,50.80369168071671,25.100846819954707,36.47146832693164
198.251262024957,55.65504900976088,25.273074008228996,36.423757648436535
204.91699657637372,60.37972126110939,25.48840230962185,36.650697005901165
211.81011468269088,66.28543570394561,25.346753681708144,37.50924230604073
218.69130211573207,72.05508508695138,25.377383348141734,37.79251885361431
230.56518854228779,65.78124950922474,26.37927989367756,37.47036192177104
232.2396798023252,79.59804044096391,27.037123335518825,37.88456179170521
238.71563045109775,81.08566125670279,27.329813032480942,37.96576423588298
245.65169435565855,78.06468374177146,27.80573549982762,38.8834155955784
251.80075969691956,82.30041031516723,28.066736789168218,39.831311427683815
253.6282379377309,90.4547932763833,28.672741878021398,39.50115139453611
255.79715245262594,99.20595809835498,28.6157671296776,39.122238876377835
257.28173941162026,103.7899523214217,28.837175823982378,39.52599826712497
257.81142271386733,105.53731330991086,28.851099763726197,39.251147922860525
257.0480984507365,107.5606453878586,29.30840292594306,39.48186522314447
256.0038950959781,110.38876458688405,29.23611861494097,39.227354376390586
254.42498755489612,113.42293448130286,29.168061073811366,38.53546895970898
245.5423390517512,122.05117766408185,28.851427930989466,38.29726979331495
228.77020322718548,130.85848922844713,28.640790419042943,38.6149421564071
211.9922450021374,139.6905869526263,28.39735970422534,38.906649889409195
