125.5,86.5,15,16
126.51057406306103,85.07022471209274,14.907604706601498,15.907048687332155
128.99646529835144,84.19647688386021,14.78788540540599,15.713719076043066
130.47868079497522,84.03847412106515,14.705163843376495,15.549439696430191
131.94740702900359,83.34370601698633,14.626135789461706,15.509763697516867
133.47499726303113,81.94229445504747,14.418135856003722,15.465406286797434
134.4253370289646,82.02630406611975,14.399595164082182,15.297387064652902
135.60792470266895,81.89775995541646,14.372497714845064,15.086859706425173
137.06501253574868,83.31835486782715,14.241678774515245,15.02902660743347
139.63574231942252,83.35305282991786,14.170276484635684,14.959630683252081
142.20336094161667,84.09971865730448,14.080701707268322,14.842388792211803
144.02536921370154,83.4770623308344,14.080223181411071,14.721374688284769
145.8606165026885,83.7201148229904,14.038051593374327,14.688810077714937
147.24193886289356,84.17806261016462,13.989581885514617,14.677639507549966
148.62490947402236,83.47603900597986,13.932159436132673,14.727427329481657
149.55847931620335,83.00450878844451,13.870174282225218,14.767910499325087
151.44968156275135,83.39150584079519,13.695274271285149,14.89579251516274
152.8271979001439,81.74802554072795,13.641164271795208,15.03167666078621
153.51143009445198,81.07268866640837,13.626923998534016,15.028126294070407
155.08922353362317,79.04688197619781,13.62921728415949,15.01960803510429
155.55821404491752,78.15263272398768,13.593295765052577,15.003987532560993
156.93923486265612,77.40452896515046,13.532537597747002,15.14955331614959
157.62570742209434,76.69003391731503,13.514113422121602,15.224022468569428
159.03994193178747,76.00175751551811,13.399856909981919,15.243469018540008
160.16065301077882,74.66286630449656,13.41264649999125,15.216197342992636
161.31476505653163,74.52602286177745,13.357543501222313,15.039260009883526
162.01082691923915,75.17030896689647,13.306412757536757,15.091680781374922
162.4682007320521,75.36867086111064,13.285651306422972,15.141950080202623
162.95700659062163,76.16410148473256,13.202919762524484,15.340849179439914
164.32701524752136,75.06050773723207,13.158059508009682,15.302072458370349
165.71382605221413,74.59097065358493,13.071675869415042,15.345400635400976
166.66937207180263,73.74735166378878,12.9492028263729,15.244019618858408
167.33789258038664,73.99187000228117,12.943021532482353,15.198602849632739
168.4472425509893,73.34346209320394,12.938417409715429,15.166961176724193
168.0260022137408,73.142164689362,12.896385278904734,15.127299581754212
169.09784729950962,72.7823900404844,12.957535751818408,14.964912621728933
168.65342727619256,72.86654810306996,12.967496949182912,14.7965964965578
169.99652681369952,73.5603340194614,12.903253154233694,14.720002303807298
169.8032892691046,74.61600522323475,12.854951617673075,14.782543025013032
170.41737918473424,74.63389380478336,12.931686011097735,14.74676586191583
170.66502443882442,76.17364365089688,12.872042264388288,14.716793499985128
171.69280689311017,75.05866309318505,12.987612205701394,14.341392795547318
171.4850499196868,79.90803537379102,12.972880151954088,14.108060247405
172.55152301582197,79.34111883964181,12.971823068315011,14.389137672250897
171.67366384373662,81.06678377615789,13.004594516115015,14.383701591960149
173.7438916702021,83.482656858249,13.175889147813862,14.294880740870722
172.93587597302357,79.52977119144808,13.061837286344257,14.415277423252759
174.23478886664736,79.90335835507105,13.059486788489433,14.533261525804377
172.16529059635604,78.74769965556939,12.854718452973751,14.672696486758545
166.81039860778617,81.20427666190719,13.166113940035265,14.525470532035525
165.15253668435054,82.62748992098241,13.430141817691293,14.73073998310021
176.50953826269622,78.84983465929058,13.327508583084672,14.748927199122305
177.8619638345543,78.54622548012026,13.27469893061299,14.914138642255562
178.77783378171762,78.220960351773,13.217882909876906,15.120937930552419
179.6629000819235,79.54060878010678,13.231866322129983,15.15781509288221
180.5332784502454,79.25763621028652,13.278406891325785,15.276935906062828
180.5001336995929,80.56373076290673,13.344696392630809,15.361236879307338
181.81999559544616,81.47955196075182,13.41567060203213,15.33672648435574
181.7681854207352,82.41345033502996,13.519290951454055,15.279093419933652
182.83705338326595,83.76913177216043,13.648085660398458,15.287567306479819
184.04398071589958,85.93780378409824,13.51171438848398,15.505190069309746
187.7666900981309,82.3343739106619,13.373326883068678,15.861708010825579
185.0470727985176,85.15428936042431,13.292835944513394,15.741602649082651
186.33747889171974,85.67564043144195,13.452994872477827,15.61255754517026
186.688896223573,85.56641270940943,13.664978748219243,15.373603719511301
187.97527039339255,85.00599616981638,13.83484579589008,15.123129105042437
189.25967741652394,85.73056325222166,14.001541343256275,15.041749737046375
190.73538053259225,83.8867914061676,14.25124434023887,14.613581563144132
179.29882566559343,77.9529820852798,14.396592381325796,14.662764124606165
176.40364114920746,64.97500909699085,14.23786420515291,14.991829816498862
163.7963262055604,72.96458015714241,14.137541975257017,15.122202679862124
176.54443919259262,76.72135570391734,14.441532235492213,14.980141938969277
191.53526640089396,83.17130947381526,14.57529051833533,15.053027562011644
191.34163992909873,80.97670757129596,14.495970939635296,15.243078666435819
192.05550387118004,79.87406355165986,14.4731266805773,15.575188538901845
192.03265756228316,78.47506702846795,14.51881929837107,16.007570376868827
192.2478089235858,77.12358333551427,14.569104176626261,16.30759975847367
192.4397611391365,74.37798339704561,14.671254326341884,16.452199246423753
192.1436175369942,72.76445757744035,14.77360905313699,16.739656020697396
191.5622610625459,71.08448855556857,14.9442612415508,16.627381402751304
191.2824804736154,70.80930975944895,15.0068078600398,16.680724435618547
191.1371557783402,68.77075924814743,15.297457250590256,16.268246021476923
190.3319711322742,71.0698031548743,15.41670980110835,16.640547346736138
189.2172250323237,71.41016593468488,15.62721514312005,16.969315216059595
188.39811616220018,72.35669881622263,15.725765686896406,17.12913904827836
187.25756902952776,73.25721591052934,15.937731708368746,17.397233103537456
186.37323996319805,74.11173659471618,16.13188702822061,17.787528818907163
183.95634101496051,74.7520465128251,16.159640612974588,18.108923753263
181.0339410641136,76.20504181054076,16.070555208682883,18.439597870187423
178.2553014755167,76.2340354147587,16.196366917933066,18.381610661751562
176.44197491565185,77.64489487396767,16.55744109184942,18.281207531511384
173.6258303571924,77.58115029701736,16.70500803478855,18.408696685411996
171.8150213724661,78.74005007288237,17.009772098779642,18.302133070656293
169.19550204319563,80.09719209747217,17.24481183824753,18.367848420961725
167.34755431927204,79.26568016747774,17.576149823259712,18.348593549533106
165.20328493228632,78.6519123435789,17.904709535335847,18.444706608217835
162.96974629421638,77.7253796891254,17.79245914237902,18.58052404121358
162.80430284479436,76.69913118476482,17.550576768420534,18.914713231527127
162.01504585357006,75.74715252609047,17.406622536417178,19.096202334423875
161.4400917799947,75.09424682869725,17.40714334444684,19.252626390089286
160.90318297434,74.73362787448106,17.326688357259172,19.39672799927314
160.28176543082222,74.4248769025503,17.41333988964468,19.436138165809627
159.72453868851494,75.33837738351417,17.367617134232443,19.92948968393551
158.91024910103886,73.25344918417537,17.235167773083113,19.99027949837625
158.24414282876828,72.9302410473014,17.395728355723076,20.050869791173593
157.60148508657883,72.59132594851377,17.502364848525872,20.139360492960805
156.957064808472,72.20750026787476,17.60636677882441,20.31459254128126
156.35684487116214,72.4880225172464,17.613207449713,20.35034764440354
154.88238181833492,73.13228766927705,17.574820257105642,20.256742659646974
153.96610256145206,74.221491646219,17.621183973284367,20.459927769212356
153.07902071154948,73.90521136994582,17.59749015035486,20.49320248084713
151.92560563543793,75.36598037407447,17.50664057795896,20.56876412836361
150.13153600646075,76.83308086998062,17.50001360706321,20.630201660593094
148.57516644199396,76.79125454591092,17.612903816489787,20.713854308732493
146.46885891559575,78.51212670715464,17.60398050553271,20.89057144089092
144.83166193102306,79.07143322165938,17.850070490509125,20.37761920871521
142.16739254126364,81.73297310081693,17.763473063671693,20.469675656756408
140.29030067619115,84.97459178424947,17.90733891440302,20.6053544021498
138.75922680614076,86.80864684400262,17.938852024261525,20.574005838934234
136.01024294744974,89.25302076619101,17.98149975750354,20.534431313793036
135.11998662286783,92.89128224386792,17.943361693451813,20.532511211301184
133.57158544352157,97.28622436391827,18.012283119482266,20.8262697691868
131.431602687115,100.77461270859358,18.013643687068658,21.184244414510612
130.81036724296618,105.95236959838685,18.022545522685906,21.31406758270769
128.66846010480728,108.3215470356223,17.973837073417556,21.5271672517638
127.66656998384089,111.97161008030565,18.113316736193013,21.68424347902645
127.07749742135113,115.86818765101975,18.039257487953925,22.03041676351932
124.86087008384996,117.69195946421291,18.06086405085445,22.164285804648895
124.2508008006612,119.38627517884187,18.015717850881146,22.571508674443372
123.27419037516502,121.84580383664277,18.05445424066469,22.75774325539844
122.21553995471155,121.97930223876526,18.246823319192064,23.13239037194664
121.52927225419712,122.25855060923013,18.318349364944748,23.22439830865501
121.48281923622987,122.26233282784324,18.41125540087924,23.216833871428776
120.04497393517767,121.3773506237286,18.669075989699593,23.02339576969502
119.01742302282283,118.69436643216541,18.757142167608645,23.143935761353053
118.69500391081488,115.26603557202264,18.743025594021738,23.411049505610567
117.27031746988848,110.94258658009156,18.941097057393613,23.441217879409866
115.26152926170161,105.17992529255488,18.959692807821074,23.6360952343021
114.18157009325552,99.33421279659274,19.110245895411694,23.27132873041683
113.45849906341398,94.17291292361114,19.223144610266456,22.927981717753596
111.25580211678073,88.53029274726528,18.986446892618282,22.939571015366848
111.7336513948986,85.11386723363054,19.349784570271183,22.517722756248887
112.09186727399293,85.06483959615066,19.95107040349378,21.95691923550299
117.97236763008722,85.45213620538142,20.725876866206892,21.182326017041483
113.51063467855114,81.04640090578494,21.06983790682267,20.754329841281407
114.49642961976895,78.02823385158015,21.732822527418787,20.86287131786961
107.34940970542237,72.0736916253634,21.270068608896022,20.69821543167191
106.61858587155336,70.73429423104297,20.749008716081917,20.733400139576588
106.15634717746593,69.45573705104778,20.366953564996013,20.677449421045466
105.35899832667457,68.78834513314442,20.022559484982278,20.71950540245454
103.23046449642749,68.13502669113518,19.788540182845573,20.742974582864164
102.3382405746562,68.84477210351719,19.658246043913422,20.599978413083335
101.48460225008455,68.1467261834861,19.463689431529303,20.72818141212723
99.01643278641855,67.13661647287238,19.33711211292452,20.849807241128396
97.47348157388474,67.00018256878263,19.259250662937863,21.122675049307876
96.07561562808912,67.37798253032703,18.87614981325606,21.6386082227283
94.65664777021013,66.81341287983875,18.52580153243855,22.13009072438977
91.42081434157164,59.57039645132163,17.96163782479677,23.184083412033686
83.98484618492361,64.07187240342988,17.9604412675201,23.234342820339712
94.89169388923506,69.24345719552608,18.15855977527442,23.897080194335942
95.382919195514,66.47028965357038,17.83685951993152,24.157412420527397
94.86369313909404,64.0720370423149,18.215859823434364,23.678303168341575
95.3023344686166,65.93280667002001,18.655271319368563,23.248499300379706
94.7481347788068,65.43168745156964,19.104760648757473,22.93291763681903
96.5420299082204,65.28899845747394,19.484914893986534,22.556971541001072
97.70179379505767,64.84432750842481,19.811926783670067,22.123043607420296
98.90821744923878,66.08748247444527,20.039649308772773,22.277303508844312
100.89999065926128,67.86207851871518,20.053157355722817,22.725165887299546
102.86336160537884,68.68999666157646,20.166490033451907,23.089366886559105
105.24261179864233,67.73892917933193,20.1736295368052,23.629890453939506
107.65984642254489,66.82553742539854,20.164135472180412,24.078109623754774
109.64351765703749,67.29522450500188,20.373070964780855,24.53082811840997
110.90772606099696,65.41478563345386,20.67021328828672,24.759756947224982
112.68087556189406,64.9197012449458,20.697452083086702,25.03521816492226
114.41369277480678,65.12519507744429,20.828763436268677,25.343619655726755
116.48980367070361,64.98809814550864,21.03406911887304,25.617813519598073
119.02976879961818,65.25548598815126,21.090656415406606,25.81682605636466
121.91721772261371,65.9724853515615,21.217858906595197,25.85835241383909
125.48234368720544,68.53937567633594,21.492173515161685,25.90776834071516
129.11749386211122,71.01645784224151,21.67832930328102,26.173123305455658
132.31053736589902,73.41433023812884,22.06685378302349,25.89378617189303
134.3340454463232,76.4384204164879,22.54794354607456,25.12839605972422
138.06226696144307,81.66364231208853,22.596835670614354,25.18542148521439
140.1181646971678,86.01141234023788,22.998242512359965,24.76408566977327
143.32038707203412,91.39803608602925,23.36210486235376,25.27135001106788
143.46586238634993,95.63225823612046,23.836887853595954,25.22597552949732
149.5513363565169,96.93629153350192,24.799563542345915,24.16304112639134
143.73863185634642,98.09498124924319,24.859247276155543,24.158806748215046
151.35176555968349,110.36066032598605,25.071342986195248,25.100747737307216
154.50938100858383,112.64091875204947,25.86711676751051,26.071012302270564
155.41081187745226,115.70183401401738,26.518020180069982,26.49255551245823
154.53093886541504,119.15973782969766,27.442954012593724,26.255245413503577
155.338958863471,121.65440890627477,27.518092459809232,26.339438590331728
154.53426958732575,122.42761230209976,27.43127237750409,26.489230433277335
154.49449491657944,121.60259369858989,27.510821718996752,26.441048885129067
152.63434307126963,122.07390917461925,27.832749405240495,26.348011934164347
151.61771344087686,120.40587015247257,27.30652794590918,27.12460925834079
151.19407450434707,115.90620775516562,27.296623752770962,27.552113390976825
147.93692597830815,112.18736173601528,26.90086242598307,28.079747050411793
144.03701652177674,105.54485543632678,26.0428152436405,28.37796050668072
140.47408762532444,98.17886111122644,25.45726760372436,28.543961117108847
136.8767672489883,92.89667218040339,25.00131734556235,28.90755096430928
132.82367826933478,85.76164724840524,24.623483335112258,28.75478047971838
129.19092320287058,81.39388448773757,24.32923720704147,29.09057682216569
125.0971718938965,76.74805979694766,24.112528795532356,29.137594071342566
120.9961848490648,69.6524500528598,24.77564726291262,28.251102314951993
118.11417761948456,69.53863817053681,24.697332900815073,28.47872607959799
116.80818552103932,67.86454572700045,24.798650825063426,28.479355936481163
114.67501883401893,64.49150669206787,24.872369070195113,28.517249800091776
112.94104373793246,63.999563766064725,24.979153558607337,28.6608442261579
111.68239372487474,63.50500321010708,24.96377322558932,28.805738551695384
109.42447240215846,62.473418393873914,25.248498857344266,29.17646137869064
108.46066484914448,61.97987324738448,25.46305845031211,29.307023915139457
106.62933054189568,61.00951438028724,25.677768071046756,29.523762152452463
105.66305219363286,60.5990851650239,25.872749165889367,29.47583278213763
104.72658364050943,60.10757363849453,26.003347532828197,29.587686465542355
104.21683516442215,59.15456803423261,26.147850184304886,29.743709072670413
103.34207912610337,58.187120298086526,26.137909230460373,29.91915151448052
102.44294232059688,58.15143231430464,26.171610575568216,29.99052748204428
100.6145976127412,57.5898710267983,26.292572822764416,30.2297182649282
99.69983694776897,57.59857640928329,26.342944555541653,30.212307499958218
98.65303849211894,58.05729135221759,26.65631624156135,30.184990226729813
96.16032801789837,57.473385695091686,27.16820036906806,30.458094176794745
94.1881280051184,59.74794858166357,27.484076791794678,30.444622907192624
92.18041474547977,62.48500770923842,27.85164292470357,30.44229523159546
89.16438715926375,64.89258515084954,28.37696944340355,30.216080893149954
87.59325506854309,67.32757519611312,28.75139893980284,29.95915861102616
85.52003203441956,72.13208926446192,29.199737807929715,29.595398474629
81.85902772064546,75.01295896419906,29.114527102209095,29.38907357510638
80.14346645091467,79.264893103764,29.781707612016593,29.177031384938715
76.21910356137914,82.1767764809568,30.20265842380158,28.924095856017658
71.98169868495313,86.45029984574006,30.297788115540467,28.75672918756426
70.4109448273161,89.04136764247966,30.649556134178965,29.15407298735623
66.63253472602113,92.03832378595176,30.67264980733788,29.75217141366415
63.53376841752768,95.11539338839701,30.209371730364236,30.258842902734187
62.08158011095161,97.47099399491415,30.256982536878507,30.308918034096354
60.604220335573686,99.99884682193607,30.35032122129831,30.975974112724643
59.27525848083824,102.62897029160082,30.11097733412045,31.51026236669264
48.297072406609274,81.31208686275887,29.74928400526492,32.41895028852966
50.40947408721806,72.36500095193404,29.43968709045978,31.715891489720292
58.28895070242433,84.17491450884073,30.050258113112072,31.20598096846906
55.24277460092374,103.72765679670104,30.35487676747397,31.65000897511696
52.64206817851723,100.0887723849258,30.67428141325821,31.11656468022137
52.36180194248915,98.6229837540408,30.261735926680892,31.12890806609096
51.03222880755865,95.62388125208109,30.020609149873565,31.326566976673746
50.922007858812066,91.3875953973297,30.241051047366746,32.070798418255826
52.82097917186046,85.92664669189301,30.3678412045356,32.199680675148656
53.58037134693127,80.66536725372382,30.819476302944757,32.87014230873305
55.69996017155094,73.99340337073491,31.594579339412356,33.17694029187292
56.337307419424675,69.415257010419,32.35978050786886,33.15370252358676
56.90680951640808,64.73212606430187,32.25246576873924,33.23475932228617
58.37139939283439,59.731680000606886,32.41708365175299,32.92299266345489
61.610848406085545,57.68704696127767,32.11200483866206,33.92534913540762
64.18016252507809,53.30997252571284,32.17267813758045,34.36061554749173
66.26319599739605,51.84643566507008,32.1971182372163,35.19243574664135
68.1929977327095,50.47426587328976,32.58147760241765,35.8147939122879
68.116217701758,51.169840032133976,32.735037664320636,36.577257016982685
67.49305539152965,50.488505066604276,32.89024943227712,36.84881409554189
66.42130970338087,51.686843815260616,32.83811968704494,37.74556828052383
64.71490946858928,50.818056746367816,32.918273294136235,38.37226013081212
61.88552928361885,51.17941647732179,32.96771412967959,38.77140457578368
59.01871526707299,52.67179294015483,33.05721579252227,39.173127472267026
53.88176458657932,54.63671089919903,33.102924263308246,39.789155060934775
49.690783870942795,53.93752247937753,33.457993984059335,40.04083308478893
43.66097050658941,56.90460357630522,33.95461409577091,39.88817419943114
36.93373247493412,59.13233787472034,34.62775429971569,40.08046409691575
28.30017985817106,60.92707939027747,35.43472774882746,40.01815216246171
19.71099636329511,60.97676134418045,35.98548895962803,38.73110212758779
12.857873268801136,62.8615773989393,36.750888500137904,37.31435122688427
2.2453547341888793,62.33815206266082,36.98120635463726,36.028455320027334
-1.7925010371646124,63.83422151956738,35.85904608331464,35.3357843597216
-2.695926295288313,62.81692334744647,34.30238401468001,35.12803898070872
-2.497406130814378,61.77882227433486,32.81197052564217,36.11086796684197
-4.684053007410158,60.23761062694298,30.674735285419757,38.10820309605671
-5.300934132363382,60.08130782891214,28.663657527984117,39.5024220278991
-6.045123990029122,55.28293552749514,26.941786353203682,40.53849759043464
-6.365414398249122,50.087098506263345,25.467817322517107,41.41469732082865
-4.0794879795716446,47.70387509129057,24.033233834239297,41.99811835200466
-4.100439440481006,44.658179185216724,23.04493919594578,41.908324803478905
-2.06398592229017,41.93530682510427,22.008166338235753,42.2938458925844
-2.647475230754729,41.8867015612411,21.175238806164167,42.39105642031075
-3.413009068992909,42.53544631031157,20.73229311294384,42.08057360701814
-2.1939264091384185,42.189512975488434,20.243710929618267,41.79764870847271
