245.5,64.5,12,13
244.6530793144683,64.34464574289582,11.906597292326381,13.097952592945378
245.4787561615831,64.67946697795097,11.829886340292044,13.215631493932701
245.7257665379323,64.45992989532743,11.73013223328441,13.260439013489046
245.58090252031315,63.80208202835723,11.626492475006524,13.396031366880855
246.57088309465425,63.60152003627326,11.615576736019262,13.403346269109825
246.3711167478004,64.34483556733579,11.621362195187825,13.491704145141345
246.0066648182722,63.93796913633249,11.559851939162558,13.515022892066366
245.83168418302685,63.699536128735595,11.515233505858337,13.597309203465201
245.64956087236297,64.45798865087518,11.484346971707364,13.66093678110112
246.64902569501044,64.22153798277807,11.463505661843051,13.738220450209205
246.6558898655249,63.9775933030206,11.449777320814096,13.829636605277988
246.8580682871034,63.750505892836216,11.443080206028025,13.886151697275803
246.48379578180106,63.520318707941236,11.394782392459325,13.94810465497908
247.49261608272826,64.47886550192446,11.370111112354618,14.023980388762302
247.09970837806722,64.25313423553517,11.357205287125328,14.076082304265208
246.71362542607014,64.02116819059988,11.329467889475374,14.140062743313727
247.3385363827935,63.62900960509002,11.281097881299557,14.123411977486173
246.75672876218147,63.418397729840976,11.246379509429833,14.145191190286344
246.3278225593044,64.39183169239138,11.305761384950783,14.1943995907687
246.31756689996425,63.97155925232355,11.326272703631043,14.233079107594687
246.49481649433102,63.36237616429525,11.373631708601856,14.245870702538138
245.49899381422713,63.57262579697267,11.351165305843569,14.228193789776492
245.09085775046987,64.32389655994892,11.363063323726513,14.334400483087167
244.84161176743373,63.89198896401439,11.457547702843085,14.390200501044795
244.40285289343547,63.66471541350833,11.522274181466406,14.438351967370298
243.77254249325574,63.67841469974357,11.558344609538493,14.410953394899817
242.32863501968583,63.869475321648224,11.587723317898256,14.437180185201946
241.9149094226377,63.8906216361321,11.596721724745283,14.3948875562342
240.88177043770065,64.11979600656962,11.61938340558739,14.345262073165575
240.26818763957712,64.33158223270671,11.621564009029795,14.330017951826267
239.24248795897776,64.74762473068694,11.632315797253893,14.314191985055668
238.5930871651234,64.3307993747709,11.706936242095438,14.331721934976262
237.55852421744189,65.11798679677786,11.728379954351293,14.395492837448062
236.4748548052437,64.93726686083397,11.841402772638515,14.34606950811401
234.62726542823538,65.17346862539432,11.829217806558557,14.285595281226247
232.52078641980228,65.58881716284267,11.934157551251833,14.276501860764132
231.86532632147902,65.17691431460682,12.008015673837091,14.27559950786168
229.38856400522624,65.60814961468442,11.999181308127811,14.24018874074227
228.35994742067172,65.20239500149356,11.992207027342038,14.226014987166081
226.4990883658239,65.63501734998398,12.001330035821335,14.18579142378886
224.6889062683694,65.23125161336758,11.91336345794858,14.169249391959054
222.2538319660798,65.24604021805419,11.85912545181317,14.139672182585839
220.4343719153175,64.83855911703003,11.816722383000636,14.136562569003683
218.83886106866154,64.2476750639531,11.74130602069653,14.093416404301518
217.06232354206546,63.624553429270954,11.636562778935733,14.120386908681482
215.47555573207802,63.44730157168704,11.568902570431774,14.069741145289456
213.44792097696595,63.050292506715486,11.591395145884405,14.05720388827827
211.45302037865508,62.65373890371983,11.546716088633879,14.043415043495148
209.45097857019525,62.67367107980941,11.525655734200022,14.003550691315976
207.8607801694425,62.71402147748855,11.493564311905969,13.922849895957695
205.8599056281814,62.098756438997796,11.497301754973337,13.953976481102764
204.2736894728193,62.69550832683868,11.467010316528516,13.961494111359379
203.0687853940491,62.300399683990584,11.477017084019536,13.95177760037241
201.05954373122566,63.30628349322124,11.49570969904757,13.939905337220537
199.2767579789266,63.08042788554044,11.460396910633607,13.991518297803008
197.88406621162582,63.29019526407948,11.443528140318731,13.972305298570133
195.7090610976715,63.47197357038108,11.396247051171073,14.00850244206296
194.54253608901243,63.85116726443382,11.332022913203954,14.049206439052586
192.58509440583526,63.20801470810663,11.255592529533196,14.138117426699441
190.96648336105753,63.35411973150008,11.298764057191388,14.245163700149707
189.15375867139105,62.95362625822906,11.30984032239011,14.24295662132859
187.54156776734578,62.34828810582216,11.32027857675215,14.248404093494218
185.52868404387942,62.14785908014715,11.326088206411418,14.247266363116875
183.70009174908887,61.91072521025126,11.36461931498715,14.319461493908051
182.07591082787485,61.48195214847224,11.382549298948796,14.369399652849504
180.82868198890876,61.65215332602994,11.447847109331867,14.433857275658948
178.75804162860774,61.37989472291203,11.520056026009211,14.571467301502302
176.64807684284196,60.95186107631804,11.638115172388861,14.607160509659904
176.02281022756475,61.68964835111113,11.650699243722535,14.782184839034677
173.9564182088497,60.85294287662512,11.628133640944526,14.793455931923432
171.8412181617847,60.83895753258673,11.705124910127267,14.821426620000217
169.95999642575444,61.60788422634463,11.714391266525944,14.95165195055635
168.0518126268348,60.983860904541956,11.75828875959402,14.94220855923797
166.16868729606682,61.58520258131347,11.746949370475194,14.998721889246525
163.841313658576,61.430738218698835,11.777156990283155,14.88723791855091
162.37534142698817,62.45975102353003,11.774722167198334,14.925197513360335
160.26817025057036,63.027046577285056,11.791676904001664,15.049822690659955
158.4220151980336,61.741519145629084,11.686693136541015,15.089348305615708
156.54155106198905,61.4913272945744,11.660260357862622,15.168914113195383
155.88635666385466,61.07973100426892,11.705841765804614,15.148901768255111
153.99344393409967,60.68168126617049,11.693311877909164,15.100922278361866
153.57521868682124,60.43663354586714,11.68755739372009,15.169915229595624
152.7226182724596,60.027026911501466,11.70450798065,15.145003377430292
150.83600810458077,59.39323377980567,11.68010439333713,15.146714999798341
150.61788475217443,60.213807377166646,11.694764238110912,15.191915245231861
150.59954226314002,59.41074484954108,11.731449216179719,15.107976683494472
150.3706140148074,59.57149275268871,11.76747460465827,15.208311985385905
149.95244597729186,60.20286883364669,11.755909273993145,15.217411932014246
149.51712215633145,59.7973832301814,11.778754180718574,15.180580403749428
150.52829968634686,61.06397273951685,11.87495221056907,15.189665092936067
150.29600020313526,60.64763094489561,11.91413662805292,15.171519584299865
150.2663896161641,61.66201732757934,11.973357801995256,15.27161645106431
150.86928977433442,62.27948070214039,12.052361477403148,15.321493693690801
151.23976213591803,61.867765034788334,12.172046972628486,15.2842948100024
151.0031673987744,61.43120206499089,12.213548121901834,15.294044099569408
151.18855228170398,60.78775686043075,12.275289165258124,15.283402081043365
152.01557982376536,61.860844792003,12.354627314637117,15.303967759776118
152.01130697801008,61.39490741208657,12.363173006147708,15.365944734328703
152.85955542684735,60.97215838388369,12.410829924739826,15.339365882601145
152.5988049940529,60.33750108172484,12.4959286317887,15.299474011298967
152.34296307912138,60.30923128586997,12.570446585010496,15.356013603008712
152.51542324710636,60.47271486283712,12.664765733126035,15.468285933159912
153.35539833113182,61.01266404608377,12.754775114602587,15.715857228812219
153.55160230518612,60.500307039015354,12.810116937241325,15.845071701454323
153.29107734834867,60.68152717452957,12.880537239687737,15.933261041654408
153.0533859958042,59.963090303585886,12.902796453941553,16.01076431103649
152.79714839145134,59.93671737038679,12.96059811194202,16.063510177434697
153.89899254715402,60.367403337054824,13.039005298579141,16.11497644331561
153.4437207867663,60.48851857394269,13.032591775981176,16.33122449122656
154.54388795420687,61.533520642807275,13.140718859061082,16.549681771458385
154.04205367406087,61.01790294626406,13.210798934697973,16.647328679889718
153.5512169579312,62.15522429819842,13.253617388502116,16.719823422159013
153.7849053889602,62.308152734838636,13.25747349865201,16.885199521086502
154.70526977043264,63.37501794699704,13.312054851492519,17.120606741501444
155.12829369742857,63.36825329556994,13.422637694293037,17.134136044355635
154.63280412506393,63.30026700055022,13.452975240376729,17.270108634395093
155.81938794275337,64.27210018195753,13.49427571332657,17.258016758243425
155.3088775247637,64.01319789506391,13.54853565415019,17.29244088445283
155.51525174130632,64.94296257042583,13.620576405764757,17.372068272528224
156.19952883543482,64.90602379740196,13.713557511087876,17.44594581857599
155.66681758687122,64.4301307661346,13.799340058650102,17.418091931545714
156.06352677804958,63.71943377308955,13.987494960365984,17.367125991526905
155.7534591849703,64.17384288726602,14.114574199099492,17.444419658024138
155.1850641482489,63.42635931669959,14.258764397928555,17.450486987236367
154.63880249912643,62.46319505370986,14.3538367444212,17.381913609711248
155.08169803386062,61.966121195765865,14.466458719497073,17.37764828105494
153.82855569005477,61.661521642950404,14.467954275501638,17.485889560364434
153.48390197499762,61.13204501080783,14.654612970273188,17.53954535396406
152.95917274707605,60.34225690831332,14.691100494282818,17.599665161202758
152.4373309027532,59.762649053245056,14.718784160710042,17.742880849120716
151.908597171755,59.209385271720826,14.754946720190704,17.8281035096535
151.0928068368984,58.88747345566024,14.848883368809217,17.959379134743102
150.55825016404665,59.831859680351805,14.885827291921695,18.13494553054191
149.78432413756556,59.2071330724685,14.875531974602586,18.34563383278764
149.19474103242382,59.366383911709235,15.009790267462918,18.549586113017764
148.6112995286778,59.34634086011421,15.121156037299475,18.589672216207816
147.83075344307994,59.30654498613569,15.091719588264628,18.669263964164855
147.26090826448097,59.522956625622186,15.169565453515439,18.767362931165454
146.95190097006537,59.20527036153523,15.25389157574618,18.86904699273893
146.17918334060067,59.19580741812841,15.189482946280556,18.887972879552564
146.39584423354597,59.14564206020832,15.292023260069469,18.988303595392757
146.35159635303856,58.85965065447674,15.380519021084318,19.021223861679687
145.74290229481787,58.86651116699248,15.515905639352612,19.007502836648204
146.23405843870984,58.271888007244975,15.619553634135613,19.110788873576308
145.65320649992904,57.97281143362261,15.68877103544064,19.162698782692754
145.9493122694469,56.83746640304297,15.644719474326774,19.240748932164795
144.6204496930727,56.54447148883386,15.559208225607685,19.278091480289515
144.04751886866876,55.96007107760105,15.609396159656566,19.351218587996147
143.21789691147316,55.366632029599735,15.619324257790854,19.43855280649417
142.084875066581,56.446130466133496,15.680276308797637,19.484647572204185
140.71041352469442,55.86992671441077,15.664361717551595,19.53112000564196
139.35589561434276,55.542179613258185,15.606284244139044,19.633191549123943
138.01692862148192,56.579505798952724,15.513989244471363,19.774722366046355
136.88612080805328,56.28608671474217,15.556748292398252,19.806846389734865
134.89226028792706,56.529421078900704,15.653165108564593,19.87607826485866
132.92873727426485,56.29551020059675,15.670524029274471,19.785373291950208
130.9212750319384,56.8360518306836,15.783510369972968,19.81912950147776
129.25372351214295,56.82076442061235,15.759991675505947,19.84970432162027
126.71655286549772,57.32998129565448,15.79561770765671,19.95098507401149
125.31765534650862,57.249783570556545,15.78347797676327,20.111380524207366
123.9476309560004,57.24379622218185,15.702300668805396,20.123355220956753
121.91984550940462,57.19523503773725,15.816111649875817,20.22047758984595
120.44335141274385,56.61192088269215,15.936876299934042,20.254216482630827
119.22102624244823,56.04386124191506,16.105831716415494,20.252488302130086
116.9025648321301,54.82380468198154,16.169632489982803,20.406040398462636
116.28351083901995,54.25410007262859,16.257684234084678,20.39539337505013
114.8652866559039,53.93812444720329,16.212664601633158,20.451051026164006
113.37493892756173,53.305554192435785,16.31127983595792,20.5633594467552
111.5792676007295,52.09808559937261,16.42420054493527,20.65934866975681
110.63234269718365,51.460767716856125,16.568930344621222,20.76790442985261
109.39247587348177,51.76671595391845,16.700458642327153,20.743059293152413
107.81286510941734,51.10464520952735,16.9156706778195,20.889596984879994
106.83840777605495,50.789254155664665,17.08097827479819,20.925843402690003
104.16369295516529,51.64430418589333,17.050509662002312,21.00904276042441
103.58148993327464,51.328998259148555,17.01781169845491,21.041102610249613
102.34916492634044,52.51037437700812,17.088401034100656,21.07241105275316
102.01090106992424,51.51146764852864,17.16479040027082,21.269809469725452
101.04794148441499,51.772855793764386,17.277492751679553,21.35143878579053
100.36932660953114,52.924728056295784,17.419755965200064,21.477627333222102
99.76993659702018,52.29228844637093,17.395089333306267,21.519059896156058
99.39467402835061,51.63205970137393,17.53365414736048,21.61559673958021
98.71315472386972,52.208932939775046,17.665322248524394,21.693220770575838
98.37083198094447,51.57325829074095,17.73096012719465,21.72655485428353
98.65400542440382,51.47379091034101,17.7851944478593,21.925489615083414
98.07030494311414,50.78569266287638,17.703565861333985,22.052656560907973
97.4279462912384,50.440593213767215,17.737993170057035,22.1177104616121
96.46986857023549,49.78084120256887,17.774046362142638,22.183812984061973
95.45995979851263,50.608216317314515,17.90896721267751,22.413959447481545
94.78469605474464,49.62596126214198,17.991464348022276,22.476424029539814
93.44491792498376,50.21821184991122,18.125779131504117,22.564543592021295
92.46261180710064,49.86763302769105,18.17087554900708,22.625862630373874
91.44065376944606,49.806512269269035,18.290261745007307,22.748104147217898
89.50959139891158,50.716447656768786,18.280469191480442,22.86419201951631
88.50918217288218,50.39806155586854,18.340463373159793,22.854022797856985
87.1187946085422,51.36606093966263,18.530207161345437,22.86129753563953
85.76158349747227,51.294390205721925,18.640861399715757,23.004639003520932
83.11747287835045,52.83167267125583,18.689611214116745,23.204743712354773
82.43338478924284,52.813102460973184,18.740197350449336,23.24188413292007
79.71007388939248,52.426671052006526,18.90534522634037,23.354562710377166
78.63678323491992,52.397408904118016,19.058163651546312,23.413087006154182
76.22107593383956,51.64329073777642,19.213865341005217,23.585405363779714
75.51664737909154,52.81282495603733,19.2764729909896,23.93883584628122
74.12903018218529,51.40203367458482,19.333446781082092,24.042157805466264
73.73013367758841,50.25548483280053,19.449166369649976,24.289035227157257
73.01968227057198,49.48914140340167,19.494598141983165,24.446251044255323
72.28848365093732,48.34982622078746,19.57523021268843,24.652233656637645
71.85840261970978,47.59977815130001,19.74004498047195,24.76163520626938
72.11057032940347,47.944327195232965,19.93540710295148,24.772234660270385
71.70671554266838,47.25436070778712,20.04009017181119,24.746114625941114
72.32353878458761,46.57433487824974,20.215084629588066,24.697525343400542
74.00877145722093,47.88259585540692,20.376639335070905,24.906619429685772
73.57139181742276,47.09727544166818,20.539169042153283,25.05280111213533
74.92441901729752,48.06328957948075,20.70152909059147,25.272083672650968
75.21406229913607,48.361656268501875,20.845341406141447,25.39844917383581
76.95634960237692,47.56692795933901,20.997595138291768,25.53317445670874
78.69181296391281,48.92819382450723,21.186154527845346,25.73823161647257
78.94376386471922,47.76739349515977,21.420349650855872,25.84554150129739
80.39498446029388,46.919525428433516,21.49202342538855,26.054220151908908
81.83164769390133,46.06981125293392,21.610287042677804,26.257853460656026
81.82236125071681,45.59887038730835,21.62885992904685,26.44679499326231
82.20555818498076,45.497461620767595,21.618611933006136,26.649612526343823
83.69656102708522,45.12527404666635,21.67299252892085,26.634891104515418
83.26984692271004,46.18667954242367,21.76667058837191,26.79133056089863
83.21875855902988,45.30607109087347,21.86884731573223,27.025209977461408
84.2836519542367,45.60764090675229,22.045802397201417,27.190984302998043
85.37371581255864,45.10410904757207,22.188644726692605,27.423724672646777
85.28086870567714,44.94883043713506,22.374338940455637,27.734281893520794
87.15411721732877,44.47003766221917,22.56775551790569,27.903884723201912
86.29316783849333,44.80475363919578,22.70221898662578,28.028170413724087
87.44626934158802,46.700658971508204,22.789422962070788,28.225371385156556
86.99036713104702,45.66066220375313,22.898985830947414,28.700881816255972
87.29074722073076,44.73519049536594,23.109536791190287,28.929202953809664
87.21847715036351,46.69989725024875,23.254076931924807,29.090917157756945
88.79819624349241,45.76644335346089,23.38683242145253,29.311728113439898
88.32011411228412,46.10957013944795,23.51441042098375,29.454060804351148
87.42001583456117,45.64823570236505,23.648932963136037,29.54389267187015
88.98817425396919,44.71274242284073,23.858197296857057,29.742088644650252
88.53988166796489,43.87887292967007,23.91195588429338,29.72417446184703
90.63285087890773,43.43572226828802,23.94313109775308,29.767053057542057
89.80690219051061,43.38515014866302,23.90585718751791,29.868197296792047
90.23325379906774,42.97828105989312,23.898687114004606,29.836402330730877
91.44555155711004,42.595617212607955,24.008879577634584,29.756800698729673
91.41670562604361,42.19346769763027,24.066571439767433,29.7156065981193
92.21333421896,41.296950338313,24.164903488853298,29.81705208183519
91.81005199214253,40.4075580990054,24.122524175460594,29.897949026395157
93.08679117408236,39.92782647616514,24.117545120275913,30.007912502510695
92.60957320576291,40.3004704522934,24.220874465101264,30.113731142067707
92.5531592942097,39.87633939188949,24.333702288207682,30.107589198165677
94.2451927864551,39.44467466367533,24.374182854413448,30.114781766919855
95.89999368696921,39.050961069809006,24.49219132972656,30.045306385567162
95.78184947065404,41.081206856944725,24.72847976235689,30.273537112329535
97.85204166737928,40.233313424442315,24.913457096749777,30.23917928619702
99.79754328112658,41.36656938164242,25.36011648286037,30.575264939959922
101.7829835215599,42.13060194678791,25.78880835759144,30.80702875190802
103.80711513725713,41.742801063621926,26.192528631782345,30.692233817122926
106.40620327622445,42.47170291671241,26.365084921670892,31.02467430021635
108.58882299521412,44.289116993727205,26.514998991467905,31.00196895240782
111.16486251718881,44.289231662587184,26.793458249360288,31.001739614687864
113.82396384492705,43.826980349507814,26.932598832056872,31.01668503448443
118.16382750054308,45.91622661172832,27.373075216990333,31.398294358126183
120.77070138943297,44.95076540384825,27.709270635975795,31.479235708297885
124.28698214713572,45.69988992921199,28.129746363018185,31.844245968182385
126.8883831198092,44.19580911506319,28.59106046441091,32.02034957311014
129.18308032293663,44.12848131571491,28.77230796956993,32.15500517180671
131.5782471269629,43.21914170559952,28.777551732351153,32.05545344370397
133.98205479832149,42.317906170987676,28.75819804494519,31.94261985080317
136.40841710355937,41.45928137751002,28.68342084261592,31.74869047449988
137.885965293267,40.73024493453114,28.58246651415363,31.304001993155673
139.826838519405,40.37626749810322,28.472122047241218,31.069106369670642
140.32718403368276,39.53997464537723,28.408865157087956,30.866823798318023
142.23385976400596,40.0087225728556,28.328612732735195,30.86260270243467
143.59514515480538,39.050248244259606,28.401836618504916,30.915688248047587
145.28505527060713,38.59291372014683,28.757714426283023,30.896432786427734
146.43753910752355,39.593635106952,29.270600065165034,30.773558887960622
148.10405880660542,40.370244877101705,29.719573657179332,31.111345842750254
150.20572369896558,39.6419152523303,30.30576662942805,31.610100540899268
152.84365107947693,39.38411836112728,30.879905481027308,32.12569432330532
155.1140931577564,39.66701346994689,31.299849722724886,32.5520697853174
158.44453477672465,40.9799705888514,31.677422359885625,32.94263663683575
161.33547367092078,40.30517362846089,32.00108432812355,33.274640598178415
164.81118851026713,42.30971764594964,32.24506145747067,33.37721359636653
168.803951839905,41.71938135185509,32.5266004288456,33.524502980724286
172.22612859399874,42.77257819009296,32.963263170629844,33.49839966138333
176.86833408532198,42.78943227418765,33.09853908641937,33.46469149319396
181.00238185761472,43.85140191022661,33.21633063623233,33.43722399471564
184.64964738363085,43.30288174148498,33.26942544042987,33.48460349559465
190.48732193386667,44.352942016633634,33.15775137263591,33.486969314875104
194.14338292692557,43.76381327164727,33.192269099841134,33.61570684580167
197.7891298205528,42.57166605705616,33.265397096601646,33.89582362240817
201.45509098615912,42.591504249031324,33.336992356691226,33.85614723845785
204.648191015915,41.44561120169242,33.29970299319272,34.031629767797895
207.8368097344278,40.890954102712335,33.28438727588306,34.08062367913875
211.02529983851397,41.408413540878655,33.27249379515298,34.10655259071315
214.26613120122948,40.30848241748153,33.157233193752546,34.18428079616386
217.45483506346613,39.290296200320626,33.14261816042645,34.0997223334366
219.59330548784658,39.829326633078864,33.10130802575432,34.0805691464423
222.29885601001573,40.39934359713568,32.97997807604593,33.99848943725465
225.44305577886084,40.920050118964795,33.02006970181369,34.011824920839416
228.09302892154307,40.49139565249417,32.99808093112136,33.81354235084625
231.34086495687117,42.598939910007246,32.81520059051833,33.80698165585554
234.56916853948667,41.60594873171048,32.653428387526034,33.69468569170283
237.78468032835156,44.27846121584546,32.49132494027319,33.57376083216367
240.9191519978183,44.268869027742795,32.46454243796221,33.592945208369
244.1263589489668,45.87399799770759,32.291553243852974,33.50339962253326
247.39225244090315,45.265910036638275,31.976348567394396,33.68347849343622
250.5698124940099,45.813690215163504,31.8247823576165,33.6218437857917
253.31736440963968,46.87008321781493,31.48247047853366,33.570174561359536
256.5643988679796,45.91462187774046,31.13431679369637,33.432458830894284
258.7995006350198,45.94411720168855,30.7306675915189,33.37346818299811
261.47564994311324,45.4345075352608,30.42486622660811,33.383388065598396
264.7361036552419,44.41661741370198,29.93146480573256,33.40999964092211
266.9529366445079,45.39293928118366,29.486307868264586,33.451610426490745
269.66899216156787,44.43687531324867,29.007478889483146,33.382425540225285
272.3555973154478,44.41823969675839,28.543839036050052,33.419696773205835
274.47030396602344,43.98579892146944,28.21461833957115,33.30953017261566
276.5830823939037,44.40956396948882,27.861274786289197,33.43005340219652
279.15700049855116,45.4032976998883,27.534544863660457,33.37102845606404
281.6801242544314,47.236011338127724,27.27850369346161,33.53776625283453
284.12045672253174,46.708651863410466,27.18017659043001,33.63601763563522
286.1395337924678,46.703454047799916,26.96756387971641,33.646413266856314
287.69706316476925,46.65527192120741,26.711808312522855,33.74277752004133
289.69251379573535,46.59416391341672,26.522625796732136,33.864993535622695
292.19041958754957,46.77251654900406,26.27294993734189,34.45751540929568
294.0893232982398,45.23244673350319,26.291988536559558,34.67502052484883
294.5775877948257,44.27701393242446,26.273298186910594,34.67020883996051
295.1039080854696,43.43899140242678,26.178117720101728,34.43133367099813
297.4676159234241,42.43729189720595,26.212025485064316,34.53020330509113
296.46847231459617,41.34807266165015,26.301661592372877,34.79999066585553
298.8126619741204,40.44908010536648,26.41278812590437,34.67817343739091
297.7248256046196,39.93604492948645,26.668743803649434,34.744385258522726
298.6102318922693,38.458645216176706,26.828017684456967,34.8040550009817
299.4751072299304,37.05116904224691,27.035366575669418,34.7133579990394
299.42199064485936,36.12418671893316,27.141599745811533,34.626243230156234
300.83939509869106,35.18296517143688,27.219595763632995,34.5668163748255
302.15976847913487,34.6232582816127,27.492727991028843,34.714937158379385
301.62025480264305,35.58243229947753,27.593759031311706,34.75258174805114
304.0072606274954,34.97787567967549,27.72081083588425,34.9814822967998
304.9041136362824,37.507247061012734,27.89866734962555,34.85164586241343
307.21983891419916,39.90459244046603,28.200597665626184,34.990335975341104
309.1245094886361,40.67687679238202,28.366039180307485,35.43315860328665
311.1060575489232,42.022952853809805,28.41562138306797,35.750515222932236
313.59918745317185,41.46550933414212,28.473553976921846,35.856563781797405
315.5163992320622,41.875196092934225,28.684743910892823,36.04859363715114
317.95807580825783,41.83299122306657,28.890252320125512,36.13300337688646
320.469062721882,41.0881842693566,28.980273277054344,36.600218327470955
322.8796939407856,39.819842223472044,29.314107354194192,37.07486381326122
324.333523209781,38.097744937221954,29.53757346644558,37.38793373551927
325.2432647085419,36.719800027650194,29.82235195438203,38.03956206920447
326.73996741656356,35.330170105408854,30.02913984326201,38.685359710405024
325.5719745736918,33.88364468626287,30.2051867232337,39.41847174292526
326.600344233577,32.35493722344996,30.336513302141867,40.287820769872624
325.3610308706316,31.36775258507206,30.596278841689113,41.15275945345665
324.6340915962697,30.98233887642342,30.923312867378016,41.92358687075394
323.65611947055646,29.541696198598512,31.73533640383979,42.51703079647431
322.1906109583168,28.718113537042566,32.333867874253855,42.99795334255358
320.69737148026337,27.956327743920706,32.953641907933495,43.33817246758364
318.44498878614394,28.281006185215663,33.86242673827246,43.887475770960386
316.8822120479912,29.225084353628027,34.54425876846103,44.44304088025261
314.6440067189538,28.97754261080999,35.296319131330726,44.93812436588868
311.7883204028733,31.18585236180938,35.96268514357977,45.56651148380192
308.8696550480109,31.093758822535378,36.67323399241048,45.750698562349925
303.38041611237463,32.16284736361749,37.283349857373864,46.20461198176297
301.1389350621487,31.90338832226164,37.8276325368231,46.72353006447467
298.8512775023639,33.67224801081924,38.41393572767425,47.17482261607782
295.086791419895,32.81869852092465,39.212467812498346,47.53583357984424
290.78662811304747,33.24765700072879,39.62554241451076,48.042458622183055
288.83669400975776,31.742542932215592,40.76739706761607,48.29467320573545
286.8278131109772,30.869691441823445,41.98256007122512,48.6390767895437
284.2090612065769,30.036050381114528,42.94161516458635,48.880209339148365
281.58467714552717,29.06639836116132,43.85461311436686,49.37425665494847
278.21497268701717,27.36732901139287,44.72391105218942,49.83733986488666
276.3504668461157,25.661054806364618,45.47570444051563,50.27266998146642
273.46298048120804,27.58680971166665,46.728551396158764,50.943285945034525
271.2306380233572,26.46424222462295,48.11767409391729,51.650639810150395
267.02610452343697,26.85885890265253,48.672199823092285,52.432314708224325
262.7155579494307,26.59674363179264,49.33368407273372,52.9565452499441
259.92661027635165,27.923329197552626,50.07972797041917,53.524608417405915
256.3367923439671,26.158630436424687,50.7340084044318,53.79132822428359
253.55668046088067,25.149849470068872,51.35655542062604,54.16299790700232
249.83140438966194,25.019699729898097,52.16079431901366,54.42329738734387
247.79307212345415,26.65351093046694,52.88066867331003,54.5124651643254
244.92019119329345,24.788870198683167,53.552885597589196,54.85938333719812
241.95991277970813,25.419006869707403,54.351695929845405,55.3063588267878
239.17643667038675,23.432899321951414,54.73800172982429,55.824809643190555
237.08349457567374,24.176810340837545,55.44163470728628,56.078113211400314
234.92387159453858,23.12346385027685,56.248461965785864,56.42859684063629
232.0096354417263,24.713877396440203,56.75361035916944,56.79665235647023
229.92364196559987,24.567442062338188,57.34921114839175,57.089523024674264
226.1022430865888,23.674744453320173,57.78327438600805,57.072734612608826
223.22075404476652,25.601061057122088,58.12001028660834,56.83759619370116
220.274260362027,24.61710620003372,58.58201411442738,56.995178061991204
218.1406328496826,28.168765805118568,59.209128389398415,57.17214035125711
217.10785697384063,26.10119210635363,59.44197443946038,57.641876345543096
216.96337926036134,27.02124935729808,59.730929866419,57.64554753337742
215.98142161830708,26.00324001566091,59.84646962240035,57.83319068852459
216.8660167674729,26.014114508298398,59.930434517807804,57.81144170324961
216.79245679926896,24.942614252355423,60.077554454215665,58.10031451115541
215.8153073083318,23.085536040822035,60.170849755298626,58.092463572639474
217.44907600272376,21.97994126675983,60.627997326712105,58.441310640665165
216.48997760620244,21.728733216752044,60.671165960738975,58.94372674068074
217.7204536053843,19.600784027212114,60.093863950904876,59.43232514270139
217.04495943296467,18.324939120458463,59.5625573127944,60.101719973259
216.4439472504978,16.364345518960558,58.88010965209975,60.253963124998016
218.70361411567345,15.347471981881544,58.112967806844516,60.411614256608026
219.39675095604312,13.487731526780337,56.72669412610512,60.39821297828853
220.7940885893981,11.822290101472596,55.7762790139758,60.04057551974287
222.1446968101464,11.27045068327078,54.898640947509534,59.320675981116125
222.60569403288915,10.526694149964193,53.97664650202405,59.00979668753553
222.2515346761381,9.763080753804047,52.90609256100738,58.7581508253371
222.67181124373064,8.890401145715366,52.06553942582232,58.74562184874641
221.97192967401247,9.10764179991164,51.72103780133236,58.31114054035386
219.7459424578664,10.339009963799374,50.97697301838863,57.58041728432371
217.5355785779565,11.40827188613892,50.27137785598967,57.15066774705086
213.83836657170573,12.395430001561309,49.21171030089454,56.86716982972541
208.57100955343623,14.220036093423339,48.060304861107696,56.55684892495161
204.77567165600632,14.306220858158241,47.42020414291573,56.384479395481804
196.82751471553385,16.884647242413397,46.984569637894516,56.12721114276135
191.34030276760572,18.664501420286552,46.60351644642278,55.8119248119659
183.50063540755662,19.677579055483534,46.17074167652584,55.39698049057145
175.21784743739875,23.12694821860883,45.16006616534515,54.88960632850139
166.04310781847397,23.96069187388662,44.62488436748674,54.795840770921465
153.46816799689216,25.69198261799456,44.75666610046455,54.46052152147881
141.97643794480427,28.88604061995209,44.33103598940161,54.31482957496074
129.0989435980539,28.893696583500535,45.2622189289807,54.29951764786385
117.9658014464642,28.850962058849497,45.600503121007556,54.38498669716593
107.65913937851111,28.144589417919597,45.76411680316793,54.224677328737585
96.51024511736875,28.239691094109126,46.03686993380874,54.03447397635853
88.50876556130945,27.396375627372176,46.293149218595005,54.146436927099195
80.19879864409918,29.01134217353701,47.107917456006064,54.07753695417142
72.15243619385753,27.421207384153867,47.27537802897454,54.07275366743474
64.85061218308199,26.643736671889666,47.522803108860565,54.03255920955592
61.25748807891187,25.73856770774824,48.31514964563421,54.24442171994713
56.0880678639343,24.97133029501704,48.96737144720111,54.16446010734482
52.515274888182226,24.132405440339475,49.6185265666774,54.21870210869298
49.73765203596301,25.130128427332448,50.26928009571652,53.85808685984015
46.1131741493349,24.386408091107867,50.96000566213597,53.70596998058012
43.333644633051705,25.275397165908863,51.57464091344786,53.5761330913963
41.63512595302596,23.61039916026436,51.65999286492639,53.59444369411235
39.853335722934006,25.37251266412422,51.908612936031716,53.38517707547121
38.826620101159065,23.668386539567834,52.30391501901585,53.47717100345248
37.978440826483734,23.637856928024668,52.33445531034181,53.538230226538815
37.23311966166371,21.876902357919604,52.157838196605006,53.72562047999523
36.718060864146956,20.152638179311886,51.520545446270035,53.839328146473704
36.20878523197681,18.465313695346765,50.87998656311056,53.895756819404426
34.828204375591866,16.816484902752713,50.34146662485312,53.89373275356519
36.60932644651834,15.258640406017495,50.061744244324565,53.726899985711235
35.17177602338744,13.601742405336754,49.66842102079173,53.77227191727808
33.700050902992196,12.005853296677945,49.35453774389531,53.7067166169088
33.08481550151496,10.32965985570559,48.96235849563335,53.81380339642066
31.59769514504607,8.803081072473269,48.70045646967592,53.63081822399009
30.00240348900251,7.9827568602101735,48.66894286730174,53.66041819128563
29.29533521377349,7.944465232735951,48.47207277318199,53.737001446234075
27.003838186862005,7.269489134124967,48.22789352908232,53.47789587748183
24.67190121860863,7.376186189929001,48.08837021603327,53.26450176587376
21.680651623988716,9.739970611923752,47.68851833716916,53.32369622296221
18.821663422496336,8.090459256675164,47.04599643219184,53.44246977947835
12.872291845732555,8.002064835681981,46.29118892968212,53.619258621464716
7.084855317578821,8.644349715657771,45.28738620361824,53.90702333430955
3.2071364244642275,7.671916449741545,45.23961624337058,54.291248316846634
