57.5,21.5,31,45
55.32595496253315,19.911736082771547,31.96456424910535,44.79300200862855
57.12100132745232,20.64822844425149,33.192682277363254,44.524569975192726
56.12279119325653,20.05566370129399,33.968465688352175,44.48906260370509
59.35884999867141,19.93964621059384,34.89297681880244,44.72109758510539
62.60888608097942,18.614696666316352,35.9011509358244,44.86824791311437
64.56840810440366,17.08407122890047,37.062098124345326,45.389503170261435
67.28560309978442,16.612812786162543,38.11167689779303,46.33202005573729
70.26964592391602,15.633988143018854,38.78482033528108,46.96142352487442
72.77857830384637,16.929857903587788,39.162150862804054,47.06728164742839
76.24327613443518,17.16102556204826,39.01533760109322,46.604946330507445
75.46867801482956,18.182667537611604,39.21750789991302,45.90868831977219
74.95872450093154,18.40686558292424,38.89788063799074,45.460292229146916
73.21593141353905,21.510200637325614,38.401057255815545,44.563501529624396
67.01660039008287,20.424051277715364,37.74344808041258,44.12454600438183
60.83304108947575,20.529025032112703,37.22776359059104,43.91459849558715
54.55722557395316,19.301511630521546,37.01192199639235,43.81613077372069
48.902946270789116,18.105485371498553,36.87468841513101,43.66467391674679
44.55045215891838,18.267845497368352,36.709213187564615,43.339953665007194
38.26559949765526,17.691557092211717,36.683567079970366,43.23299533230842
33.679228484733315,20.72300811946991,37.05400854579536,43.45745082066267
27.455454275478218,20.725571275031214,36.83261644164281,43.45232450954006
21.914223628971257,20.851718889779306,36.545783746922396,43.20002928004388
18.918067615813865,20.33548936653825,36.264365351403534,42.97774224215926
16.0483619759738,19.988943223871676,35.76984110631947,42.424047422539566
15.05221214212797,23.33262288798037,35.30157153500602,41.88811119183494
17.688078871909784,22.38232041452874,34.88775288779937,41.35975873255972
16.594648601398433,21.36336405402821,34.675280784841604,40.998338809580304
16.738126598047554,21.614620237745278,34.38832479154336,40.49582644214617
16.339013863924862,21.817662013454132,34.00825325422706,40.08974289072846
15.89672523546405,23.258323099757227,33.72691588699366,39.54024996643233
14.929741238971143,23.485086784219792,33.35507328901427,39.0867225975072
15.817387771408903,25.42222751770801,32.71970285627019,38.63220902692508
18.81875217504816,25.116906057722616,32.330410570700295,38.120164642554144
20.14160095813861,25.512679441692335,31.90175469097781,37.32861787461471
20.761545927275797,27.374790858877283,31.75126910999984,36.87260811213402
20.317437485770697,26.912633628526837,31.55954763934513,36.716984219169994
23.171590658530448,28.593790269300463,31.223510350110853,36.57803237139389
26.264114469912705,28.606316077171027,31.439911290866885,36.55298075565276
31.973570667754668,30.918632348797004,31.790966355401885,37.27833342159123
34.923276147795114,32.50885664685562,32.412637321918666,38.44527277653912
38.39386041143422,34.2755780151015,33.27549660689893,39.37127450419504
41.62078022109303,35.31579375809171,33.67987487668819,40.719951962768064
43.67574872335446,36.5086216171789,34.251292792031734,41.84531243449348
42.64216457101892,37.17088860391604,35.12158210373545,42.91453644695394
43.39767852583573,39.221230116925234,36.065318885418456,43.72338280356884
44.265075313511204,37.56930271010648,36.840659854184565,44.5171030730893
44.36785240435047,37.94926827264364,37.914903695371734,45.036969970880676
46.080905654434915,34.85408530965959,38.404170555397094,46.00683808325647
46.02053486253997,28.144978733795817,38.52491213918698,46.14546520710424
48.260479454199235,22.12778394339862,38.04114580043888,46.19148625418731
47.80128554896859,20.97197404348106,37.6345887912965,45.85321641481508
50.74378114097182,19.33487278631452,37.0022976125421,45.187893925209124
50.37727357562005,18.613285702255958,36.44258479963937,44.04561220611372
53.24994545961269,16.651008810865378,35.76170546075008,42.90570155979891
53.01538562946798,17.319068383596882,34.99324607346033,41.569582414335905
55.81586255979041,21.594254164683527,34.210697686580076,40.246819062809536
58.0258614841964,25.149726665802454,33.30548682553155,38.99385237351075
57.945626506560565,24.571226493269613,32.328265853188455,37.875470863346905
61.02558745700933,24.668644718170448,31.691881409682185,36.575926922066984
61.942405289819824,25.820179963038342,30.932641291851997,35.347251980121996
64.92576031701816,25.85561698056217,30.181925596714045,34.233179073222594
65.25319700050036,25.893635910071396,29.527052229749632,33.14323180630731
65.62531617741372,26.39294899763732,28.78281387592293,32.144605631175466
68.33268972665228,26.420362769344838,28.163675312777517,31.130656380694084
67.65663581347444,27.37048160732406,27.648829722031756,30.163895413286355
67.07744831383187,27.22219570947947,26.98676230576363,29.550246001198882
63.32611081630783,28.92469173993971,26.47837751847546,28.815607201057148
59.266122006374616,29.56825069215709,25.892585964877334,28.399066213968844
58.65966238559602,29.233860134832575,25.3959875471761,28.21308849898868
57.9487699299714,31.140282117484407,25.129880540713216,27.776028369109262
58.47033330998268,30.450962973193292,24.919657128239464,27.488859962593907
59.309801522963745,30.428249373037016,24.89088672097124,27.53428716290646
60.53256202790884,30.873131960455325,24.921358329726253,27.469852860951566
60.92012954354854,31.256158157628903,24.971037675147866,27.52861484330545
62.142315608805916,31.255986253714674,25.006228181634675,27.52895865113391
61.38408250662667,31.24638290792754,24.86851983432728,27.54816534270817
60.55842025594773,30.725538031347448,24.86946453171176,27.764665193881655
59.54479910912919,30.637972879134622,25.239566062178426,27.939795498307305
58.74617760673979,32.03481572252798,25.1624084219579,28.49491110151923
57.51839198152866,31.25188000552474,25.084210770482276,29.216192901559754
54.48862950916065,30.816925861993756,25.1621986088419,30.08610118862172
52.442340745862985,30.382116955714196,24.90883768467968,30.955719001180835
50.91084372970411,32.03661307565857,25.336429464713028,31.160596431004635
48.257857440986875,30.954422757387142,25.31119645988056,31.54790854012518
44.72559611714062,30.746381883978852,25.22314843403082,31.96399028694176
43.76423394486283,29.696678990060573,25.347833988411306,32.26535728460323
42.59612777347663,30.477547219828075,25.87273056521687,32.51493659103507
41.75759983546877,30.833347878485327,26.631784266269896,32.72133744868327
40.07827912049801,29.40558310741691,27.19003328350049,32.77647457810919
39.385068139622035,28.727015492886686,27.633125814111448,33.19028037602865
40.17505973276174,28.024704954704,27.966840473196488,33.638052529711814
40.911755978586115,26.806286099354807,28.431703051597815,34.13663517036011
41.66592792637629,28.174311832818667,28.89196649446391,34.35349471110206
43.26805206970024,28.69949948166111,29.66796893427207,34.29818209503119
43.135521342441784,28.47877000306026,29.93303038878898,34.73964105223289
43.13950061948,27.444188430685603,29.925071834712547,34.7732765963077
42.78130060581951,26.385970953023538,29.62331564730676,34.8533991221783
42.96896119844516,26.454631861804128,29.24799446205548,34.71607730461712
44.04914099514281,26.647890291690477,29.100410111217393,34.329560444844425
46.25724098815858,27.606795043159487,28.67640297070336,34.40784736466516
48.853532567140405,27.371623251786453,28.44595574003049,34.87819094741123
51.85453278522713,27.341275512118088,28.419617375140138,34.938886426747956
54.268217751572,28.596365230153882,28.574499275071204,35.418058090248856
56.56987775447627,27.11149908159684,29.00275470259446,35.368845127363855
59.47423187540617,25.208306760589466,29.26896180841369,35.125286204259254
62.58005479501381,26.292780608844055,30.148551682171636,34.98240585431385
65.14012912770336,26.856060875016254,31.17827050095506,34.880823235996544
63.25315169007058,28.92027548996375,31.83254909047784,34.91196238709192
61.13386013200908,30.860775625994485,32.91868734232169,35.234221934069296
59.23366341952936,29.613213419727792,33.499722911544794,35.58310777611179
58.42536660247464,28.91039670758875,34.028521640801245,35.90094629553689
59.51248150307445,29.15834191756637,34.05659737260517,36.506208642083415
55.408640856262885,29.42323055948454,34.48687351171775,37.08748923746287
54.369871064482695,28.901642083457624,34.310474503818256,37.00369689378677
53.39994095344635,28.31678209054941,34.00461956464579,37.050559298980616
55.19421199128389,28.14543597967257,33.7722438956583,37.393251520734296
55.22333912584971,27.21956956490926,33.71398962652667,37.004276904645884
56.927531569614324,27.35226396771819,33.645721030354096,36.738888099028024
58.876513971227475,26.71349111940784,33.07221049281917,36.908282373751604
60.12254720860075,26.604127309929602,32.783426002913046,37.12700999270808
60.697304447696126,26.116138786365717,32.7343319045072,37.002566660050945
56.01628101378252,26.441449495746404,32.21703818802226,37.449649750657585
53.89942594151458,25.84715213752113,32.0653912664742,37.541905200587145
52.22409445645259,24.737192869772606,32.13006608150655,37.571164966023105
51.07348343603705,23.60708475538268,32.237646637810805,37.63773971027612
49.449162960743706,22.842945092034686,32.1875536936744,38.066441072064414
48.199868332518534,21.4737682831402,32.475356357328764,38.594008097057404
47.391458239924276,21.10186237343444,32.97401140144852,39.33781991646892
48.23110455340399,24.167963308696763,33.570050789085585,40.03161408973378
47.38789142483309,28.371372060929318,34.09851291542209,40.88850963171089
48.91990932021728,31.004406558677655,34.57353837188761,41.52087604827067
48.15843426098877,33.935238533653845,34.899400497895776,41.64465206056244
49.84959537487015,33.135345905911734,35.12982073122789,42.04018982901503
51.05619047914638,34.209553948549,35.14474457338225,42.31988779444733
52.9508919720694,36.31610132073217,35.01116111267311,41.762612575217894
56.179780303694976,35.93475542697917,34.59271695557594,41.31743786149309
57.030566473654616,36.72200550065264,34.08540685418951,40.937199952678974
57.993917132599805,39.2987985079514,33.33893143313813,40.50451752543747
58.31267145083318,38.55168639576682,32.70142279667137,39.67570296564484
58.0589826352946,39.44346725403199,32.070326860738675,39.030614816124384
53.787354438579875,40.33763789887199,31.66672087589704,38.36063132372827
52.86832106375351,41.74660672396128,31.301722345028505,37.74575895407093
51.9159862942051,39.738906273308345,31.034037096372863,37.41645027987186
51.535564795488604,34.65586526842216,30.7180917656119,36.814649007704865
52.77494479318641,30.19325668000591,30.36417931090437,36.178052251441
55.04920985684629,29.970862195926998,30.003284183622135,35.575932469589446
54.731956105918314,32.252199245775515,29.60598070336298,35.14050229835284
56.52099246728576,31.958393243875843,29.084001824284414,34.70941635426674
55.747865665916294,32.15111309523259,28.622967847201785,34.32397665155325
54.96605732967036,27.87879919605296,28.20603743569263,33.95614257190789
54.188278874594765,25.138424352463723,27.80582560171213,33.56958602669127
53.89490645919201,25.67571218796681,27.4270946056849,33.460486182517826
53.11143587223131,26.240842021113473,27.078671897292647,33.28790845738132
55.20200127226739,26.486565054589466,26.695128066301503,32.79646239042933
54.9499469154089,26.2919137945612,26.263593922641967,32.25012205310937
54.268386775549686,26.154898042505376,25.786175438826113,31.603884175453878
54.07512038384641,27.390834268296885,25.270089425828335,30.93724931667955
53.35897875533809,26.714677838229264,24.93431382657165,30.521503320541484
52.602266802197526,27.383161674725223,24.703315415295673,30.056746806328118
52.30475192851359,27.59294496233755,24.43701283047584,29.637180231103464
51.537625513551056,28.623158238018,24.270111450899744,29.277907889243718
49.92023653693624,28.03966828420949,24.135475461922894,28.760180825757487
49.120030835327206,29.336559451375074,24.071474598939517,28.66301689072847
48.2963067317084,28.532835304266882,24.0595686287298,28.611111007497513
47.09060156474246,28.500083164709785,23.98492425009856,28.676615286611703
45.822367030904,28.83662914446031,24.035916235049385,28.83201568801935
44.621380102761535,28.550030110341016,23.942763301507508,28.573504826315677
43.40362925236823,27.95980045557457,23.899594016718424,28.101516812131443
42.64488839467547,27.75091864358591,23.78058276452083,27.701033952317196
40.3357642678239,29.03028742303284,23.537953772311425,27.57273501637961
38.54189647953253,28.187857988070512,23.104361865083447,27.64906289277998
39.73503636770825,28.68977957037613,23.113477206559644,27.44368476744463
43.59033146401309,29.485326468294467,23.357340644986376,27.443481697815226
47.17397468280728,29.89285154027671,23.384345564760906,27.427797260224395
48.5718781336478,28.786722457779927,23.786768989705777,27.241382680248527
47.95601045046722,30.49872419910357,24.215371937860546,27.029908870426862
46.96080625979057,29.133158879038337,24.592364433708482,27.34091568229932
46.836176172390694,29.648146754161846,24.841624608508234,27.946060992327965
46.84047134704387,28.900003993847772,24.8330342592019,28.611403847884553
46.43975671659814,29.05636147030576,24.793344816568514,29.13980759849342
47.59581681923492,29.14269817863852,25.027178133265718,29.815785355818164
46.68304611732106,27.3074524171995,25.127029018239696,30.034895840988725
48.877718128353266,26.797121003207366,25.076843656505606,30.187726936906923
50.50553627101422,26.551261413297496,25.29871647258681,30.679446116726663
52.834049562300535,25.661007127281003,25.924852829266715,30.698900375675482
54.96343055827889,27.431091984884336,26.120690624377833,30.722410490123075
56.515367768327195,26.94562042666719,26.59454947240912,30.798920289525398
58.514173898931034,27.106438704706967,27.11307562310929,31.380511415827414
59.630798459826735,25.144432742040298,27.641463859149418,31.62234019738542
60.42129786903739,27.14907704647162,27.925988477858965,32.276860181349896
60.238748806418194,24.988783341959497,28.29108660309736,32.807618864315344
59.46767646261928,24.844268392119574,28.871704402901905,33.09664876399519
58.27664896919035,25.022681789351555,29.303134630526593,33.715134349147824
56.72608682075389,24.145103318814456,29.42884258862057,34.478485843962375
53.39408428332129,21.697773027171497,30.05907435285659,34.34500200172398
50.54562798323721,26.9975178603762,30.68760787572966,34.89594630536375
47.24499165294842,26.755018311743587,31.095199532400155,35.380945402628974
45.681180784889484,27.173106535310193,31.083848136006043,35.591093332999755
45.18704485054241,27.848554736881944,31.02272088342336,36.33899517240992
44.387507122222225,28.95289859655977,31.561808155609285,37.310272006417605
42.61974795667163,28.795900573011398,31.846362124374828,37.62426805351435
41.28359978819501,26.749851923870487,32.33249986978085,38.43712746447535
40.215041652193236,26.139715196682804,32.24272564979194,38.54395567285449
38.808294625880634,25.950075794510276,32.828927360499804,38.92323447719954
36.40971821825667,25.717276519112122,33.11033656970597,39.38883302799585
32.038393825340876,25.07893957327281,33.86844668276353,39.52485853784962
33.89718953665408,27.212255954570185,34.77062172416497,39.87799223928271
37.80715400507121,26.920854300988108,35.17485732242188,40.46079554644687
42.44606036737721,27.098471847535166,35.42012636935034,41.295945674795306
41.814152260319915,25.028793193440016,35.47670169397503,41.8135803145159
40.0958807958837,23.59283015059454,35.2648047250565,42.25321313501289
40.27091545862667,24.05451567402004,34.914735399570574,42.54935744872836
39.8964281885749,25.47446053127557,34.44528505654772,42.14631750047008
41.290141236370594,26.804819331891153,34.06714249336058,41.894883431643166
43.2487795220577,29.238897982689423,33.73385630189428,41.80537996992385
43.8815978296762,28.55519053827836,33.65611499148922,41.98489955391403
45.534935169892094,28.592105895157164,33.91761162890791,41.911068840156425
48.530971950375914,27.331744638999496,33.88800096033202,42.04680619551506
49.13663681657086,26.790010183550446,33.87076808244358,41.936178251911706
52.55852658245939,26.2087648703503,34.17970726133612,41.9065490932004
54.89931985515159,26.487452394300682,34.28477311687501,42.545837145530456
55.545636479554936,24.114297129026617,34.2003209394682,42.45942339047913
55.51089283459299,24.46926162212481,34.2698082293921,42.95498160116048
56.400137311835294,24.957009794646563,34.91974745357232,43.193699345449396
56.03348327968297,23.150781664913357,35.653055517876965,43.12093574233233
56.87847766627184,24.730921285762193,36.44134850409229,43.67807913972425
56.18001928753747,22.853785811902462,36.57782936602315,43.65104240083005
57.82641159212007,23.74118515469693,37.071700715481114,44.40068102098988
57.028295695712586,23.719916104798024,37.38620134728472,44.44321912078769
56.12163504645984,24.18945445771317,37.91206894661892,44.79159611412871
55.47857818749567,22.690984806215667,37.89688972347414,45.18594953497745
59.26183211153197,24.341947164719226,38.173172259314356,45.80542000992674
61.9077021349425,23.380765984905267,38.16595769428705,46.40665099910623
59.21818747694614,24.968360390565458,38.2239049208736,47.22227375484047
55.22305552641393,25.988142358585723,38.15171429330642,49.213937083115745
49.78676493820706,24.133664860674255,38.03967959542788,50.17673811036561
49.10992023156222,23.768453000165493,38.007425088696365,50.907161831383135
50.816009004199096,19.442754870498064,38.784869975588904,51.17931322638542
53.31172406735288,15.242189387230706,39.44701340771125,51.10008385527525
53.67213807722415,11.934167683702672,40.14916868746752,50.60121076483721
56.95328883374815,10.299656886438868,40.720708092703575,49.58992780839439
57.63140258892847,8.762912691356945,40.78497966481995,48.40191895112714
56.3865960825004,9.463190741769122,40.46811876745524,47.00136285030279
54.79575486244046,11.577483266210667,39.52026752499622,45.52580025647227
53.9489388726774,11.57550422474328,38.53695332743724,44.19128525086449
54.44067267304684,11.533948046205168,37.553485726698355,42.97235167895481
51.75370084660554,13.507002369411232,36.590402396415634,41.5610538258088
50.338597452158226,15.434582765021052,35.73028188733567,40.16611123323889
47.799373915032305,14.902098039986914,34.83518729065719,38.84166401493503
45.87669661245468,15.501045254880804,34.04119621242129,37.64376958514725
49.194398421166184,17.712459261829455,33.0484958251679,36.60656350935171
49.12855826211778,20.387465445486363,32.083603910051856,35.64284007488925
51.122069352948294,21.006385901175253,31.29515143668111,34.40499916351147
51.096689930930964,20.930480319183776,30.31155204685319,33.52245209363185
52.505852932899046,21.324006886361794,29.503109888609934,32.73539895927581
55.295220929703696,20.721026015020588,28.82339138583798,31.981753705623284
56.53219057082511,20.467676938835986,28.263928797641935,31.531213510969092
59.16247414585449,20.677640096959358,27.709883069196444,31.11128719472235
61.216576615238495,20.38200735352359,27.305399632386955,30.77662230610426
61.39098931110041,19.68619252918848,26.956574240663116,30.339713866178055
61.45941262340319,19.48463348756526,26.819727616057566,29.840921518152214
60.599963674115116,19.478494131834218,26.75467247599142,29.853200229614302
60.30853018530421,18.524604070452988,26.446410818355332,29.97872308186095
62.46390399687909,20.590747384265597,26.576410125076176,30.287183384106353
65.508857424063,23.18688683419238,26.751593223150735,30.46498158634626
68.10548984668607,26.53305609509976,26.96177169255183,30.9772341507278
66.56967682629111,26.330073296265425,27.297765814732053,31.383199748396464
64.14978790898037,25.505079699976537,27.519795560355558,32.109637323174645
59.242203958493356,25.125486416362676,27.951458749151033,32.86882389040237
57.15240790949266,24.840783128424,28.302983713917644,33.43823046627972
55.32629129617532,24.068416285386853,29.040832623561283,34.011502713357004
54.08481202258432,23.73896375571631,29.539434192856035,34.67040777269809
51.89828394869383,24.494952341378443,29.871005626866918,35.179172958258874
50.631073796104005,23.860820466149523,30.35830744435475,35.423877464870806
49.525703838779776,23.240681660607496,30.498703818100893,35.6289833055037
48.85660832810916,22.662013426438584,30.796297727605342,35.74572266200475
49.286038032620276,23.030064574934084,30.984619214874773,36.0568012613054
50.75593565826922,22.425420707432508,31.209868125764082,36.21107427557948
52.86232570395441,21.75108518588455,31.24115439623503,36.498728728215056
54.97892506750636,21.16540669775236,31.271820621998312,36.604119466262645
54.41489852462435,20.45718003020783,31.33178619525568,36.952485288845054
55.88363793957611,20.340936809108214,31.61760254966451,37.184971731044286
56.93170548559816,24.12217320763825,31.68670332043598,37.2008244538387
59.05281429925828,28.00278155343143,31.780380700643786,37.02742402542646
59.55008732342713,27.575941304247895,31.868634201616164,36.79830497448345
61.67796216054279,28.718250595799436,31.93557344988343,36.67503085262967
61.26395640136051,27.772616729776495,31.683747672430076,36.4066239930397
63.47351680038602,28.486898505629583,31.55120393872375,36.04970470741969
61.476147616592186,27.48402237468239,31.289975112198583,35.927473372257666
59.89783897076036,29.104155272013273,31.27285496207634,35.86094501938179
62.14108309382187,28.132754522059745,31.012797793379246,35.69053098057588
63.35111275632546,28.816161780647214,30.692338830118636,35.37351664427423
62.45779883108226,27.92614866673869,30.39945861363008,35.07403480511631
64.67586166459002,29.114965487289425,30.085018716083376,34.75724404874924
63.36713795177703,28.707758915747792,29.641040938280515,34.551182124022894
61.036421367920546,28.290031313065995,29.251666385666237,34.376475785321034
59.678258773878966,29.388476099296035,28.96437620930871,34.181996455821405
58.34357224733122,30.932071294257494,28.65300312754123,34.07555220076147
58.11403488083472,30.43909064246589,28.125149763985654,34.074585407796114
59.51527484973889,30.52654079829422,28.2578774390881,33.89968509613945
60.52206231421695,31.143233557537016,28.20000389091367,33.64415026804471
60.55766129546592,31.77375002012301,28.12880592841574,33.356097170122695
60.53782368294341,31.920039595738572,28.168481153460757,33.06351801889157
62.00464110266257,32.485682565124705,28.1253847922345,32.89574490618998
57.732889784260024,34.02800219980464,28.026832850762677,32.69179049625576
56.71885267881561,33.73673469192937,28.143921038331577,32.31883250034634
56.21094844288997,34.36000342388273,28.208127802315516,32.023896744306946
56.63317746094701,33.58679188273172,28.311729613245312,31.67420013252122
58.98104287810075,30.541319369315364,28.337444841321023,31.155120672017468
58.46824615736846,32.21564781725279,28.426410221460387,30.616347960118325
59.816953635225474,28.5483134155664,28.517937187743595,30.513838304831815
58.93016079944363,26.83196005079673,28.432520038607013,30.228539392970603
57.556960558483524,25.379866855434692,28.407856640414966,30.361661903582448
55.31710590321521,21.9817498684306,28.26068416759594,30.68026138089271
54.12629694614174,21.00219668532013,27.858277112236053,30.78335110077578
49.99003970393929,19.908273215080598,27.821965042341695,31.124792140299444
48.73734758941105,19.802521287481564,27.543556191818595,31.336295995497515
46.074945200731655,22.41120488685327,27.307796656346728,31.679493109584772
44.23734419502556,25.154686694737663,27.269815916559324,31.762303620615373
41.89553659477687,25.232721445122053,27.308598998701534,31.60623411984659
37.93884397520754,26.686326122639393,27.804581673001717,31.48055072662633
36.76189551015644,27.615368506439413,28.29212790905999,31.488816653070224
35.07927339323834,29.090458803829936,28.834085204660134,31.36192299652523
35.458537225860056,30.051997121819102,29.0233171876226,31.33436565695869
37.92937835223127,30.870549321620366,29.783677845219067,31.597942227469137
39.094122277415124,32.33506011065227,30.353792356323037,31.568523010877
40.66728326751856,31.821423947581756,31.107901029514053,31.620687673668556
40.38300493037683,34.008062815544314,31.676457703797528,31.19878409315371
40.69395216650865,33.55208390465849,32.044717376016344,31.12058777044288
40.05289150189657,33.52854351382331,32.33213610550699,31.167668552113234
41.50774533295899,32.840574662956726,32.42229310474201,31.54365136672645
44.62866189199659,28.15632157585333,32.22434368584733,31.846331992162455
47.980337060866894,26.916876177758674,31.57488911796651,32.30725753173185
51.6093874780386,26.754752271102873,31.358798990149065,32.63150534504345
54.813240458414285,25.965562277211454,30.997122019187167,33.20221383452804
56.99407989852824,26.13067525117894,30.678899372636643,33.88285194501241
56.42909252671007,25.39719268640719,30.792466663204593,34.33340962148751
58.54913609137313,25.10071464453842,30.653280722517454,34.92636570522505
57.94636621254551,24.31231225527071,30.826618376221408,35.47096837980921
57.509762022386184,23.11447039713315,30.656410923498925,35.77982043000204
57.983484683295515,22.38922800944834,30.75442740933925,36.18484339771267
56.843069822904724,22.2044076922206,30.928668763072494,36.55448403216815
54.674701167078055,21.590794210164027,31.018193354110743,36.71990781612752
49.87503214657008,19.975524380550052,31.025362104286295,36.753057711741995
47.63488137490829,18.829925412711532,31.239969816103148,36.91140873166566
42.14674048672292,18.029839050005158,31.493045752632213,37.43926087309424
37.15955967671612,17.288028588049414,31.706565729523618,37.83834383665882
30.951490450264217,20.377231221082045,32.087266941177845,38.224722520366065
27.432196458622425,19.539768591037742,32.48853293267438,38.793427448490164
25.545873449799153,18.644446964367294,32.89682220782045,39.4626184543309
25.135370831033523,18.268813801076682,33.71782744535171,40.213884780912124
27.102726263492407,20.11555068431511,34.43573580785987,41.1730302418612
27.957714399726836,19.248960550818147,35.10477326741225,41.71670364284451
27.456449488270138,21.299095947022945,34.89863680919453,42.4510979749594
27.276320952055183,19.324160974669987,35.25889388162444,42.751007214064884
27.714342056525414,19.59619691453538,35.60993680425481,43.43402046590493
29.881870150690396,20.457667813681862,36.24792569126943,44.19760120528425
30.814447761910962,18.844826583471786,36.91339308053307,44.89266105399963
32.302540377812235,19.759355016320693,37.79746187137357,45.63710687006385
32.823602484362155,18.407102822642294,38.06781702339142,45.7166525271853
34.13216503068009,17.30610259223078,38.0868223098839,45.28252260887997
33.03226078276908,16.26721001527797,37.663270958992655,44.73694791607232
32.65281058855056,15.37343531633,37.12572601541166,43.931606649932185
34.77415412896839,15.875663277783971,36.70914303966984,42.92715072702424
36.82704807468903,16.981171091024166,36.36283150158872,41.96929388499724
36.50407541869799,20.970727063970443,35.775990192692234,41.38690166437608
37.2768178844953,24.200485932859433,35.44486550056975,40.99918512395879
38.00563171241427,23.152871741097265,35.1902864717415,40.68831625346374
39.248357094426126,26.19142810403814,35.09314402837979,40.581974329237
39.946794203798234,25.694796305220244,34.88722001189313,40.38428772461525
42.3535268840311,27.45052536369424,34.812104871088465,40.42659227241306
44.80021079963904,26.250475124364193,34.654882434071524,40.458620053973675
47.321290956971154,26.77140540765982,34.340749044560425,40.598766218670704
49.706254817711994,27.372465102294896,34.28730401836321,40.57576750322167
49.261423948667584,26.47514030960001,33.99906002616036,40.01460562802807
52.28786151616328,26.5315297636683,33.76921838367055,39.901826719891496
54.51512906711825,25.84914668721458,33.95135762851001,40.10742428611157
57.31168577000562,25.717462041261477,34.18460560938995,40.37079357801778
58.876783825862276,24.69304056086792,34.573679245706415,41.246546622794966
61.64319162735455,23.190447049523844,35.005177122429686,41.86600825360001
64.2496703850565,20.75530840292683,35.83903891531174,43.10819396182245
64.92791409293821,18.19550359663252,36.96644202072811,44.50196779264142
62.429703308579974,11.133651768846015,38.118080731880134,45.809728589666335
55.69798637511182,4.733027164812935,39.698729640845286,46.72819283976135
52.14826578883854,2.1750940719580996,39.99853097469671,46.40434715451492
50.13340956680675,1.5353941494730208,39.94902329198258,46.32400695722584
48.94381080892077,8.054876497927012,39.61281524211631,45.504367305689826
47.96658843058093,21.197192510552572,38.888009829837806,44.672611885541464
46.941693327307625,31.602229239548304,38.30754646763428,43.58944019317608
46.624048419078065,38.61148935925857,37.653790708647506,42.461375708214575
47.0687646601789,38.44659083740859,36.76435822644584,41.530084620478746
48.43652130415305,40.2071720456717,36.49366930555971,40.4737465710147
48.739256655160595,39.19949256967873,35.88819860354461,40.06574537323276
50.54547093858319,34.47743739489359,35.86278817975715,39.94447400798235
51.81716181489928,33.68977294431507,35.70617133934599,40.32642045302891
51.25779850429025,30.059301774077365,35.62808710966342,40.40649768810055
50.250840715778686,27.684624380003186,35.248395190896915,40.36863748466962
49.272870706380075,26.47419331656077,34.824061761014065,40.40922616287437
48.28635940933741,25.96931423172496,34.429164948151076,40.23502462907182
46.694125281926944,26.799043512574887,34.0888582952037,39.75049103662807
46.22586938575111,26.491276689345803,33.863400541708536,39.20405513723941
46.974601323475724,28.338654645175435,33.51583657823254,38.95899896149982
46.005548523817566,27.28271652738665,33.17288022517728,38.78981324470582
45.45611065372687,28.12291393539011,33.13934856385318,38.24182583020439
46.66485035605117,28.806737062855042,32.968658697528866,37.99757434443666
45.68789389967271,28.946723522226623,32.688818122665054,37.717601425693495
46.96199052964112,28.411156015511104,32.35673533753484,37.68068120172123
46.065848791538954,27.98271439969379,31.944709827994778,37.435409940483666
46.6500538653999,28.707955531241595,31.868044281224748,37.0766722783399
46.22929417246845,28.869294961320676,31.62459498373643,36.753993418181736
45.37281143139917,28.9177197379643,31.18541955417171,36.657143864894486
46.45241873990213,29.600813736583806,31.16124043067257,36.35847361440886
45.50236167561451,29.17827695720585,30.936324974459122,36.14103238077042
45.59608903622369,29.284132227231588,30.748870253240767,35.92932184071894
46.2100839525214,29.368153875487472,30.570138094257942,35.76127854420717
45.777513826066716,29.38970180449543,30.391489143633816,35.718182686191255
46.3547172628129,29.906328010757555,30.277334257410565,35.72518226093611
46.212399753455955,29.290420715641922,30.561969276124437,35.91847268755244
45.61729063162882,29.24996340311312,30.706101352581566,35.99938731261004
46.324999566000045,29.124901073304617,30.340336447105678,36.24951197222705
47.59160182937701,28.91760324558998,29.902384477262324,36.66410762765632
47.85690850507106,29.34596264165328,29.37177112587421,36.854327118528346
48.14735021470098,28.53280409380143,28.790887706614388,37.43937906907506
48.32464050256,30.120589367581918,28.436307130896342,37.38612105716235
48.926048994574316,30.489959953972964,28.2676655766561,37.68155531416865
50.03059218102119,29.939594186169973,28.130422787610335,37.74636505785063
49.814655941932614,30.467761253175738,28.562295265787498,37.72469392186028
29.35681132223703,39.906494698741106,29.905028236946308,37.59231157883961
29.769619535912305,42.94333939975448,31.20186260339534,37.88597455821162
31.34836194844413,43.972538568644424,32.391272612125505,38.00102363732863
33.28521774660854,44.862656570003125,34.05585960130169,38.436107068813236
36.52961567550324,45.7567911590272,35.55465628104769,38.93000718720379
37.63953689956054,46.11818881322175,36.85287090299899,39.37989756883667
40.2996647865196,48.56358027667525,37.53437077925171,39.29051916206635
42.648125477784504,50.744060236719164,37.67649643794662,39.76860628320327
44.75164527514586,53.556144492280815,38.3474434788466,40.24192106660833
46.355750131376524,54.736013412541816,38.85184742605733,40.35725899920102
44.34560022857623,56.23448408910559,40.377484871022745,39.854980006708644
44.26477975829508,56.26437673439074,41.80262249713411,39.79519471613836
42.32111618657743,26.398941104375353,40.550318537215226,39.13540051175757
42.40621013128161,26.756139727678647,39.12528689133923,38.42100326515098
43.55600692736838,27.99301068811754,38.04688212759169,38.3896390011252
42.910352686389686,27.289533385071437,36.93074717633482,38.59287189061028
44.97292897340641,26.044306909318173,36.373423567070034,38.704772198937704
43.93345483532294,26.039517887452906,36.087989291699486,38.71435024266824
43.63959104646959,27.719669385128654,35.49790880670523,38.8874714354196
44.34199214570114,26.446194431044333,35.2642258359623,39.09218288814792
45.58022781176123,27.538279664138408,35.128912650776044,39.2491705688937
44.42641455025533,26.1770327774811,35.09482115952271,39.62994632794318
45.592068890906276,26.396776922325316,35.11596458437654,39.19045803825475
44.96481088164035,26.164035901938924,35.2007406037494,38.486200079868524
44.9158209344653,25.163317827746976,35.29872049809949,37.00722863348748
45.956508860126334,25.51890648212774,35.494538432293275,36.29605132472595
46.30822031552091,27.92795094247286,35.92165837469162,37.1306766699731
45.55492853144203,28.218769774984388,36.27785085874232,37.69943008905712
44.9046808558332,26.20311102445279,36.41340343579792,38.23591926763414
46.140624995676816,26.57018924565442,36.29249974037237,39.85274740949258
38.97741961181656,45.02393127282463,37.43200025939495,40.108374056028126
36.54804929747316,44.0905445222702,38.627961693614935,40.754221158981395
33.29794384413706,42.50565064112102,40.1281685987057,41.42400692048904
30.06203326513853,40.36932453050177,41.46300697428693,41.84392205491566
27.63069850676922,36.787114964728296,42.38992635013639,43.76067433194373
23.35484316450327,31.67798926531029,42.801680400236926,45.83896909634837
21.62702006987429,29.525615143270766,43.46590487665914,47.35229562759168
19.431391853711762,27.52723626831124,43.56751992499985,48.4892924548545
13.85190251600753,25.05437519190089,43.13293463433346,49.087428120397135
11.64288631931013,22.151293293860643,43.19637058196315,49.087463322124144
8.893987455447913,20.09513848966337,42.883975336046475,48.84212820028786
3.985582396862579,17.55123534702087,42.59458080280726,48.15496039962436
1.547920886941025,16.167442337221814,41.756080549625636,48.065634782710106
0.058366265991423916,14.672659178325375,40.494262413807235,48.227916182024586
-1.9540053276518172,14.568155727116668,38.93551750446037,48.436923084442
43.75777797622362,24.351706820522242,39.563820636823195,46.73063144422007
47.58340830644899,23.8001524965936,38.7015378455114,45.11814894442178
47.35025318475948,26.362460656554212,37.84882032057152,43.95061592945726
48.25197589814972,25.500260931892107,37.332658694265774,43.10044777783199
48.53736498561079,24.49674048951269,36.76188051934364,42.575791357253166
48.04278162109707,26.05372521766956,36.502474049259476,41.95896829916262
48.71299958391146,25.601964934657666,36.396904185735124,41.62762280308196
48.27584343107725,26.320592824183148,36.04317426100625,41.418409254428305
48.43790524585211,25.66975895414279,35.71905063145652,41.5009440101582
47.82265354745219,25.703288573396602,35.73434362943817,41.433884771650575
47.15045618210132,25.143939899535383,35.86431961373281,41.33816337296594
46.520261903041096,27.68532356135549,35.90968527216391,41.11548764808313
48.28949929087664,26.489459361656298,36.008116667255806,41.08261193363952
47.14148087881263,25.698537850435955,35.8774144765114,41.451085448643994
48.31538122254362,27.40592416488353,35.963574933643315,41.6872545366397
47.79621753804426,26.18119096959347,35.77988537891989,41.6926870797755
47.25442787814984,25.61045123401582,35.64431284243626,41.61501469465834
46.53174720129135,26.884041100356228,35.8739005263028,41.49938230167838
48.9987635341939,25.711942076142485,35.81055386515636,41.40823734777655
47.842336470575674,26.221910185214533,35.692918175453684,41.60354603810201
47.22209381261324,25.680691955106454,35.717026364407296,41.4696053713469
48.90427990304126,25.57361957788747,35.99673396140998,41.68375012578487
48.362101249368834,26.901804807177008,35.858596417109396,41.47236937049665
50.23487060711695,25.676865114289324,35.76408170817611,41.488232751896724
49.077019014840175,25.59388426406558,35.64831155165328,41.654194452344214
49.66611678066097,26.89803668035381,35.68655943595872,41.478776451661794
49.7112895526797,26.2561651330284,35.596213891921245,41.54817356983968
