110.5,111.5,37,116
111.70334347030878,108.50350030580897,38.24884775993045,116.33746468783406
112.48641543700668,109.26118979092959,39.03820454825269,114.82208571759283
111.2323858140578,110.67349232248544,39.19789540524634,111.99748065448111
111.03706598069675,111.0420348900847,39.58853507196846,111.26039551928262
110.23276097591828,111.35895559373463,38.88957823110032,110.62655411198271
111.65327638822421,112.05438113237798,38.33437433566035,111.5215299638679
111.63430008869136,111.45489646422729,38.37232693472605,110.43200621536069
111.78253525857349,110.86135238266812,38.07585659496179,109.34544835646359
111.80631833026135,110.48288164153249,38.0282904515861,107.84963943892437
111.94844194734958,112.91242680860492,37.74404321740964,107.4516209620777
116.60707118114027,112.15167077532607,37.305545420007086,106.75344286109072
117.95527975300124,115.56174033669137,36.810883278306804,106.53856874442492
121.44087675564464,115.43148476500602,36.40875557654989,106.79907988779566
121.58044240691297,116.95240727483429,36.12962427401322,105.94330809729674
122.71579655167997,116.00980678090025,36.027702412727294,105.6597226569167
122.79782790252116,116.3227783848861,35.863639711044925,105.033779448945
120.81908283202112,116.78023697572428,35.51918319544276,104.11886226726863
119.61530486494404,119.53068410628781,35.79508703192746,102.88127220148053
116.68764691082191,116.73125755744049,35.29330781510861,102.12303017411213
112.66978703785153,116.9352166273433,34.93269534467539,101.7151120343065
109.71672938965305,117.52341024512974,34.57871845171053,100.53872479873363
106.7824611420171,117.03808785287109,34.2568284423718,99.44589408171402
105.01666587441458,116.20002505145601,33.70436025075045,99.079990321131
104.10707421408469,118.82577740856453,33.496802477781294,97.88196779417184
103.33379571755466,119.38475070377149,33.037476938308345,96.7640212037579
101.75036649031868,119.696259247055,32.241189302172074,96.14100411719092
102.0732884846169,120.53282747976662,31.595345313575656,96.42602572447603
101.27903503557404,117.41188446592578,31.23346520797413,96.81675074109594
100.44786263260845,113.33399870038176,30.946513740915552,97.17533718022491
99.63383248582521,110.74591891266482,30.625463618368297,96.50416550731764
97.99781028366039,110.44758539480827,30.030163179059652,95.16716012121157
97.12758502100625,109.99909403172899,29.866881687965268,94.16041083096754
95.32816195445622,109.5055837762045,29.692852465610166,93.2609936642889
96.33501022842309,107.13281360055026,29.549623088891728,92.39513250195152
99.07165360171616,105.81722965113525,29.642952625596735,91.31522287858745
99.03904211772755,104.44449015079167,29.70817559357398,90.3768723461627
98.38072334935843,99.88237916721282,29.195040544480975,90.35223138416424
95.71222829879738,97.37721395841422,29.072015351134567,89.90254650729297
94.79818895490219,99.18308529921575,29.088737822343255,89.91351625885336
86.73579377852852,99.5960718128985,28.907154703541664,89.08754323148784
77.87834027830644,97.63207753154794,28.65457986541978,89.42203542647576
74.30469716357987,96.99614326980846,28.614435214450932,88.89704622984922
74.38946115595483,97.27075059998205,28.444907229701023,88.34783156950202
74.25272338612133,104.36290012319309,28.71838276936802,88.38550504627992
73.15404321831993,108.74200013071439,29.132437299773358,88.54383405722463
61.373728719041075,107.94440840856342,29.382087165992754,88.34586526057744
70.85793725392543,105.12621478920299,30.15766602373159,86.80261761656831
70.00969881465389,95.4566322452365,30.0670677429312,86.48395595172319
71.12227556543947,82.05641915871033,29.62279483669224,86.5711731947929
71.24968691218648,79.46918194765139,29.367972143198212,86.42355083122914
74.99737940769518,77.82554605984869,28.941707685285436,86.17626234028222
81.24958249071568,87.4459418054994,28.729108948470596,86.2511682377648
84.12632335896134,106.14274632768527,28.235078511504966,85.67371829007284
94.57007704085395,121.06468549730947,28.178233065967085,85.33994433500814
105.07835431602089,130.0555603184289,27.922874273620575,84.65919115775883
104.9933483458113,129.66954849309587,28.092886214039765,83.71547642210831
114.31176950895583,117.7924229571779,28.215675536120024,83.59383266874691
124.38649354564299,98.372276301557,28.537421074992224,83.19767155651621
131.13472329536043,94.85299161901567,28.690234731936414,83.41160434340932
130.18951186263243,100.90838787710655,28.86866365928888,83.28476939395256
129.46737640451283,117.89075765563578,28.599499941786252,83.58872251173064
130.01285516705462,127.41256955152042,29.22140735080852,83.38661299512574
120.65494248593315,143.15815270716772,29.00289195537758,82.87891337820662
100.28931008213623,148.31883540519917,28.692103685894747,82.81806125141289
103.58721063846232,129.905000903803,28.910557744360332,82.16732681305757
94.24271015657717,109.69439101511205,28.918806608954988,81.83054201041995
91.25788444024394,105.12435207744116,28.114093366596947,82.50266404198106
90.78681262916885,107.58246906661066,27.36770298177384,82.65203208456182
87.7949802972294,113.0725239255675,26.643296888917057,83.4110461909356
90.54023195422906,124.54631832735248,26.176312612560427,83.90654622969804
105.6773301798207,129.58721973046076,26.014861226089803,83.86232511171904
108.97023291536894,121.55803164239244,26.10634406407185,83.22748051515933
121.34915560334215,101.87443309298858,26.27863384663732,82.70646136034802
133.51421189849714,91.81866370221042,26.815397823161014,82.9244988884375
139.97390154359988,82.70461142974385,27.262102871586826,82.77423746775258
136.1942347470006,85.71159809566046,28.114151278700326,81.79072802548318
133.48806731131094,96.61221024048106,28.491323069805233,80.13015605693971
129.3747418642388,113.84903331961706,28.410240489260055,78.88744379742543
121.29533213973905,119.75311122471703,28.145889439574294,78.57550733630517
95.95961610609797,122.3816023668822,28.192171875958294,78.21773308077141
95.95667008589403,109.47725110372411,28.198063916366145,77.96574278591608
86.397775007204,99.55997620317939,27.812293967243505,78.2967324805028
89.11065414327265,102.97654629226203,27.25564782131187,77.95574180394507
91.91518486598318,113.55822584059702,26.470764035458927,77.69715256540351
91.50504029161152,118.01627968837096,25.700976141867404,78.32150712386454
108.48502890096464,127.25433059570327,25.023579982733658,78.86402305752706
119.66312313562413,125.81808304377981,24.789398635526222,78.57623142964378
122.1111050754366,116.31029345554603,24.608669382547202,78.73087209952773
133.04087709921916,103.77794580972399,24.737598718068504,78.66588352478729
138.1148942421775,103.19110276891848,25.593997033284023,78.26750780623657
136.9321509561483,105.9365831193387,26.377328522162095,77.52301235493736
135.8566145868393,114.98831174848961,26.942510326133938,76.86435537774358
138.9702471978774,127.15737577139404,27.06240677379419,76.32808359344638
132.4168389906992,134.89142570140933,27.51873751182002,76.673090828829
119.668057291946,129.4339601315432,27.50407058809642,76.42642120302315
120.51361161676634,120.29457458095385,27.403684469689175,77.20724446063412
116.62018885444931,113.73271261884663,27.190224725207134,77.5304799542628
114.42940394635055,112.78838689482873,26.769393257762193,77.81833097441778
111.61075961679246,116.53575728209587,26.01768599864373,78.30983509767677
111.8936524712669,121.22232335059124,25.451900289694862,78.47982969652968
115.27460719236157,122.8694243582528,25.020249514047904,78.35075701447775
120.80042845482795,126.8102554504755,24.978181080003914,78.33307632352431
117.70492302385578,129.79247144568427,24.88210765085009,78.65572862420494
114.36022577230682,127.46829755785406,25.27317687396276,78.5803324398764
113.54246996670392,112.5132007409438,25.327980014911,78.4570651388027
116.77592751243354,110.40563608683702,25.1809242133206,77.93229997961461
115.19293700070692,112.0083896889387,25.207289571475105,77.86640844070998
112.07031844321556,113.80196101275278,25.175102471785607,77.41797790041792
115.02567510674444,121.9008038500883,25.513960674204313,76.8442210494381
105.64588224653241,122.87927985497035,25.54819143890346,76.44771528598437
90.02084090736047,114.33771605799818,25.689673755427574,76.42111268092785
95.49363603550252,96.16124807400294,25.647550787031204,76.94837041728715
74.85592411230222,81.4997585018272,26.24926887709061,76.54825689354314
68.51955863284883,79.3319988733332,26.36469102087345,76.17478534485966
65.41648168303972,83.76621005316727,26.3050808628835,75.13856805720168
64.03381337611259,94.08911365541339,25.969272739673272,74.65020164362866
75.42357624253069,100.98338886273172,26.252197937614156,74.69912178745822
104.00134659812798,113.186043174069,26.200187290357533,74.98723157081089
117.17782874072726,114.31847875206543,26.137818019637585,75.81537159299198
130.33574338703207,107.27961708614355,26.294116037558634,75.87843928984896
159.85814623778225,93.07415150546993,26.564628359603788,74.63171143942344
179.8049297842679,99.84939832164989,26.920292671989664,75.01364406276412
180.55826355863798,111.05043312632796,26.973577529181146,74.45090813645106
186.0259323375048,122.68175068903024,26.90833740326302,74.48133893636546
183.6903011389265,128.76620219549156,26.923222986215535,74.72944076132048
177.62107653869927,132.73512723296156,26.614131348943808,74.57130370995928
149.69269783380108,138.16952456191373,26.739939162606845,74.53908258463646
140.48012047126588,125.5987708166791,26.56627463813209,74.88216440904554
130.47634496679296,117.05137587703251,26.402310277271962,74.90874897542604
123.53701364886375,115.6391262435229,26.339448858808204,74.6351317859292
118.93693746981648,118.81472062514993,26.27554254841202,74.45998213500228
115.8317302038456,117.42712160624873,26.324563675277574,74.15448347026654
118.23325433240932,123.05964901825989,26.13214054817612,73.6475539496382
124.28072935165787,132.4452616949784,26.246331327173376,73.19003982244271
128.05779621157305,131.00448287410092,26.300576696312824,73.02824582860971
134.90457698377332,115.52280548126579,26.290124787271992,73.58469031348048
137.20706140394145,102.48976964948923,26.269485069432783,73.67289694955035
148.5482147757383,91.22795020356861,26.522116877400638,73.26159728983008
149.30413850942784,85.27132819851238,26.53796198115724,72.95330073085698
148.69054724349718,90.01803250457037,26.241575127921323,72.6013084293244
148.188528697203,101.4397400418103,25.732439489605802,72.45548431840336
131.59815107567678,110.37073424287547,25.87221797466517,72.6158468751783
118.21674037350496,109.6768861894196,25.51463866399769,72.49685405347833
113.74303388279569,105.09646240621616,25.47105456659967,72.66670454106864
113.02018972203904,92.29345386982354,25.41661063374568,72.77047328960982
107.7693312161833,86.39413661062457,25.413963156393343,72.56411982050628
118.35712301996072,89.95439689702837,25.205204851124023,72.93175114137209
122.21396037720956,96.8675744428173,24.986917490496975,72.59709328676139
125.97426539042695,98.83111728620125,24.91795453979153,73.14099584543106
135.81601401393712,108.80488959154155,24.693178368489487,72.65217231046877
140.85834415501031,114.11663657295315,25.00882558056393,72.42898584186638
145.32032905812068,115.82803459549922,25.014844082413028,71.98285256613089
154.3633988229532,101.95262412225787,24.713635535185265,71.57419945708784
158.21172458107884,93.87817171906862,24.370812701798197,71.54468116116519
155.96974242986286,92.69033903689663,24.462489068672586,70.99215456847082
150.01232808839532,99.3558065913102,24.71418550665536,70.78224323521503
147.0174140198515,109.48193195411702,24.866100850283495,70.96268728670987
134.7096737503377,120.40198084755856,24.579722644230383,71.09481780430971
116.58529240363748,123.92066203593055,24.29121920581867,71.36490865392817
115.92767867177717,111.77231381096594,24.146364488772093,70.84020803081543
107.25129227138194,103.82593941743019,24.0995841294207,70.7833664210902
105.90033106324815,95.91775769172312,23.904907892079013,70.66843727765344
118.98063598369563,96.14625316752284,23.720250272053548,70.21144632605397
124.7528813062572,101.71852706337297,23.641576499635327,70.53271540705865
140.977300745294,110.12264269753152,24.229109725711783,70.96085219308071
149.58238436254905,113.66180013346508,24.457238781583087,71.1484941088725
158.1255797527941,120.44746183641945,24.891147362833692,70.71739522426924
167.63464845019521,108.09419391132684,24.876003596040587,70.57386248398105
180.59988633213047,90.94464146155464,25.215526637734502,69.84630230943947
186.33553000318224,86.96195875085834,25.385875971749797,69.08044022374297
177.60792892290286,91.12381681787932,25.473150517043226,69.44068789733369
175.54675636035992,96.1790106115981,25.2333149170307,69.50872200179231
172.79667920838767,107.94281492089634,24.930675179317227,69.1922895498279
149.83355912982825,108.70431197625891,24.754638530397408,69.1099915892915
144.19552209098555,112.23871573258842,24.540065141539568,69.22283874322198
127.69885638728718,100.6373403605928,24.550197098057073,69.48075508660159
114.69372231189496,93.7521105172721,24.6779130818809,68.87201912493154
113.92103779623683,93.37430554100041,24.791742733927954,68.19608969820574
113.97711776212793,98.98868891293608,24.679582802145752,68.35880246922146
118.92031794028883,105.9971757628037,24.762811522838803,68.58415602236457
131.95373064330943,115.11739505472454,24.41729724632952,67.49125819154413
150.30461420489408,123.09837974760512,24.299595432932563,67.00716259068668
160.87779801056337,115.8378238176015,24.12361958773762,66.14998715552191
168.40314492380205,106.50261642486618,24.281319174206455,65.46426486997011
181.55086659924848,97.62745169882407,24.122504950490374,65.33163755082808
180.9185482917018,99.66242737584189,24.01629415172407,65.37422843837155
172.77416528613313,104.13076173032181,23.87058318713903,66.02433796524979
168.5009720230346,112.08540782853301,24.15972797711464,66.62952924127026
156.9309684233246,121.67176221317202,23.668130726762573,65.5280474041709
139.36170503497698,124.11649531088199,23.305071793720657,64.73491802141291
125.87536735489681,122.38337017129234,23.327105529530684,65.5061041381572
108.1224390382665,102.52183665458881,23.50018097993452,65.81953062145476
97.14842509151994,92.57273046502031,23.583092546562504,66.58576621458474
97.79066676019046,94.48595167882375,23.67762932268726,66.89638412737523
99.11738537178175,93.69825536133675,23.794536586492995,67.08660451885508
105.23873621006405,95.27133005099701,24.06193189508021,66.72047669179054
114.07104457688847,102.35536241234574,24.462440946050954,66.44866257264655
124.35614161220828,100.34277447472027,24.786903127229643,66.2949071975338
137.6790181555694,88.4955771230336,24.677052713206926,66.24665214112333
148.1623679259487,73.63104021271322,24.619684473457017,66.70266214035195
155.92256910010914,71.65847800402445,24.49325667118991,66.44942986335118
155.99418619292268,70.30413429826643,24.35002248556281,66.37102852212189
151.79762739187015,73.53370968870544,24.404126277738982,66.86105591618461
144.2344823068993,86.90561229535712,24.154328674663688,66.67594776536511
127.76121083886581,102.60549738443675,23.725017183098522,65.87071081253539
104.55478753675396,115.57172269467432,23.511112398223347,65.99438596832134
101.9374538692274,113.43009571801147,23.268714136874294,66.16984072434542
88.12742998316436,103.70096415670707,23.541311643454215,66.48488866107192
73.59544013382,102.19726390704557,23.692049373391708,66.73864706813295
77.6032967181276,105.01220299504857,23.975421873135087,66.64149267103261
76.0271515239282,107.15324974131154,24.353853653684865,66.52018709028013
89.97722031786775,110.15563292928512,24.294510116195987,66.08357952441102
94.81945975870781,111.59614770878719,24.303059855624042,65.97198671429493
99.69086304804333,110.29021261427545,24.243179224889296,65.81730663247946
114.14602609083268,95.24759252398606,24.312423277962047,65.54299714399482
133.4560103921949,76.97959454371711,24.256876243303218,64.89187230675515
147.3025422488733,70.18312734701321,23.90322730332841,64.81509931347196
146.74125386903336,75.32897832697672,23.666310501388274,65.3993458465049
148.04894634369842,85.0954611569875,23.778069886134965,64.95639052502077
139.32805455857175,99.86849242436665,23.549526531467034,63.954702253596786
114.60550427298632,103.77541481073358,23.38540462131678,62.84480646482526
103.4049635449919,102.36981727937959,23.313619203584402,63.01213483650726
83.47791699529152,91.07627865988516,23.476647589625692,63.10760873792571
74.31266478472513,86.87823671712874,23.224345965639685,63.53963288981622
65.62326154654633,86.13407899275354,23.32647731448084,63.69897332875766
64.25866083644708,90.54071975072712,23.389477108262703,64.21739750526882
67.53283098710091,98.27927697177265,23.54942609673623,63.498519500696446
85.61712615956435,106.20002180768334,23.405730971117983,62.333838992297075
98.77982218461544,103.5229574785711,23.379880545595704,62.428059325605545
104.2062421621319,100.55292131331667,23.053937060498843,63.10468342114635
125.26473259649876,90.73537097019576,23.166433384217896,62.944716673425944
145.70955858618134,78.64104561288822,23.178605138751543,63.383921349003
151.25184809778364,75.84138786341364,22.701387001673023,63.67955640488912
145.52904286788424,88.26259035692257,22.25341671998885,63.945821872112944
133.58938644452874,104.21869203566044,22.423592254325904,62.32862730267061
122.62904593667803,113.82990455271118,22.292431590356408,61.266542475356985
97.20594107067659,118.83693492300702,21.95445993138328,61.48931801296048
92.41563918167387,115.24317692179454,21.32170072692203,62.293482151343774
81.79451965148692,104.61712976631145,20.861015256440098,63.11929455091625
79.95275216036408,97.18027105998345,20.704604442742514,62.6332287797992
87.51324417771205,95.34410011963529,20.82605261438396,62.49496260891118
93.80292937953193,96.18349341852371,20.951271380441913,62.086634928104104
101.22481593681577,100.41850404159104,21.310720515221085,61.218224806642866
117.76900077802989,103.26194217720467,21.0111865804804,61.836893871509346
118.34278379288749,95.09212555686784,21.128092344935812,61.73839378796463
123.43857535867991,92.41957586143175,21.058115205309946,62.022690182857346
134.21588710754185,79.75680207098776,21.059072428741114,61.98873103297471
139.97180481425642,73.5062703447418,20.95481800323026,61.814704498890734
142.1703635177066,69.25968732468294,20.347080846798335,61.46598328791545
