340.5,358.5,18,55
338.1868221509128,357.40257404592546,18.290123053274286,55.0827743598491
337.1039758485804,357.7251423548306,19.337244467910498,54.4376377420388
334.40866550969173,360.65915358193087,21.34249566227327,54.211897760195896
331.0436664125555,359.58313378117316,23.427121612741985,54.0412512398095
328.9673353603107,360.4247078948512,25.18793972972372,53.55402500620737
326.3172788301798,361.187784767841,26.828803756019127,53.247620938216535
324.41117966437633,359.7967976894784,28.1534619915343,53.54205499884979
320.7274588589877,359.2934672663079,29.166318075020573,53.27779873973258
317.41079149522903,358.58803267477737,29.37777068589633,53.404291499465344
316.24380445653725,359.3233947465655,29.132036195883142,53.223421639587364
314.82758446125627,359.8733049224801,28.11551087809459,53.40658972387502
313.7242014678606,358.5084015251988,26.51745699809844,53.599849940579354
310.74892122550574,358.8711142445031,25.006788964368297,54.11796258837738
309.09596332487456,361.32952505850164,23.41352838089015,54.10031734512078
309.79255548114395,363.01578000149436,22.020344068351417,54.31741877157886
308.0045376608244,362.37944669160584,20.896525927900136,54.415121946083374
306.0912151256556,364.1769414699401,20.098085844618254,54.28894625462932
303.2540798257187,365.3449459916225,20.0718861817249,54.23312531637137
301.7186265958918,365.9718888225304,20.865148760764228,54.11806159486291
300.568399273013,366.7637459815168,22.014160285199722,53.68579039821217
299.9686206292985,369.2683919939231,23.213717572628628,53.339494273364615
299.1115854220852,370.54099705226014,24.927787987055282,53.15827374767172
298.30961333077136,370.78217995826054,26.53173216968303,52.67590793567092
297.7195651619047,372.7230470211731,27.711828507416314,52.48495394432991
296.27469839123137,372.94535091193586,28.105989036493707,52.04034616280442
295.56225983590366,372.92750836898125,28.282868513974734,52.07603124871364
294.6402674152701,375.3518968592587,27.62375358478259,52.23345380907744
293.31072778474254,374.603306155314,26.555107860319787,52.48806022179424
292.70244705743227,377.01124716263223,25.31584614648557,52.58382454406734
293.60010457580836,375.5545646036119,23.520531109733327,53.08152724388487
293.16849734348745,376.5310751706044,22.01642047384731,53.495831210427696
293.31043375802165,378.7251411162195,20.569498015980965,53.75989783438991
295.0474618493808,378.0377873597932,19.377430697166428,53.9936109152906
295.9770664448864,377.99930767359723,18.641061647506707,54.070570287682486
295.89435533274104,378.692884466156,18.80648387179746,53.7939788815603
294.74225040125134,378.1910792793479,20.00106682985671,53.68796235025637
293.9387337886394,379.4966107173151,21.608100055080637,53.336370768489175
293.2616315370528,379.183033744323,22.962304558253944,52.810041561446766
293.1040549814077,380.3871806046195,24.447349515177837,52.741531532121506
291.29929168019004,379.3306002848145,25.666911529631406,52.46472758374962
289.78024611390555,378.09473456344176,26.280619468243703,52.51207583253845
290.1702761038045,378.099025566524,26.72407781186131,52.503493826373926
288.9752424667395,377.5740422231015,26.652034456698914,52.32240519857276
288.7489734021562,376.9834028219824,25.87741586995828,52.276527284903864
288.19848568794094,376.3708852619155,24.552210792324985,52.28847215200572
288.38229780362,376.17816622970594,22.994368144487858,52.6739102164248
289.1679188025884,376.6165752463803,21.423126146551063,52.96557803153693
289.29583090098976,375.41754511484737,20.022457130024904,53.07394865515586
290.47301095546004,375.29236644705617,18.7894170523919,53.32430599073821
290.2468558845094,375.94531314100874,18.13911480281368,53.1210249943126
289.66571332848207,375.4190931100472,18.213522751599427,53.0855878929668
290.2591894934266,377.1535972215497,19.204027894536537,52.882765879201145
287.7155536570516,378.3339336341143,20.979848626417056,52.72972701465165
285.6133472450014,378.4832301513629,22.917181958462784,52.43113398015455
284.6823403188021,379.2946637841341,24.779195810861438,51.971874724497674
283.3009869076292,380.67680382302615,26.352340658034688,51.58671859705883
282.81186705009384,380.7364589384713,27.3305803731054,51.46740836616862
281.93821200479607,381.9946104354056,27.851617591170008,51.40365111736173
280.89665209004573,382.53356249723976,27.466216922464092,51.56000724279675
279.37871928870356,383.7496203405449,26.81219582143287,51.587816025330156
278.1002599496318,385.5696578669886,25.711706274828828,51.605149197190414
276.93108833163615,385.4078295013287,24.448859756558214,51.928805928510215
275.3605237976564,385.8441649549232,22.857288087439972,52.23931020559063
274.3198962926908,388.05327821698853,21.4592237748189,52.460176111529535
273.21186181385417,387.33223327061717,20.260680931368448,52.764062070564414
273.67943807610317,386.1891277816391,19.32552840687054,52.80796224604665
272.44554727797635,384.4625831351586,18.47848032877248,52.94622186465595
270.84089759257165,384.02849966768457,18.413085090283232,52.72282392983773
269.73463333545516,384.0179539532433,19.538425805758752,52.74391535872031
267.30698842251934,383.0586672052739,21.07010593768047,52.446749058692575
267.6309339553697,381.6282972293933,22.684370024391463,51.91425628183643
268.104452395831,380.58915353898266,24.04136400987744,51.68851279624899
266.4472236296611,377.6492630688937,25.01070264395739,51.705496490777094
265.6099994502346,375.26225829353035,25.495447704655753,51.72069284888514
264.3756259716631,373.4739747045554,25.56751365517831,51.70223851690451
262.7628135681275,372.1702364431675,25.195179266436774,51.91107557580515
261.9604671660073,371.4011030651814,24.408049401566945,52.253430997222104
260.6713899234107,370.69407183254214,23.424631669720846,52.480302723487625
262.5084463685443,371.2623182026504,22.097028541605923,52.51706486434716
261.3136528639527,370.0787112176272,21.035558694443232,52.58357426349643
262.9014387312684,372.44063409300605,20.12484898999501,52.38945257310498
263.4602625880676,372.7594505804447,19.00720127639657,52.86515895620957
263.230688903208,373.86676014813315,18.36634601496416,52.85054508313622
261.85777020626244,373.8732573316543,17.847703454681913,52.83755071609389
260.1328233002874,373.3582222042715,18.0620380016855,52.789101215877366
258.16744086256745,371.05684466118373,18.747580028980884,53.06489250452682
257.07652568640356,370.5184952885638,19.83126188484861,53.043442753306465
255.12547240955243,369.0383227213137,21.498487984638984,52.65146720693906
253.21418220257488,369.15078477067783,23.037747452514623,52.42654310821085
251.43833463066957,370.3804678610749,24.258109668157612,52.298509855584264
249.07428827843654,369.8054044010156,25.430523190518237,52.26341038166779
248.21607985057224,370.41945784074454,25.941794079637425,52.24044946881928
247.4635507962971,369.22900955600585,26.23317454312926,52.19399074817977
246.13700582751542,368.5480007570136,26.45018515193538,52.33796868178574
245.07353645148848,366.67236646767407,26.129324769431648,52.41753855862829
244.47270201176397,366.0610870393906,24.891961186440255,52.420581183975116
245.18572428480616,364.14879772819285,23.465916640355893,52.65095125320554
245.3380627416606,364.0659572100866,21.98478314002177,52.81663228941804
245.99488545180026,362.8219233419853,20.671137719742447,52.999325687015585
246.62988451650213,363.76885487906645,19.40113959033868,53.36925169750384
245.4401447817996,364.80236907524005,18.437595524144076,53.53090566222303
246.34381467450885,363.74051685860627,17.729416450776284,53.45628867138923
244.0603082804308,362.3640188104238,17.955772483734684,52.9537922013559
243.19022479789973,361.43104274963406,18.613790570636194,52.65544656661408
242.191222973565,363.71230291012,19.52192171364797,52.452416268272835
241.27318124922752,365.42059081731725,20.254608464368587,52.34603054774156
239.25872222227378,364.4546065624869,20.938395090865402,52.047911439128434
237.9517087980256,365.4913463401093,21.30645218794423,52.22040163530118
237.3290858716058,366.0116862903544,21.41966975313853,52.31175002245629
236.26802019937844,365.3780646223351,21.271080841424705,52.443633230410654
236.52980051874965,363.5839988467093,20.747520202682246,52.62791807806266
239.10301184610822,362.5320525019222,20.112787368147842,52.47596585754549
240.55872273499602,361.3614314706705,19.430095033963664,52.588478476457475
244.81631575958863,359.24994361810576,18.640734363042235,52.39669682257902
247.89336220619174,353.3171398087397,17.91996930756786,52.30898319830112
250.39892309175363,349.0999073927085,17.198076960065066,52.16498918312152
250.78828178841047,348.52093246407804,16.419359566751375,52.26587611219656
249.9911324102622,350.9865790333735,15.92529633613857,52.55548794087916
249.63743937124795,350.92417597619067,15.59353007704335,52.68029405524484
250.58060258427815,348.8850670037305,15.776727013387493,52.61946527535596
252.32538157405372,349.4786923451718,16.436381657306026,52.46951774834085
252.86765888679864,351.1346789939764,17.446593752686965,52.29969453203779
253.312280267509,352.0751242136656,18.684410520101377,51.48233385707691
255.36231911147686,352.2301502937702,19.95626203552552,51.172281696867756
255.89596720959787,351.8087906445673,21.074633709478793,50.922167060175994
258.3474810145824,352.60738719730256,21.717518889291526,50.43415651266185
257.5193847792626,352.12439243216113,22.260190453067672,50.286625136081256
257.87393047586556,352.154314430302,22.672052547146674,50.2267811397995
257.245381545196,352.67503907604186,22.80182625819075,50.312655998614915
257.2508551044872,353.11281788810925,22.790879139608347,50.56794696949153
257.9611068565929,354.14199839844946,22.5047396951352,50.77831406828756
258.24409011045907,353.04111245423246,21.938773187402816,50.715311571135885
260.314595803077,354.26163064804535,21.16225580145656,50.51727118303647
260.80002810875203,352.95395098341953,20.1913911901065,50.92284434160008
261.8402172975922,352.1405559242624,19.204467141109035,51.456180131231584
261.6728438431944,348.7427490016986,18.45581313787962,51.751388504210055
261.4589392561671,348.083947444788,17.80953009773187,51.994899403828924
261.7495199593209,347.50040717348395,17.22836869142437,52.09616293481608
262.42349015422644,346.4441553368514,16.937067223963687,52.095388763380406
261.8875626095392,346.03462149270916,16.957636160189587,51.863170298516216
261.719558116218,346.03840715689836,17.293645146831953,51.85559897013789
259.7997613084953,346.91342947609803,17.970005556316448,51.159965400392096
257.8318396052241,348.1715978243677,18.73536556664704,50.757284301327296
256.993035746469,347.6691311850568,19.348043284357857,50.69728758014983
257.29269490698306,348.2996606177957,19.82382712201338,50.51133087335559
258.84624770910415,347.171858692112,19.959609205450484,50.60500959960356
258.3446858056563,349.7562261774193,19.877994212363326,50.85996862890334
256.8410928569852,353.09899796669504,19.6243487970716,50.69608767561967
255.45519327323987,356.3050630986779,19.156015649879865,50.76422204101845
253.5308664408575,357.34425879320975,18.714230360327157,50.831050129113564
251.15816589518295,356.8930181814486,18.131608127799865,50.667926687860565
247.6814423819539,359.06059714127167,17.715928318899937,50.543698388418946
244.8094560743973,358.5467421267721,17.19941769861334,50.5279945448516
242.90235061308587,358.50208421181566,16.878492357779376,50.6173103747644
242.1436893199167,358.0628631658128,16.337430614431682,50.46656030192713
242.83787831800507,356.8773913837836,15.966182098069744,50.803244906355886
242.98871534803033,356.5895637980701,15.664508038019239,51.3789000777829
241.46461843035843,356.33633007191463,15.659717307084723,51.8853675300939
239.70181204590583,357.12912341451306,16.11109907195453,52.34926818092055
237.75319039531448,359.67791271259455,16.889330098707052,52.45004337547459
236.577782440156,360.0992295615909,18.184697990134005,52.66285769637189
234.2728972435133,361.60100623567985,19.54793950348062,52.9058332281328
232.35106604461822,361.40722357477335,21.17088109880755,53.293398549945735
231.04726378548108,359.90929052853505,22.633422334788726,53.999138077836115
229.3191027701253,362.9361889973439,23.727204277101237,53.851691361216076
227.64349061479004,362.46278108300544,24.681494619640368,54.79850718989305
226.0491733583896,360.67499809976727,25.412162154896844,55.91610617882502
223.96249904714415,359.00900346664747,25.8114011035491,56.73202232917208
222.04976642090818,357.15309908166853,25.806190147995082,57.890046960446114
222.16957944972953,355.38500310615024,25.566564090352408,58.83901099467565
219.70311085541445,353.3606369031339,25.286912493042315,60.28144900773816
220.73901485065497,350.0382342662906,24.534164555408292,61.65001407003706
217.81061214632126,346.7517386239377,23.764006293406325,62.92143441820745
217.01609962686618,343.59601144222927,22.69333108259964,63.91348828219049
216.880211458031,344.40135062019596,21.640402534948805,64.95221969689955
215.2544101945055,343.8710645860624,20.931015593600236,66.01279176516661
212.8127434492368,344.0867940027813,20.52483533718454,66.90371136846719
214.64297444346312,343.2124744634603,20.846913415187455,67.32483709162395
211.84633102280662,343.0137885760272,22.421894010641104,67.7222088664902
210.12824439774317,344.24483346736247,24.484018378915533,68.00821684752458
207.79298319390148,348.1092328792662,26.32318230516848,68.77349346800848
206.0188469080419,348.56168860542056,28.411647989159594,69.3283889034278
203.83181590186314,347.98966420819784,29.775475549866197,70.47243769787323
204.10135072649172,347.2140101779398,30.782248541219243,72.02374575838931
201.26432950825577,346.4298641186474,31.698020857991207,73.59203787697412
199.65190221374644,349.82280285830063,31.672942728842003,74.93099219308728
197.58590231667517,350.5482902205347,30.87328715751584,76.76778771226493
195.4775048781478,351.5297629028354,30.12157878801872,78.11717784536488
192.41006967478899,348.67408566019037,29.60794912805772,78.8421572806459
190.58288668799543,346.2854688922278,28.272429767716137,80.29280059395178
188.6845661630318,347.98673276813093,27.08938200862014,81.86996165116886
185.76109191132437,346.98620158567735,26.29315134075292,83.87102401607606
186.05701874114877,347.4220976412513,25.70129768110411,86.34839693057202
183.36937464339556,347.51751242780534,25.980435589588332,87.85628411980467
180.260421311307,348.6230370809129,27.02265659073273,89.09569192227794
178.27123634252308,353.48849139683057,29.238920641212005,89.9374186129737
175.17394657544173,350.31352211296763,31.80366630975258,90.84260638226635
171.0257532535585,352.82996959205843,34.476078739848376,91.43368563775542
167.6677399635532,352.2852784251366,37.32921539760923,92.52306797159908
164.97707998895615,354.04684682720136,40.712332598270585,92.9963366645351
162.6319256810693,356.9225675851303,43.337630242634745,93.43992806290584
160.20970227189918,361.292852162713,43.94699359745066,95.28706756655116
155.4207006575456,360.75645106704576,42.74962190219838,98.51494474267763
157.34257743974354,362.71764650075727,43.26761651385894,98.954302051311
159.6331614491191,363.1660527700942,43.07919779335411,100.2538641617603
158.79520148479918,364.47507705196455,42.5432546429753,102.05954175605689
155.90621267454836,365.80454970264907,41.63583037266568,103.85753104856205
153.26201354647503,362.49305265593125,40.20950919333525,106.00404551834632
151.42347530873127,363.6879110161558,39.39951042876636,108.10140403795371
148.56509228405707,365.01895773133776,38.339336772491365,112.21625031321312
146.2921485167749,367.9964820071978,38.2882516949178,113.15666067969997
143.47673737662876,363.1150501215825,39.297168458255655,113.67571341702184
140.71185251648487,365.59132749129935,42.49019027814886,113.39665447837734
134.0242545434923,367.4367311817844,46.30307014336549,114.48700513779136
128.42796158054603,356.6147980854986,50.07198867975129,116.33442495834501
122.07431365699128,356.20495519650456,55.07495942991339,117.15411073633317
117.46687219832246,354.1778247851649,58.9541269205732,118.54051384567357
117.59394279268643,350.87765285395324,61.4555183556192,119.629792460549
119.51225523947093,345.0434070863487,63.24830950690937,120.0394519060397
121.79971351410893,342.7003964100839,61.52496512538447,121.87390109081818
129.75760575261933,345.6024082202134,59.85323935986789,121.76750095516078
139.40701766514843,344.63156327178746,57.46430371369892,123.70919085201274
151.24743948311445,344.8929003752965,56.22377661750028,125.99155621246132
163.50648078621828,339.0577474944221,54.23735027579838,129.21249087502053
174.92025415038734,330.5245356396249,51.205885868503934,132.13885578386942
183.52323409236024,328.49514183403033,48.08049754336959,136.19764339505858
191.50983750412118,335.5212487070525,46.19655984097916,139.05255259437197
198.32159980357324,338.1403115602057,46.69404025697596,142.28702989700608
202.44062486979755,336.8775767027287,49.973276534742496,144.81249961196013
200.5293017862537,340.6285824963816,53.79592270183019,146.23610650908608
205.25905672277503,341.7853621062293,56.595871028120456,146.98741183922397
201.24542180200257,344.6244931063642,61.49710721605644,147.56121714617203
202.5783487067785,350.1198476379815,65.27476791851902,149.4575371069663
208.1496000630683,354.5898191153251,70.7123096695602,150.46562083045148
206.23033769595537,360.4358125342748,74.55083440378613,152.47779204005292
206.95278578575815,358.7429302593168,76.62814467165505,155.863556589969
215.01571220653267,364.6921520228576,78.54097769340362,158.39606175352543
216.69014950379807,363.2127639513096,78.87003392510927,161.3548378966215
223.2755189969771,366.175725746839,76.87999227955699,162.8827125327665
228.64910725241202,366.3120525050318,73.56195109718382,166.32462668062928
234.84640169057627,361.82124093433754,68.580276416472,171.5997927242095
237.59778975645023,353.9623339877372,63.077500284724046,176.23453974300241
239.54907172129197,347.3510868535418,59.17493635504056,182.133327443542
233.4379584690615,335.8679084949761,56.69825203887735,186.72604563489313
227.94176102647225,325.1407218842066,56.608046123883035,189.7094175228109
222.74262318740102,313.3988591471283,59.53681952113971,190.78463615431014
217.98608688461601,302.1248488065124,65.2456965831903,190.50748357442527
223.29312625602597,292.63404040238925,70.25151359527489,189.96423068904102
216.15741954182664,287.0903104197679,76.54692918335851,189.08769389381104
221.73066055920333,289.0055428312584,81.75359578528128,189.345516229999
217.5384326838929,286.6560066353617,85.95367411847937,189.8602112043697
223.0359181690959,277.7857522592234,87.75602499556075,190.5376241599964
227.24374969384752,282.35097535944954,87.95477072250095,190.02158673598757
232.85377070336995,291.1812922204417,85.34107886708806,189.57365334126717
237.74834212300556,288.73020544060086,79.80279626803875,190.224966660727
246.77407547508773,282.1526942191428,74.23903754493816,190.89228112257936
257.3627649425761,279.8137244316616,69.35369507857679,191.49721158038778
262.04797608571505,288.39844073048164,63.97698835428721,194.2963567926888
267.9458642164558,289.53546132413067,60.052665935299245,195.95804252663754
272.5820524985651,289.91128616216787,58.55439025503245,195.20639285056313
272.0679557066894,292.2338655538672,59.58258383878371,194.40988325698146
268.26975254158367,300.95276749329514,63.322568525657914,192.3977659514747
261.962124275572,301.21154946439646,68.14436068096784,191.88020200927215
256.0221028946585,298.1004525570533,72.0698463164589,190.14783869762246
248.69021449210305,294.5121879108167,78.68685602702985,189.27760089555576
242.07259364055068,294.92159922938833,83.66391818615872,188.45877825841248
235.39339243293614,289.1470864016271,88.61191213652431,187.39219121663973
233.66917652678575,284.9741148061249,92.06034394882508,187.18540885091352
230.5509918102254,285.01531599693055,93.96340003599833,187.10300646930213
230.89072364358964,283.04093667475024,93.28393636926987,186.68670228198437
234.27522560227158,281.17312138313866,90.86214622075272,186.0751190963608
247.49406631069832,287.2802710784031,85.90593880834638,186.74970410850023
255.1687494080147,279.71115456617395,78.9960326643613,189.22874705698706
262.97663570271175,268.8421617204229,71.64800478438892,190.29737097493478
270.0930173165425,263.39715535617125,65.45111881519314,193.15150644497237
276.32293504986336,258.7142802146418,60.88407799742795,194.62446207915474
287.1315662900102,252.7276963017594,58.684366886635324,194.94709908321883
286.9421771684942,245.3374042700497,59.063145129667284,194.33812050138448
284.9842636486755,245.32782834136958,62.97897216930471,194.3572723587447
282.36000066627196,255.90676937397689,68.22749813411184,192.79080201280533
281.6991060240571,260.69396224641974,73.54108099812059,191.20000342707772
287.14337447240075,259.14272089191337,78.91219390993078,190.23757368396605
287.274759285114,265.52126464656186,82.79637056547112,189.9213250175692
288.4774151885825,269.59403603150093,84.60217786055384,190.1980204517307
286.369336849995,264.97194660521393,84.57139880231179,190.94832783347084
289.362828717157,263.17363126566676,82.84169104997027,190.28768253058274
291.2615079221847,263.3173396905348,79.04433263991484,190.0002656808466
287.45373183382986,263.6295612686773,74.22228215535667,189.37582252456156
279.8524056400906,265.71169261098953,69.17035842491502,189.26247506352124
278.20870973248026,267.36303918366343,64.54089040456485,189.91821183595897
276.1698245271128,273.2207450481312,60.85122039616936,189.85396073571889
273.4106755575954,267.39225548185306,58.739103126951846,190.06531705589705
269.79223984720625,260.818659687153,58.41744465217813,188.09544885419305
266.90599916454454,262.49824031731623,60.444525284206456,184.7362875938665
255.09074493548678,263.48022854089163,65.39991327774894,182.77231114671582
246.2463372152398,274.3347308818321,71.69659307625807,180.05019920147626
239.13101319547212,273.5445707921085,78.1839917477046,177.758894696879
232.01509016284206,271.78757811692543,84.50863400386649,177.319278142696
229.7575143449711,278.5992078627967,89.02378563960843,175.8700070246561
234.14844926794513,274.41232787533494,92.58729170699176,176.01351639069208
237.3722035243257,275.82784674033167,94.49701352330055,177.36109382523364
235.517402914548,279.90678404477717,93.97539629915995,177.66565610373453
232.20493910812073,275.64011223721275,92.14682247144248,177.7454982782914
227.74312780616782,271.4894618794097,88.48097253511921,177.65381730041145
224.12146866570296,269.6879073020984,83.3286992515129,177.1250626001887
219.0561545446387,263.4735798131502,77.32095594494848,177.4499389165654
227.36219311899066,265.3779173303555,72.51061582829666,177.57517622617218
237.705581335755,270.65537022057106,67.22580231271382,178.57174263420058
249.10871595796658,274.000691322569,63.270682168629264,179.42156007033995
255.65918880103686,279.00191578475346,61.30239086842381,180.55176553190623
260.84284917229206,276.6937386504968,62.008578918363526,181.47695020293614
264.50719858558637,288.0890136320045,65.83159115266761,180.9898223617063
271.9187380389784,300.87859242549894,69.90704497000726,181.86861058849058
278.3967681445254,320.5937459962493,72.41386873013448,181.09551337504288
279.45696020050605,325.7028853104803,74.19296185356302,182.5756664527502
284.88701720695326,324.95349332610556,75.1904027163394,184.0744504214997
286.6876266078324,334.37459980781904,75.58106388996157,185.19163733497524
289.11982762215246,344.0385100746758,74.73160024662833,185.93850872779635
285.67545090876484,348.64790194314935,73.59922950197938,184.7408491622735
290.9972866662087,346.9198595112192,70.9017769479027,184.22382454572818
288.5662531323927,342.91301636440744,67.92906929767719,184.40273612149429
294.39022614478347,345.5555622176172,64.0140200370814,182.9840927971677
295.86897344192937,350.5376827835152,61.05652544278965,184.34559224628276
300.2021510747307,356.60620998944364,59.871539410341335,183.43059168415755
296.9251585823264,363.2388993145322,59.013622258663915,184.98901730695258
289.47489423376885,363.12866226800566,62.77717979441822,185.20949140000567
282.61748944405605,367.3574830455915,68.92310001250937,184.32073920616847
275.3411808804727,375.7442896753688,75.70931625852413,183.07992770891786
270.4928603413967,374.81261825004174,81.41919267686637,180.9565058997622
265.9135266666901,390.1403595735312,86.52097368990361,178.69922760741554
259.2351230411664,397.61653522566513,91.65148514540383,176.08631999646846
257.67694229780733,396.4424973287269,94.76784663212197,174.27079906165397
258.6255888009622,394.3483827447817,97.06088000278001,174.26870185257673
260.62325558310533,392.26661115734584,97.29498456062852,174.2028069053135
259.2252350747654,387.99864441494753,95.85857262376577,174.27383448302493
255.03935646552213,377.2431758742255,91.60331001513693,174.73973851927647
253.35936175133403,366.3390814581227,86.67733813801107,175.83302408772713
252.2482901395744,369.0232077942729,80.75152192860786,178.61273084834917
254.5704466345584,354.2851380796083,76.10720893863987,180.01094285261897
261.20484892070164,349.415080781868,70.73742050103705,181.8520413134159
267.17652591093383,344.34892634403195,66.55481541270618,184.22360129695466
270.3043769538631,339.8004042179522,64.13815682010934,185.6425585625908
270.95319183434896,343.64602373533967,62.84052705913753,185.58218420487918
274.36974738014777,342.50240190470714,63.589236337416075,184.07851768120625
273.40133346077374,344.6676662619298,65.52606417616417,183.53112043917918
270.0604739446964,348.61429961720626,68.39727426660973,183.2588716120443
268.7860886008752,354.1065894595354,70.94604495425219,183.84982002189224
267.7021656397596,353.670600467542,73.11389087648342,184.7217980058791
269.1123845249451,350.83531034706533,74.25761650003602,186.42821485290867
272.17832408327627,366.3125661505578,76.14404008006376,187.54691403268373
238.79835845571114,371.6675810514082,77.96143237947499,189.01361028518028
240.84247332282018,372.7215815583621,77.98559616761187,191.01800279362743
242.8795126661083,364.85352861690785,78.053245423825,194.32892484816801
239.7365164620018,356.2992066937659,75.95796809166795,198.8656640838968
243.20605655107252,341.7686345326468,73.23722834836754,202.61676579708876
246.91437308883036,343.5310070547216,70.04361307118505,207.5380563496057
250.29818026176275,336.1700830850034,67.51117708601201,209.554369206967
255.80875674305946,325.3912775196219,64.9249291099735,214.24217036462022
262.1305076783423,324.26575094307566,64.99003243745832,216.49322351771266
269.7044879478888,358.136938356633,66.91915699113422,217.0591890616733
275.8906010602708,353.22269322287286,71.79897725206588,213.94864446492178
290.733921549965,357.62528716457564,72.62210403110309,213.86053308392357
276.6712883536135,292.61070893061884,74.5134555196276,212.72011503094458
296.8936770465177,302.75070253454896,77.9737419788184,210.00215336108403
300.2610722762369,293.45904518794396,80.06753118452855,206.51401889142272
316.67432604121143,310.4545593470674,82.45622647248794,203.33629303884558
332.26332338719413,323.21904133337,82.0703411440161,199.80169289730725
348.29715497898127,324.175504757973,80.390042618146,197.8887660481013
364.5690748763728,331.8184574706918,77.83118587823898,195.45356764618205
379.03758985343046,341.48693429852966,74.11131708884798,192.92805476698916
387.86345321876695,345.9107638831832,68.75945873571749,192.28030784937704
399.88485642752505,342.80367296845196,64.687399369454,190.50619085833864
415.1431632739065,341.4481335685121,61.43418352887868,189.32249853647724
428.73469557429905,333.4268648767152,57.161350058578165,190.09154849974797
436.93457585346675,329.6658284710454,52.01286621431623,190.11277016837192
441.28213708271096,332.12514374790976,46.97240445672206,188.84880031553752
442.8890510337994,339.9229988640295,43.75857655454527,187.41993556745075
442.13960174636367,348.34261203543144,41.79706753491432,180.961932008154
440.28137958750006,369.15411967229284,42.181031282973265,175.9962030007825
440.6453353570401,362.4619838271052,41.453119743893176,169.75860124168838
443.57861210615806,373.2967732047407,38.75559364939184,170.27221431256004
444.9847661211734,378.1180045713001,35.94328561936122,170.00368345594464
442.2555537740085,357.99507042711434,35.26837411812242,173.4495345709052
440.07228723421065,349.9658967984025,36.53331821651504,173.99993692231297
428.9226253070221,347.13308432052315,40.02973374226577,173.3979257685296
412.54411537454627,352.19739935178904,40.858771382613114,176.0404885958395
397.46021009129413,356.06071570943664,41.81571140245616,178.05081272943136
383.8709481329246,352.9305233643423,42.657412693169974,181.01909459136692
368.5377674938651,356.9320811793388,43.17601754186416,183.06523110451542
356.0423924997739,354.55403190754464,44.44859108551426,184.43301872745639
344.05554948176257,351.0911007649494,47.83168091050486,184.49534894230277
333.42848445720864,351.3469161542379,51.60148687154074,183.98371816372577
322.43869644022567,360.8401106160199,55.77827635022742,182.80011579544103
313.43654254083555,361.62088737065267,62.91787911477016,181.23856228617544
304.4137444929389,360.45563698121845,69.77226544216988,179.83865980891278
297.4095177411946,365.0432600451295,76.11241645237459,178.33171617437458
288.96977292909486,365.6027550738587,81.21593096196978,177.21272611691626
285.05874071515683,364.0329753410545,85.03906427127946,176.3533544639582
279.9573189815827,361.91987690942693,87.13563721964037,176.5264160678197
271.9701325529568,363.78124374834914,86.74175122460449,176.89574710304717
270.6514832516529,367.95606062540713,85.2884158210559,176.72738136124394
268.45328049387143,369.78140141286383,81.55895874409059,177.13963108259458
263.1387140117792,367.4905445518961,76.17259370889244,177.7174703046844
268.4177687656162,368.86403250678535,69.53198941167992,178.88799960536733
269.3765167004431,372.1445766585833,63.79830628395921,179.95928581790506
274.03444983428824,376.8124529752947,58.21058218914654,181.80795970311505
277.9383610789725,374.26140073333767,54.055142848458665,183.2576810383484
280.76294642350786,376.9692955157333,52.00204652761089,185.03404021000316
280.1926993879878,371.84154608829516,53.142540598651024,184.5409387255045
278.3990157102693,374.42015375878367,56.72990795408801,182.98093545406303
278.4659759996222,378.3574882953823,60.23771609932166,182.3897238287445
278.2707565516939,373.13238313341196,64.32601935791206,181.74634106448366
278.25111703095223,365.80024681486304,68.12854165102745,181.3576406950532
274.7280834270232,363.6848658132909,71.34818886389522,181.76198270320714
275.67905248275673,361.55130094935043,73.3362681971593,182.13909498635684
275.3475140781789,359.6474303242926,73.99934500631488,182.01587560786294
274.19272210867166,359.7794812384724,72.367926233023,181.75177377950342
275.13015343929135,350.42667873895346,70.49306357178361,180.9168675468597
272.5614333081436,345.0050671449582,67.90538571820892,180.17241356104464
270.1350949239505,344.9163426385827,65.14724085063469,180.3498625737957
265.5884732398804,350.7153780721199,62.9659686870437,180.0263072384524
264.3035734844109,353.4567054302921,61.82178717791489,178.25763354217582
268.5607684915216,348.4518571049701,60.64326240850956,177.2635323255956
263.5729721295736,351.0567330089227,59.7219895155507,179.31835759559368
267.1186305603375,355.1356841142424,59.92012086954525,182.0946277082378
260.7125251403071,366.1077589292415,61.668788987973855,182.27756352150425
254.14800596271857,382.3583984194777,63.63049819722969,183.27827197879526
254.61130705272322,372.08219391288264,66.47636460067115,181.19586949128066
256.2689168512629,394.5558476339269,66.95545318687739,181.78026024861944
253.3344432406296,374.7277514612657,69.01307514321964,179.51187467977357
254.93993307149412,369.40038966610695,69.61793659973821,178.71907491534833
256.530765772969,361.3529802129218,70.25157128627609,179.55269346376775
254.72610473355172,348.83407965245135,70.02226467618812,181.55872245117345
256.15466770655394,346.6494100632177,67.16513873018368,182.06472259611058
253.48082938065534,346.27502176348617,64.87444896556713,182.81349919557368
248.71971160975195,344.3044889600236,63.03137007653566,182.966126658886
243.87821737449377,346.3934068724302,61.44303421591133,182.54539894445307
239.2809017411414,342.27956470334135,59.47126516208723,183.3288164022781
232.88157180469554,335.68533763600016,57.48129669307245,185.4257992805307
231.73739018254466,340.79941567757476,56.0793948379375,186.26843849569173
228.1158827486734,340.6754976815577,55.96990521648557,186.51627448772584
223.0521134065132,337.5098865148857,58.74198638608555,185.49203930634943
219.69996362706496,325.53442006337264,61.73182418106849,183.4417398619806
217.94925846703936,316.79745787184,65.23323450111968,182.2147938578604
222.14129907419098,306.7267851053672,68.20832312374915,179.63779971694066
234.38155833223936,299.97430007082033,70.35015278436171,177.92999939934325
245.34682059969745,290.86071783421266,71.32199003338015,177.07186238594653
254.90041520317163,275.64517954508585,71.32511118710212,176.92644238712745
268.8436260220692,258.35015483718263,70.17885284770517,177.1362818478506
281.60359395850486,247.33554664349367,67.47440122971464,176.35001398034763
294.4774723395079,245.57184862330513,64.18362089259897,176.1345806165763
298.2284155531338,250.56735836600575,60.3621806111034,177.18489956844385
303.81564915449104,250.4388249212381,56.43979585028076,177.44196645797913
307.1420349283475,256.40049489463297,53.34483529748757,179.7498704908683
308.25145247599323,260.80594186075234,51.12600020219612,181.53878520725334
306.7598243530252,262.82569452899094,50.592081463836664,181.01645485507177
304.12155221416344,269.98977524772454,52.36880918517208,180.687559643157
298.46745638621013,283.03117650223896,56.620276781615416,179.30329134224942
293.98557874090494,285.80743724841614,61.9964815412515,177.33832038086945
289.01802008804896,284.7853618952116,68.27360493595101,175.724477176266
288.07805458844814,287.52091321247974,73.901720990835,174.0015595974121
291.7640289198579,285.9847118930635,78.00056084208204,173.25036606488908
294.23976034926113,284.2179585779697,80.81904949482156,172.89889693930377
295.6931331074432,282.2805833595053,81.84152846627651,172.84442288841356
295.3865017642429,282.07974575166065,82.45479115267707,173.24609810410283
299.50533074036997,286.1647480051955,82.14277056333451,173.00173095994455
298.2737324133425,284.42687134665664,80.6521486512426,172.52366571087546
303.92665860901263,286.6388061839159,77.187987331216,172.02064157201372
308.1338263007838,292.57441732539746,72.62650473284769,171.70797764457316
319.60045902782406,288.85108223831355,68.53256116259381,171.61891906521035
332.4953290582618,287.1327786288379,64.90549547422115,171.3617472220778
344.70319706074196,285.2443650804512,62.24031185636416,171.5134822543341
354.2600739551047,282.05765720190914,61.02253122947446,170.7285087466839
361.512260243418,285.54033075039234,60.70183902000781,170.85500183329745
367.5356727019884,284.25447466150956,62.822661749788196,169.8848020993328
373.05028587473714,283.03866067269513,66.05905736829378,168.7500245859609
375.57483669650264,285.55609576225504,68.2265379399837,167.3234455144516
381.34111940334463,293.14143011926785,71.19978111161606,166.65858538574236
378.1150231849861,302.9721649851655,73.98236095435925,165.34517862381654
370.44007811340305,300.8754452317418,74.53367514635454,165.83897414287117
367.559755647542,308.405881958614,72.86132620952382,165.64408842623266
370.4634951993852,308.2599385683239,70.7381014326557,165.93597520681286
375.61234458378317,313.6554287457924,67.74239381151456,166.09798157335828
379.9408786092085,312.9746762620767,62.68549473284026,167.45948654078973
392.3352288078215,320.0911770713018,59.07191477628929,167.3432318827896
397.5919920770725,318.1278501585198,55.482735124674264,167.8077122649102
400.81459022460973,320.8299423456959,52.4408774934923,169.21020521834282
408.07029009990936,329.7025111168797,51.3986663947128,168.30155349074988
410.91860873227074,330.7038839870554,52.37232833075592,166.29880775039854
410.89954072709793,330.5182155123471,55.73521115355589,163.3453978873607
407.2746758830896,323.05809650891445,59.64051996250978,161.5435314989126
394.49334435952255,323.66311130183544,64.86596860680254,160.33350191307065
369.6995574667994,322.4067221744375,69.39729081131654,159.38041466164097
351.64918917481344,329.6428740110463,73.70605201135416,159.03787782572755
333.9891621529167,332.73075803487814,76.5977853828984,160.06840326078589
314.4711157320155,328.96376496149645,78.94770776694253,160.2651553159976
301.5967082188827,315.95763181069367,78.71029790880009,164.00351457382482
287.23922379921447,316.5779066017776,77.32286956935147,170.2885642863531
273.8219642665973,320.95246126469414,73.51684600329135,176.85972627616727
264.10791483369303,317.5644844806053,69.79659390445973,183.63567984434496
260.15521924667183,317.55266578778395,66.03469432529785,187.5484141477224
257.7327489498526,320.10816547324293,63.12539651932657,190.1916531764142
260.2104804754571,326.5906852010535,62.031672843755956,192.67357122334624
249.73428039428055,338.24402811221677,59.722329187750745,192.62862921937787
252.08019732065569,349.6946114534762,58.864259241510624,188.89628206941012
253.26473083683027,360.2370913026815,60.260197250986806,182.87134253830095
252.1152518737137,357.24365744967577,62.55915517721999,177.7428311366472
260.3471951752901,358.1114033388112,64.46523506351102,172.3333460604875
262.8684993313011,335.6834023564688,66.68482157628779,169.98508166398065
255.78187304812207,327.56866431760824,69.94633409226311,168.0283243243971
245.6089870105446,327.1677598439128,71.95614234590703,165.16294050748579
225.22950813132286,312.61194664232795,72.4405032451887,164.98395101308324
205.74217001519247,308.7082103712756,71.07517376991522,165.456877062909
206.56302896326616,306.1031174045662,69.43345587376784,167.01703636297026
207.79883594120486,297.9088984195367,66.96184191789045,165.18802440308446
212.8542704519408,288.4981593559365,63.99728069298468,166.14373303886964
219.61365107010582,281.7312715912404,61.08020497649983,165.54192787513497
222.19758036515827,277.9948650076279,59.3851186387165,166.06919653771683
235.00611757497092,270.5983274720286,57.91563369253252,167.06364905266332
250.93464106624023,261.7612135836027,56.99305144043039,167.5520630903837
264.36127044860046,256.36477760982973,57.558286052133674,168.06300002177085
268.18225253257356,251.44454418506734,60.251030107414834,167.56875864806818
276.3055933182766,249.96269704093442,64.92501992385036,167.0456743716937
286.31190611264856,259.7956588358018,69.85679430356522,165.197179330858
291.16556093965295,260.4244335640988,74.64834046500873,163.939629874264
295.30204328512207,262.46932707744065,77.44814444154218,163.54076573673768
305.42023919060523,274.08633764943164,79.61614955156391,162.71114151374366
302.8189299350039,280.1322153890802,81.05909839372987,161.89839504155657
301.00517849586,291.23343883334616,80.9138187195881,162.33264346760214
305.1274961185429,292.83706271917293,80.2224348624043,162.90202139003966
306.0203857281999,288.8491633807664,78.4366556430903,163.33186536104853
305.2238348006444,290.9674424376577,76.28152027132383,162.8435444741433
305.0000242864786,296.3930973335849,73.02558895404341,163.10289171912504
312.45768008103187,281.27913826798533,69.06114655264334,164.12849201644013
328.8761023311138,269.9659204929957,64.98569763333126,165.18388088078066
335.827786984292,267.1729733488921,61.69576603399094,167.2319625999823
347.8505319329702,267.7761520740759,58.69876524132753,169.53368666706365
362.8283732137623,268.5390637215152,56.63627977117525,171.49451300861404
375.1657274835072,268.52580635428967,56.29996007002583,171.5210277430652
380.7986174736561,280.8377989015924,58.91868337041984,171.19492338967044
393.56498924682916,281.3571073000988,61.50069780912963,170.15630659265767
408.38687326124455,274.6654200331749,63.774541985522994,169.35407570196145
422.14599018060636,260.8357016219136,61.28798849970447,171.9818321715789
426.0308707153735,255.21214786671572,57.086869228568425,176.09165608517807
421.1723175681787,247.59528398631977,56.152376645584134,177.12325200947157
425.13447121091195,255.2885377338328,55.32405831254209,175.92872241929456
427.27790706410417,255.89388008904547,54.55296690404526,174.71803770886928
427.83819610000853,254.08284808421016,53.43238883223659,174.8557173624684
430.1269384602229,270.0238523956749,52.3205286194014,174.16432930788133
431.8804600323336,272.6336143352913,52.248719675057444,172.38003962852594
432.5655048744271,276.83498261900075,50.87862999087047,170.79459632022517
427.6689755559378,290.1913223875756,50.58930080783089,170.9682843031242
427.4062543704912,291.7788922107525,51.1147431787241,171.15102192139943
421.5589860367548,297.36819296757216,52.6986138811659,170.08308637279103
413.2826078178673,293.5683708513558,55.71364469776842,167.5294363893445
396.5069677596064,306.5682210675078,58.63245638483076,165.3549891799534
380.92323096716945,317.75111064064066,62.39351866144171,163.54401851488487
363.68764608993143,318.02118426473,65.6546362429367,163.0038712667062
350.23609863538957,320.1794269083606,67.9290019047116,162.2057758719177
338.5069242541003,323.8450033168249,70.10337729333776,161.9692808463065
328.8498248838732,320.45810996758087,71.50563828889554,161.57829244683603
324.7249644681606,322.217627193506,72.55247407407188,161.6607005181103
317.64725604237344,325.6448088324333,72.2237090562922,162.0484281749326
312.8712079134161,329.36711882649155,70.9131238136209,161.84559585387345
310.49525251622566,333.6109297990028,68.47527308170292,160.54773543514978
303.3485877510366,338.76538307019484,65.10337439432712,160.83796582341796
305.5633572331674,336.39674238792395,60.673835430065544,162.0978831623259
307.3332249018681,333.8902999390587,57.13410009266405,163.69465995416874
306.74581721196165,324.2164374586911,54.93403652173996,162.79311121048187
305.85378198798134,321.2734131953654,53.39617867365766,162.0353031450477
306.53881368916814,321.0615406427503,52.026115271284134,162.45904825027787
308.00242651586404,317.61158581668724,52.36276278502952,162.83121156812936
307.59390910254734,310.56984546086454,53.17979761166292,163.81329512364735
305.5341593753783,310.36910516636294,53.99498403327534,164.21477571265046
298.07982344209086,309.204618128442,55.60375215830351,163.2187738531057
292.6173519913839,313.9544947931686,56.508040007151955,163.73967557621808
285.27885859351557,310.57975836056175,57.72851675913716,163.760893419556
278.5289343472175,305.75522140198007,57.68185874866897,163.25008745942128
270.41139602029176,307.22098595021214,57.02450822654382,163.69704379815246
257.5301347941381,307.85193483497744,55.80367251540864,162.4351460286219
247.79073544099737,310.61442613757606,55.28630252170524,160.24285820675533
236.72922728797056,313.20212927598544,54.36524191138539,158.35946291798996
226.10527716453078,306.94307289034015,52.874506493334906,157.88406959503482
213.99372848101694,309.208424030031,51.38248501870402,159.7821470260679
205.0593062001728,312.9782801337842,49.96719989567987,161.8844996609175
189.53229653857963,308.8241116751385,48.84364287944156,160.53956367638153
181.6428395802301,299.00079875704273,48.73297006454514,161.11868543465846
176.43496898478932,298.95634295694373,49.596511446740315,158.023530431961
161.04296944255546,303.3178194554883,51.97495031304736,155.61292415001867
151.21437972792327,307.05624869581317,55.80408140996802,154.4672850023064
141.1079783188384,309.1445413628972,59.92218790355385,153.50963893305516
134.43155407056582,316.7496975564958,63.43697217851107,151.41674550797532
126.0441969207664,314.8669322396389,66.96430461715457,148.55858521121144
118.49782943145841,313.9996725329491,68.72624628651678,146.9604062972776
107.97169713020197,310.9919438154449,69.73663581352153,146.29523870711657
104.81438650557956,310.2322701380562,69.35477142861701,147.81458606189406
100.58727828683371,311.4853134120882,67.7178058575949,152.03595418617255
98.00699968815759,299.7145610633825,66.08555029560787,155.19902060556618
96.23614036519992,295.1138559077532,62.80042491126483,157.57358688656643
97.31720885202918,303.3894779983143,60.63828793760631,157.96872048572823
98.68890428586002,305.35089778358247,57.89489706994463,157.40212305502757
100.39089278477253,310.75252217640707,54.4909200721196,156.49506135817066
104.79818793116371,314.49353132140243,52.12448031436007,155.4611936032028
109.06327664176777,318.82619666976694,53.0928562083401,153.12823178326585
113.30459577603418,322.39986877952043,54.062032587839155,152.28209732911344
118.93983316952453,320.6057369909139,55.41611411370784,152.71422182811415
122.98253173253732,325.83889143390746,56.891258021805136,151.8084539762499
129.06916561107363,316.3297235291883,57.52000685615954,154.82426904640442
135.5748897461449,314.9638954471506,57.52875242758839,157.55592521047984
140.23831981724706,314.87563884682675,58.084839652680316,157.73243841112753
148.2683803120754,317.03043502995035,58.55915555208048,156.7297334226917
149.8399346524228,315.8621330956611,58.71712653500087,155.76525762765496
153.3289811634611,314.2194595695323,58.31923183148138,155.76050552063398
158.9872389160259,304.55505428747495,56.85131792962803,155.3921128781963
160.2358974368272,301.0239081444375,54.354000888025354,155.95218794268987
162.99671823232606,297.82036125846923,52.04619822524608,155.9316038581896
165.07724727284017,297.0548595033405,51.05658888548762,154.29115862717725
165.5268010433111,299.08616909523346,50.157481344545694,153.35853165022712
167.195375915093,296.27651387862716,49.920580825431756,152.77734363454005
171.17627968453723,297.16163146763535,51.22169702665442,151.0071084565236
171.97574958040843,299.39522173683577,52.70901816936731,149.626188852578
177.26994090657132,298.4794756262445,54.49523008180053,148.36403243257084
176.02999278762445,306.3537343317531,56.975126319694255,148.15528804721345
170.83627707529445,308.38680326780786,61.06334267150632,147.23875771152785
177.03982968757168,307.2700345981147,64.70324479467067,146.26289358137043
173.757623005708,312.408934137713,68.00801658584196,145.76401921984194
179.39680171396915,311.1276789680485,69.97104521441412,145.01618304789736
180.78509884561154,309.5809135260952,70.52811115888223,144.776053724051
189.1204432232379,314.894496889204,70.55659189171587,144.16838869068528
191.4509700628201,314.7624080698238,69.22698740068702,144.4325663294456
192.61663717077022,314.34705895799533,66.8956531847868,145.26326455310252
197.58610722827174,313.31689057611817,63.52392813543095,147.32360131685687
202.53601437236298,312.6838786615659,60.13253611489266,148.5896251459613
203.79782796762123,320.2585324955469,57.60890892437615,149.50191546664252
204.8358927561501,321.3995257927904,55.53277934731847,150.40024421945162
207.17101788644123,321.3137378668203,54.01836745741054,150.57182007139195
211.67719422388464,321.25268808706073,54.398742293420426,150.693919630911
209.5496156829397,323.03330684570915,55.51435601452481,150.27222547439982
208.5611908034786,329.77357552232036,57.491205773447014,149.40637898550676
206.04466330840063,329.5372914173141,59.34742918701563,149.87894719551926
205.24259002185013,328.5870088742566,60.951575760116626,148.5626443592305
207.95757254408431,338.62681329264,61.974637029810495,147.84211446495033
211.2792740752871,338.2778557228678,61.79980481930592,148.5400296044948
211.89297107152262,333.6202438097332,60.57241082683487,148.1314731116924
217.38106626068884,332.2406183988844,59.23687123252151,147.6771736720503
220.17173175567052,334.10324660421094,56.83874685168945,147.13512387052847
222.99107907410084,331.22954015701947,54.33256413279001,146.61751292898893
227.06970844442995,320.55923296792906,52.33532706214798,146.39805146211313
230.94236071401346,314.84657486121034,50.671536859496236,145.66033900252012
236.24321869868493,312.69638508982837,49.069850321112305,146.9607087349644
242.65575965958914,313.606955825144,48.202048680624586,148.12888733466335
240.70986447557468,316.73873908790813,49.10380691074916,147.84538508494367
245.34635232610458,314.2482447439086,51.84095518222372,146.8213117866757
241.66871180008815,311.3006747336584,56.158401393645946,146.6407821259546
237.74253378639193,316.2825532648149,60.89755267678463,146.01663929640287
233.87479611137422,319.5441373549709,65.44421037302035,145.87110642369012
233.89423862606603,319.32587092344875,68.67231289958119,146.3076392867344
230.75247501804935,319.0955757296715,71.62597596601125,146.76822967428893
233.0854465191186,317.98094509043204,73.73603885206431,145.6094880086721
229.49021017662824,316.14091322811623,74.11134192964515,145.88196692960375
227.88508535105584,314.62300859858453,73.90353221353412,145.49971682141137
223.50142500198226,306.3679116713358,72.44424882217419,144.9655705267304
223.1184366944436,305.6791489006473,69.8344045133493,146.34309606810734
219.58992031525293,305.02973675709666,66.83950625571433,147.6419203552087
221.60974925367992,294.556137556225,62.799848378860375,152.0031396138538
225.23694537924328,288.0389516110073,58.854455082090226,158.41951359557612
231.4877961696329,292.4830878769354,56.344592135225255,162.85369257560555
242.78475197197304,290.49715849393306,53.84177614199709,166.82555134161015
247.0903266072494,291.03956873312865,51.949168710515146,169.10000178275433
252.5677353619745,300.1552273645343,51.06428962133696,171.008561360487
263.81918100533676,308.4626278925943,52.13228786853538,167.86284003803726
272.69351705396997,303.2589117718804,54.43860113601481,164.90028203630115
283.5004731377324,303.74646353987185,56.22467353092042,160.58232356282812
292.8860017035357,300.56122471249506,57.337183438663516,157.01101769790694
302.3291566887481,299.0926149938507,58.14920969404321,156.66518109756151
310.45644275977344,294.28176013698175,58.35846325554364,156.4085953891688
316.16792239004945,285.7965488928685,56.8140885209345,156.91471033415706
320.15381299034436,291.13566847450215,55.386744024201676,156.05312622667518
321.260681847752,288.2150467626316,53.17300630938644,155.42628761873158
323.93613060577496,285.19512715483495,51.006940630799335,155.09646315940716
326.48795651129535,284.06431499124585,49.04382520450121,154.21755110184267
327.3210097122317,281.05264995254504,47.377718802628436,154.05691101804567
323.1196316556442,290.9393796097777,46.60358499465693,152.6372315458737
317.47158746270077,292.5110322244512,45.8015572210247,152.51845535640652
315.3726913746134,288.93082685927493,46.991363939322405,150.65490971312778
307.09361078028144,286.63570505880114,48.5315007808117,149.23794357520552
297.93622373539256,290.4636520712753,51.78706665443343,147.6057328367196
286.8031531886258,280.0173621809245,55.7648767611811,147.16192646617102
279.6922968921339,277.66655893544726,60.64575773255192,145.63631187605034
269.6345802935989,282.34903254230784,64.86690088563913,145.80793868871888
264.83501028261503,289.18558348201464,67.95419464584904,145.15852933282085
258.71952976570395,275.60700275417275,70.28338564440864,145.91097069447125
259.8159523852038,271.63384228075006,71.4426936599846,147.1529851321654
254.6049977878511,280.55458611367584,71.69328189857943,146.26369905983142
255.13016921407166,276.5898505921233,70.64293904613831,147.42957418124615
254.84202622614802,281.4475734577879,67.83865506175852,147.85583833059823
253.19122068942343,284.68506651848935,64.46462917781768,148.05648916658527
258.5838206326918,282.25115785842183,60.24228427311359,149.6428789958041
260.6271218197886,282.2423168360862,56.15568189892,149.66056104047524
262.14760591356554,284.741309917323,53.11471371136606,150.9755154508482
260.09212139639465,293.89524961502207,50.985118163923346,151.3893298008034
261.1120279733086,302.94056242347096,48.94530501009552,151.823008386999
258.6672179204753,307.56303762061236,47.72258192831288,151.74657277388982
259.7323567211698,311.0155088149842,48.624881943980455,150.90678561925927
253.87191150688943,316.2748585872493,51.23396890651625,149.49988954075403
252.80515407197072,319.8596882876427,53.36748377635367,148.46024392613788
253.2413275937584,316.1294093323304,55.584070997057566,146.65399904392467
252.87762506865477,314.41856763395697,56.3114760472648,146.97260869736402
249.22878805773803,312.5710901851332,57.36771751662001,147.5468473187725
248.65795188287393,301.12401051014433,58.50938986634822,148.40564096581613
252.02318264214014,292.60507328352116,58.140314121399065,149.54005098510422
250.27317388099618,288.5791535172132,58.44993996490108,151.2111071601483
252.38589562525183,278.15076517099203,57.44444314993866,155.9681504848461
254.73062856438304,270.5783545547722,56.02504396834695,158.0327049306028
255.5960116961803,266.8555575368802,54.29427770475239,158.93050084380093
258.33343115881934,268.90496581925856,52.07466093738987,161.3421285948753
262.2348477525774,265.8594797013193,50.769632808173995,160.93529577245357
264.268216229672,263.1923392349379,49.92200529973517,159.831357813716
268.9549784466345,261.4447448177059,50.11193394033655,160.1387289566711
268.5110260736732,264.6776056961563,50.99983868625931,160.0643699733523
267.3864062490521,271.83444429157385,53.249078335501466,158.59465167486542
259.44215751176074,270.5736227673365,56.21215894648667,157.88494050744075
264.2457217858759,264.91639327487167,59.705761575811636,156.0986683148151
268.14005415212324,256.8755965855346,61.85506408536419,155.61698295674358
268.4540745768627,262.71775898248376,64.57125656443577,153.9653581484965
271.0027884592868,268.5033829591895,66.21136789072344,152.50041883178886
270.68378646611245,265.763362104405,66.84937187707212,151.22726132764524
272.72440202856427,261.2234799474412,66.13753912682282,150.19883051761
276.3329167193375,256.4669529725794,65.60442029266206,149.68601864625504
277.1067774176335,254.7956179747675,64.05669889607013,149.70355810306495
278.1846792235657,256.9665070507961,61.900895284205745,148.6598404248377
284.6423377894041,265.41862236108886,58.71993059469656,147.97953054119824
287.71729981063726,268.67927639859386,55.748334187042374,150.99320537062482
290.7970297376176,261.8034175737835,52.75709365809028,152.07204572021078
281.43036781958256,255.6748564954919,52.713849868223164,151.81145612616922
272.13463137797555,257.4419938596644,49.43085730973094,151.40210503235357
256.023959570796,277.2728551496978,48.00202281006725,151.50877476885913
244.84647002921494,282.0729341849619,46.08217183002734,151.01167797203175
240.42031214872426,274.4373830076413,45.958925840093734,151.3235107418147
228.66613078762748,277.85747800598654,45.51538740325733,153.46528367976057
217.58370536325975,281.4827688396805,46.567767941277,155.26290357410795
206.95558040559905,275.1046120521502,46.39676141776971,155.7750706126951
200.43047658291673,291.4656440755963,47.186535004455486,156.76920022716985
184.2709848664363,283.31587645904807,48.567208219972656,157.59958035154435
172.75056110421545,278.0530590709986,49.689965093275546,158.73174770572663
159.7701399334735,286.424576827604,50.307271327300604,157.82842225967744
156.34037762489328,276.99395919286485,50.83379463824585,157.69065361051008
146.63295663937086,278.0692546948518,51.203265614598386,155.54006260653628
148.6807602011989,270.04414180610564,50.258101764077125,155.83807201835452
153.23182561544942,262.122436765165,50.56796812433657,152.85748772271484
155.7984997233599,258.0998767016406,48.535268127306544,151.60066319339077
155.29766786924569,254.67055405759896,46.49145748360068,152.36835977760552
157.29067492059818,242.78044597141462,45.52408869918763,151.99941340363884
156.15672716229273,260.42771986415676,44.79649148952932,152.6507783333852
160.72330946876488,255.6220959324383,44.6368806257787,153.28847244762844
165.2409184474105,232.06676915746112,44.593338810287825,152.44351990798074
166.74523132587615,233.8273320259915,44.569187659260756,151.9068687768242
159.01792487607463,243.80182536729905,45.14159910694478,152.79296412689573
167.96705528697143,231.60729506454993,45.241016162499264,153.18512089592994
166.46048266984903,232.82780722089734,45.24715532040794,153.7511026595712
166.8519151188068,249.346704816557,47.47941258085754,150.86452905190342
166.4376029521898,254.92657852274044,48.30803691409161,148.7515259696596
170.7021785169257,245.1428772396685,48.781365162926235,147.3131433197551
169.01827290910694,243.37951528870389,49.16012165848426,147.8508125016048
167.41076325328712,261.7434251661176,49.37150190733156,147.16666150028522
167.27009891421557,264.4638745857054,49.652830585474675,147.72129917152125
164.14943386522188,270.6523444093044,49.872545787389434,147.38758931646842
156.60548275898074,265.927717044108,49.91010262656739,147.8066368228785
158.03356368958916,281.4332494599144,50.07066420320149,146.96280636977528
158.02031064535825,281.9248235701258,50.0971702916633,145.97965814935253
159.86972762039483,289.47338121336463,49.392440941511694,145.85306586248254
159.7865988064881,295.9328882466428,49.55869856932516,144.85182990171973
156.9830067555953,303.60653242964526,49.229458934888996,144.34560087626903
157.36841974013288,308.0562382676481,48.4586329658139,144.31116727802348
159.59534723863052,308.0057236084035,46.94520446088454,147.3526230885787
164.78104709896684,304.40617611732455,45.441514147695294,148.63991179908103
166.2645449478374,312.365903777811,45.42092096182173,147.4524690374459
168.06746564252776,310.03453334070565,44.744278427410855,146.2568122017169
170.60915534209494,311.20612627788233,45.460385515659496,143.91362632736352
172.9266767317982,302.390544712703,43.70509135804774,144.2662977269532
175.85853709421883,303.36682343195156,43.545994048555286,142.31374028845605
178.74174265339903,296.1579961987709,43.42301247513503,142.62282089246708
187.16519732254073,294.49838699888693,43.51899780542706,143.11822351413912
189.31865490162264,295.1819128291573,44.87729998848578,141.7511718535984
191.88471023511153,292.9292250867004,45.421829330363956,140.57990732965612
195.1151206581103,291.58821502241256,44.62442460789738,140.43021939646638
196.97293479999527,297.61821393693157,43.72371163410075,139.6298828073217
198.3807426958123,286.7864066258885,43.69505439871576,138.99782897941577
200.3264660792119,280.87921938746115,42.58107267946467,139.7023432660779
202.22654006456247,271.62858704704433,41.54779192665141,141.60240463958428
204.85662128854645,265.5434903147164,41.83677307044501,142.67431092071703
