326.5,414.5,15,42
325.57388867695187,416.85107602114863,14.980124302380842,41.530438019994826
325.13894696584634,417.07000193427905,14.98498140423884,41.092586193734
325.14953892335734,416.8142201738018,14.96379748921681,40.745298243666625
324.7724336967684,416.64275668993565,14.864509396035478,40.23472666503975
324.31286808480434,418.8175954294472,14.939244470810888,40.10702993178059
323.48350788082956,419.83412850694464,14.91013498118843,39.76179367435766
322.26445986371783,422.44161256372155,14.832901762048785,39.57748406753011
320.1642602595191,422.15027850558965,14.861249065433775,39.32574180279141
318.4645836895664,421.39446174558043,14.935356446160656,39.174752443220534
318.05047234582565,421.0096442269576,14.933101230932147,39.11390957775623
315.9740140588887,421.14278439506796,14.938196239770885,38.84762924153554
315.5491872568272,421.64345056003634,14.962016138797667,38.672130616694844
314.3504721805143,422.88967825013,14.888223669459194,38.65089785847191
315.9823182316001,422.9220449833342,14.912980805987106,38.58616439206343
315.5765453744149,422.28533125695196,14.902899688523492,39.03796501299381
316.4022370144862,422.7396170574821,14.907380258956008,38.95732533722112
316.0435041554341,423.56925104071513,14.797990856504628,38.951767611866316
316.42725985906037,423.0877834490741,14.855289315613993,39.08989292878658
317.1975203457597,423.4092392438963,14.970411159111867,39.27480274759049
316.0373423178761,424.9795050957159,14.793137049245443,39.46444459812952
315.25859406842875,424.45254442701696,14.686485532950764,39.68629192793277
317.33575889773545,423.181093817068,14.698805977826236,39.729203085737396
318.5811250100232,422.1859205319903,14.71057429609899,40.05121596066071
318.58124069083146,423.2878645115201,14.710342934482458,40.36429749198232
317.72373441153707,425.4419764579159,14.73842310376202,40.27340457246401
319.4149561501354,425.027552919983,14.726671962862584,40.259578564255435
322.3293702813239,428.4839489852545,14.793683873955013,40.08488948910613
323.5687698134305,431.53475263029463,14.837801973745743,39.870088915034756
322.73446373539286,433.55530207723535,14.829030837449956,40.02244825208082
321.4030581629053,431.84601341153757,14.969694111622783,40.078161755739956
320.18821278455073,430.4248665191275,14.867234656447597,40.388305328675926
320.12545273553525,429.9257333917293,14.992754754478597,40.5399272626473
320.11050695130103,428.52681175443945,15.022646322947018,40.78452803399548
318.80589335460775,427.2611988034272,15.066505233262518,40.75038565294894
317.89839434436266,428.17341078895845,15.170652338321144,40.636812597318055
315.7449153284176,429.9963268392396,15.199227983203969,40.413686406361364
314.0527483878214,430.74533141904124,15.171589410147813,40.621663473882506
313.21302181071974,433.76830020069184,15.140090001993835,40.564059878831664
312.39866555035246,437.13781576800324,15.060636041815714,40.65769466785932
311.5379567964161,440.11491201372513,15.07406935224386,40.681446867471706
311.1423380156004,442.287251313592,15.010732306195846,40.60964130613538
309.4217639177717,441.42049754418264,15.04226624882628,40.63834171844059
308.169381541242,437.6028695260101,14.986880394273717,40.59314593194951
309.3600114731037,433.7950584074704,15.16083131030431,40.543135829766854
307.1813330567186,430.06662474223276,15.247402564532061,40.31258911886558
304.5270286594681,425.7963095881256,15.441549082151127,40.32911563227668
300.28234586115525,421.4968276232921,15.369546491024222,40.3667113741911
299.90403981188103,422.86680210060763,15.270775750695122,40.1929109361928
298.65626069906295,423.7295108045247,15.212991787823412,40.169721654030546
297.8094921405117,425.60568134078267,15.207044026963668,39.81635033743903
301.1730469734731,428.1842808443292,15.236461029602516,39.726546331767246
300.40448828114637,427.1954865922702,15.085968010203166,40.01652443183238
300.0084143398172,426.63455760897017,15.032855575552096,40.293122081123016
299.07958509846463,425.76575095873227,15.193977071964763,40.33419839530643
298.62924498287174,424.7942908000984,15.242898324930348,40.573600756133864
297.2927116654757,424.622857575674,15.347749541974434,40.91646720498259
294.6231101237929,423.6905321565073,15.509704910178804,41.05536880492902
292.8101580120718,423.72102876860714,15.664484443169627,40.99437558072925
291.5610481178792,423.3687563430805,15.553638442183534,40.82923183532543
290.2540551645632,422.92573749301795,15.57164232401861,40.84994219385169
285.95999596054344,419.7873273502646,15.500280507110647,41.065126321895114
285.52495303180916,419.3443942289138,15.502614830588303,41.083241030605826
285.4934119136061,418.3576252858743,15.56569706699446,41.32067233392987
284.9931744532022,418.3163759327909,15.693579071184157,41.40317104009676
284.1047609310035,418.7729325427793,15.718252900590791,41.366134427615194
285.9575663132117,420.92279752700847,15.516597939676592,41.44634921353462
287.28433998116503,422.26997786053386,15.483581916180587,41.37251985889454
287.2511386504865,422.62977205542194,15.549984577537703,41.52478906312895
287.67998658943077,422.3604205187091,15.567524730681471,41.18825610552232
288.54416604234177,421.95531544679113,15.580619915294244,41.12773920414079
288.48144176530786,421.57263227633774,15.706068469362116,41.02301089054122
287.631174883729,422.9544520796965,15.664909376070128,40.87191056849811
287.2059082494113,420.72725216986913,15.647504095837052,40.986617643811
286.3151207969585,417.79766894215544,15.690534531125822,40.76087845557998
285.94796388577487,414.8790739511184,15.55804381224169,41.39724119014466
285.1042273031047,413.536341272533,15.498411183274788,41.462047855854884
285.16153520175936,411.9001192942031,15.383795385965582,42.11426844743604
285.1911679253791,409.4857720327719,15.324529938726048,42.539565972340185
283.8337739355325,406.00903462475594,15.382246433214757,42.407516827826704
282.0822157630297,402.94899418488336,15.345975730722117,42.33367037444975
281.57909638939617,399.40010820686206,15.469080139764133,42.366367624692856
282.0155694754563,394.4175771360523,15.481962209057134,42.5873191107684
281.17290825425385,390.7261958127275,15.388839899769685,42.85630275064887
280.27231947175903,386.81897010841067,15.40725091528993,42.64830468667077
279.4595812821003,384.00164889603144,15.255241521879269,42.950489793244714
278.57853153248163,383.4825987010884,15.236726632432017,43.09828298878848
278.0986768021727,382.1237963013898,15.304353994921168,43.139641493799466
277.6008948389774,379.57158650972667,15.406017731805033,42.88065994008543
277.1477259718928,376.89064743713476,15.420312839973988,42.89028232926776
277.9734700454343,376.5478560407623,15.55370291535103,42.683426010782725
277.09169964155814,376.8351418405275,15.53345460473087,43.000748970438565
278.94051826432417,375.76726979448716,15.420085891181788,43.34435879652768
278.92788281965784,377.04769316960994,15.445356780514459,43.48028454225163
278.92667869798663,376.5544736334802,15.447765023856872,43.56539924511915
280.3117601947994,378.04820790396593,15.385353615495397,43.28568228941171
279.4513806793289,379.62355841657467,15.311200853174569,42.82734895408707
279.0232379891829,381.90831498270956,15.277923665162746,42.7056486633364
278.9632206240949,385.104833809385,15.397958395338685,42.523152412325935
279.35565485231785,386.97284894461717,15.499874868055876,42.33426185851352
278.92036552093225,385.811325830965,15.484528246419343,41.999532232594866
279.3424906458798,385.23287614386504,15.52113451300735,42.27557509031172
277.9917839097675,385.78199074733686,15.566139962902696,42.06281522414456
276.6464786364426,385.41657110557696,15.607044073762454,41.91041902906775
276.1893602507056,385.89643831717046,15.639490682374534,41.832474768742706
273.47273911029885,386.43051554084354,15.78518479129588,41.64557835004532
272.22055546025854,385.8834617629936,15.645949453852294,41.85848502657036
268.599324101796,385.2891915672463,15.834435064364177,42.16527827976334
266.88077516176116,385.57879644516044,15.71337631788881,42.47560768057136
265.17089740292687,385.1093309319677,15.565917384145825,42.522735094104
263.8491955987743,384.34162704384823,15.539873275697728,42.27851105917415
262.5561111748521,386.0296282070213,15.468492778731132,42.4459078592425
262.51124155478345,386.86083112648,15.558232018868509,42.55741346205822
262.05110090061845,387.334279182206,15.588340011927508,42.500690665877165
261.5424099413593,386.9022059379614,15.715816453517732,42.47493167743835
261.9928272872857,386.50144882884587,15.706819718400801,42.38460793893363
261.95702148959174,387.48319145605365,15.778431313788717,42.20188676503359
261.054440240056,388.0446149652333,15.805483434368934,41.96809493591987
260.22437736348456,388.10918690933755,15.693226961845081,41.83895104771132
259.7549603024912,387.70724310593556,15.749742320835034,41.76051989151857
258.89072537256163,386.31464021151623,15.713788754280435,41.89909054073661
259.73677602055324,388.0176826854363,15.788789602409008,42.02720988112001
258.4289391388438,388.0277513173569,15.74424907805171,42.00707261727886
259.36600590103365,388.34497033996337,15.641410336593502,42.258281963526606
259.3113659714013,390.4890841198107,15.750690195858208,42.40701854411032
260.53875993688376,393.09766144505335,15.97038503995911,42.53882944375652
260.5255248860113,395.77207705712965,15.996855141704055,42.57404900013106
262.3015558636483,396.5991257861454,16.03808624294141,42.716598070355204
262.2514562517057,397.01987891107757,16.138285466826563,42.77620089532051
261.7083523742829,398.5383230783288,16.320726046657942,42.45061408586072
262.62536503844126,398.4727863370739,16.291449219296684,42.5816875683705
262.6230617781068,398.4989638580232,16.29605573996567,42.529332526471876
263.06966229150356,398.15788082680007,16.305916115472886,42.30843718661741
262.59942867936303,397.27943882862996,16.34631622539876,42.26518695424724
263.0202633237861,396.79961065665907,16.40481760533591,42.324672629405825
263.5073772280998,395.4108083894595,16.332663832694244,42.3960550558475
262.2492974880329,393.9659562354947,16.1434079356503,42.58034398659929
263.5362254343056,394.3908223393233,16.272703382740644,42.631662225487226
262.64034337940404,394.7677082041575,16.25624628253145,42.782001100825056
262.19466444038085,394.3593905572378,16.241632249132333,42.69266448321872
260.7977739269254,396.6937862989541,16.322130572367946,42.54601083924486
260.36167716680234,397.2404574130846,16.29055512977191,42.35643757382617
259.4435583153047,397.30942604988553,16.32583148236781,42.21850030022423
258.5723727468167,396.9226555845629,16.269937058564,42.09290845047962
258.09266293472774,396.49879592395985,16.333030071223742,42.044301160167656
258.06838268569936,395.70238773286866,16.3815905692805,41.8435984578747
257.62057170794367,394.7780674620691,16.38246733383488,41.90274861755955
256.7776759278226,393.8033089020417,16.277036723440435,42.06104356697794
255.50045957602302,392.7821165173457,16.14348061874493,42.311435797506824
254.19335882999638,391.31242281293714,16.06610068153102,42.5592417770568
252.86888698823358,388.9519508230494,16.01697257662473,42.78339944277911
250.5803043904534,389.24065093587603,16.08570618144024,43.10768553527481
249.27960488548473,388.0720827369303,15.96438954532082,43.62967816912838
247.48682042601334,384.6187899080501,15.898527710324437,44.14626000749537
243.78618133921884,382.1512120824595,15.94736133706702,44.48613781689752
240.5383539369495,378.8559463687938,15.969425298231954,44.60307840085508
238.30581801533677,377.16252076004247,15.800147739220087,45.20931997701536
236.93744403708337,379.6525448116797,15.739530493283445,44.8915472111468
236.4435073863446,384.7827712423787,15.800585973484903,44.82609038378578
235.54214049632114,389.04438316212185,15.749334588325098,44.64579978772972
234.5905808230181,391.36819187726024,15.805478816790057,44.61562015280567
236.80304090540648,393.65225265008115,16.00093765835175,44.66787761350239
243.69804445242872,399.54284814020497,16.13643653128825,44.95545847130492
250.11412313152584,399.55954816370405,16.393335704503222,44.922058424306734
257.56629192067965,397.82236252030657,16.514658871628406,44.64001452474354
267.0284085811659,395.6997858137366,16.335571900602325,45.13613866789421
274.47928826157033,397.16874844259695,16.491756941456796,45.02157798548532
278.1866796219178,398.03230595501026,16.615426670492546,45.179076073091466
277.2034863492515,396.1937268099355,16.688223898293842,45.06905572817813
275.64561281320016,391.21008613808624,16.96437148681455,44.624472298743314
275.0683257329196,383.82775719937524,17.17381242822772,44.266998669798156
275.04485070785057,381.9741545248841,17.22076247836584,44.199160440746
270.17374364747025,384.8843488492482,17.526700879646945,44.040537223705584
263.47117667482894,391.3776937321581,17.67636329202388,44.30931899079147
252.55664460349456,395.3644189781689,17.578137878957747,44.916112237970424
242.37530007414279,394.554747486288,17.773861105738632,44.614791809168125
237.61895933218042,390.37074428802333,17.69156394665542,44.34731742699038
234.26639375628292,383.1120973269478,17.717443925926684,44.55193026516202
229.0480699016006,380.32203061012507,17.620650698757107,44.38655046069791
223.39301360251193,379.9284636926937,17.489043944525978,44.22020768285992
218.27431573112418,383.66964897814273,17.29039437803491,44.32768824597399
215.61462800486888,386.89276055374074,16.929438617900068,44.50851817619761
210.56285853246212,386.71416117906983,16.661718009194963,44.86571692553947
206.3942144943992,388.5263881807642,16.510722625146506,45.01383334889486
201.23493935142997,390.8556114338062,16.461351372610338,45.06807845120845
198.44328225656218,394.4479090067649,16.390130020425538,45.4228640278514
194.60861302546616,394.0710228302045,16.489794762681647,45.23042716598021
192.3524178939784,393.6158747669464,16.27588631732694,45.19546355083052
191.0257313733607,395.5331812159275,16.10659121161719,45.12440818212833
187.78006356339685,397.22420674155364,16.040282832043932,45.48958227344811
186.3695071926732,399.4220204591792,16.0389379211364,45.7980509254552
185.2228834737515,401.46400986823517,16.441788617761457,45.49486558977998
185.1369877771248,399.5182089427428,16.613580011014843,45.59377184222442
187.51024882402248,400.2042464971452,16.630539228214005,45.174392995618405
188.0863550799454,399.64073730568623,16.42532719560459,45.35441089930003
189.9400551246074,399.3416357848662,16.501396477567624,45.006746598118355
193.52854966320564,400.3153625862731,16.862554777924853,44.94382983969287
196.61085661203785,399.52012825647716,17.33310805287575,44.63853644996612
199.74201070091186,395.4821645148437,17.734475108193436,44.14688149071997
202.24023519883204,393.1407150872355,18.450381055520133,44.069484559963676
204.56213525796545,391.3500863613491,18.62496968378978,43.79603101450735
207.4221195864253,389.85558015944696,18.68192092300198,43.896583470245645
206.96404553300596,390.7605380344884,18.632787352152704,44.01723107553875
210.2383806421455,394.0267131053276,18.847207917594062,44.247971717580896
214.20416531738934,396.8070060714513,18.701936229180067,44.52710903188868
217.38339356786202,397.72359402171077,19.16671645165837,44.64342933806232
218.65313194466574,396.63397094912506,19.58121197570013,44.85336063146754
220.53693586835513,395.64228878543344,19.79366168714962,44.84669617943669
219.14240319506666,394.8330673157421,19.586742779596623,44.46781628273275
214.4636975048601,394.74234124589407,19.04890067837822,44.64926842242879
210.1552060610605,397.6919775903555,18.821957114321158,44.64594670127682
208.28427705961653,399.69382781576024,18.64944608774853,44.55661527992785
206.9298658689752,401.65002520346695,18.435538293497856,44.54119407189218
206.58177260389596,402.98469953940895,18.161501332114682,44.78251587463347
205.22753639614217,405.1403754256233,17.96349044612066,45.31530293804066
204.37152893192686,404.99584931180175,17.72957488978209,45.60435516568377
205.62983596486663,405.84403071609887,17.158830279546923,45.85386181273383
207.22869412304684,406.7802267404739,16.85989555036402,45.91399082210217
205.91513779426703,406.18515868473673,16.60181878520213,46.14239712600256
207.9666664743699,405.5669184527321,16.340080554928605,46.41854780752879
209.93436069474322,406.4280368092478,16.2428033769427,46.615366725877756
211.84007631979833,406.03982423303154,16.273647269472455,46.43122309265031
212.80520955881994,402.28751112751337,16.26038418857649,47.22633741367131
212.38190180559957,404.20234072961745,16.137396419700394,47.275091310730566
215.28760777105927,404.6725151583653,16.134322327402703,47.30279875967175
216.72989157450456,405.27210372952084,16.154939972388703,47.072016701319484
216.71014984609084,405.3180449025476,16.19442342921618,46.980134355265875
218.46296628071056,408.64632213930213,16.548355054612173,47.07781774736896
220.36155415621684,410.99101058027634,16.64207287147732,47.25205782526767
219.75277738340276,414.200973047129,16.8827130329574,47.670526580599045
218.10868196513348,416.3575426244242,17.209129278849748,48.293678410419055
220.44056491608592,419.1471196939054,17.555771984102904,48.727014600046274
219.19445548178618,423.40037103485184,18.018877629947443,49.35152142055054
216.77782973058567,424.57810231679224,18.72466073233284,50.09166015668142
214.73163740679144,426.8639746624448,19.65143937600771,50.795925471899
210.5670480505391,429.77339664302394,20.40687110363654,51.46886464063411
209.0628740340482,433.2549475638161,21.204897887801373,52.24188716990933
207.68758248319978,431.8076802487503,21.694421960704446,52.875362771247175
205.72298886779558,429.1401232568538,22.178484421758334,53.616977062034096
207.91331924935955,428.1693055597791,22.468534664987054,54.390934704594294
208.01759393292204,425.1999896583561,22.259985297862038,55.593573097177625
207.71585543520393,423.50414499245306,21.665846030271297,56.5900299029298
209.1758663797293,422.5441428905753,21.1484303404564,57.30873100706745
207.4664647849028,420.1292193629942,20.960359836028022,58.53170436814823
209.35451642810372,420.7744282456451,20.833411567655375,59.67405661486585
208.18982367875356,418.3101811188903,20.70200833321522,60.9113677686647
208.59784305449327,417.82281828124593,21.13161249456308,61.88609344395347
209.0275902093958,420.0171298360253,21.53948817406503,62.56695029162288
211.37805117660167,422.0056291881671,21.976608041947976,63.727993389634
211.1440467346286,423.57837120591415,22.444616925894152,64.50959472288798
214.1991209369089,424.51104132534545,22.977949396875367,65.30164683424215
215.89693070311088,425.4788050858121,23.63141702182179,66.06551075154229
218.34947245604187,426.20167785950406,24.216188828215554,67.36469286028628
220.88573604528045,428.38363311670855,24.750176567571117,68.60729726371011
220.09412512274878,427.8476170291268,24.904334518881086,69.6793294388736
223.4714042842075,429.3578447052126,25.38567940679605,71.00041601320136
222.51357628502288,432.9835671515929,25.826550682351197,72.59767945732543
221.6171625331801,434.58215748019535,26.11377705726045,73.91730218644943
220.67747078866336,435.4940166746245,26.463498663768707,75.15290756264164
218.76513289246742,435.43497820478876,27.18086326231963,76.82464009923352
216.1488568975416,437.8551232898134,27.64175736221497,78.34656044912607
214.11095013237676,438.9199772279164,28.476263436190404,79.45816002927431
210.19067941458246,440.01899154173884,29.710119549373943,80.56347406283192
207.7689257652665,440.43231966484325,31.174031845804855,81.42661531772364
210.47700035898546,440.5426898191663,32.671989543869856,82.93440173045325
207.0748195022543,440.6843750738566,34.14524503333347,84.4280666290723
203.5788276415081,443.42625242139997,35.66271246981828,86.24366698066228
200.21363808031512,441.5482239620193,36.759036307001054,88.1217054710226
198.80507954716825,441.90686030506265,37.65156166310183,89.32902449512875
200.85663650789698,439.4179396912798,37.464160761230566,90.39115270310818
200.6306261797604,432.70691005410674,35.94631325639442,91.9940030107986
201.3661993261416,430.7408010819573,34.47516696363202,91.99445895146691
199.18737412186553,424.49306388845497,33.01441432941941,92.8531272529419
197.7990846432035,419.33675133226603,31.940289451380593,93.53899277691262
196.38521471015406,413.68123875687803,30.93682742247951,95.27201319018874
194.6558736939872,409.49177443965584,30.551709820713057,95.9633425564327
195.08835659933635,407.59799329516255,29.686744010014703,95.9016287338462
196.42851000232227,407.7813286909436,28.914247143055686,95.53495794228412
199.14177266529958,406.90590219263595,29.15268569098495,95.39748964760474
200.1305648608798,408.78035477129635,29.065891878091975,95.43016564681888
202.95724741968306,408.2754900316931,29.081466539158544,96.43989512602539
204.79972071500688,409.24161520680065,29.204981735840605,96.41187566947511
205.0552894730696,408.0046779569326,28.69384421971519,96.97962654670762
204.24163986737628,409.70774058874633,28.41647229244338,97.38284356039706
204.228546705313,410.46047799533505,28.442658616569936,97.78257974563857
202.31842502161896,406.44046079651383,28.440208244858212,98.17722666508155
200.292754071997,404.48416615229917,28.65779715403461,98.25606296344333
194.97858604622272,407.1377300420604,29.675914488279997,96.7930226708421
182.1459815006486,408.9955530760446,30.37799286799809,96.9178582507861
178.0294726809669,412.71380076100195,30.871088936277562,97.22128445195536
171.09246504677733,412.3979765318978,31.106487169891896,97.85293291016369
169.06353497037423,415.36842685215584,31.240999679705375,97.7970537341368
162.7872047528097,417.1731788420359,32.01352078531302,98.1142628642171
153.4296058351819,416.7556525475735,32.890195761088044,96.96725735764404
149.01354440297078,418.1467870725612,33.79519300040915,96.16676971394392
146.6897090418085,424.185851849923,34.46916903506889,96.00972422221496
149.54554319435306,425.6649070715365,34.747994458273084,97.04527626451664
150.2296885019621,428.618124017476,35.39638844202007,97.1888961695329
149.01379707502596,430.72199115852055,35.7976961087867,97.04211226165508
154.44330457333547,432.78355843704,35.11680061248958,96.99022550474484
158.80528153000057,432.707762959233,34.48315136825544,97.14181646035901
166.23378397427217,435.8731126727713,33.718977498527316,96.8509017556317
168.54709856654864,433.96762014470517,33.0827992388092,96.67143588692906
171.74927497083235,435.0922307781396,32.621686453780974,96.40329462790653
175.83185867721778,439.87984404008876,32.3319009339136,96.6722954701375
176.87819440308138,441.3765503711092,32.20660938789056,97.61364261950503
177.85967225015938,443.0671245570537,32.222134103332074,98.18945506681102
176.89843496715656,444.4145826029312,32.15765508223919,99.46844614925311
178.13703530258672,443.0122993099875,31.684402704395737,100.26906444212354
180.0056610509642,443.8474645908714,31.960366840905778,100.60534169698812
178.97478378023078,442.547462194627,32.00565780754582,101.18888291465025
177.0439409916519,438.26218454515174,31.816184884378195,101.65712121294983
173.85537297092503,433.1807311030654,32.10713644468889,101.67638729521744
167.8528643508267,421.98224984239005,31.905954148951835,101.695317334023
163.71528571857448,416.20686900109354,32.0574076649935,101.06052339392177
164.6769407847421,414.3404892288422,32.15880854051676,100.74386092270743
165.70821971295226,410.3658390691104,32.118333630642944,100.60482945598518
172.968619132834,412.4067325172185,31.733084546996714,100.56177106151678
182.13217084985047,416.3633727763148,31.51090416576182,100.69512301123432
190.90486448457102,420.5440396849356,32.05058935997437,100.37159917783869
197.03694368677017,418.3115169147345,31.875269173836266,100.8070319788209
207.99862578675913,423.41439150439606,32.14724684066185,100.69007455713572
216.88278510977256,429.3359865396205,32.568887305096496,100.97352389366122
221.71784926081298,433.7618076645807,33.063188357687274,100.25342512747804
227.61746311714063,438.0463133836267,33.454287415808864,99.81129820323734
232.33697231421195,437.1648182846052,34.178211790875224,99.54169984743857
239.38791265915702,435.0722139209592,34.37007073500141,99.64298296501146
244.4401896773415,433.76799072191136,34.500029061948794,100.20452689044379
248.1558660903768,430.69239365255066,35.29778374948573,100.18389039395956
250.05497096014446,423.58865310003034,35.64256143329264,99.8909155173024
252.27844846334466,421.72214776144153,35.3427374998262,99.47679512154608
256.59059156325384,420.0793776681843,34.96729654401542,98.6379126860567
258.72946807239657,417.929856662459,34.77637647767382,98.85012174556343
257.87157070199027,415.8000402439518,34.449190811651874,99.02379376890889
257.94586806179547,414.4840869720848,34.300596092041474,99.61618931054562
257.91578191455096,416.83248254002376,34.360768386530495,101.05516276171767
259.8805075392733,420.69976916815324,34.565040581273855,101.58803639383497
257.8458851784602,419.723810477919,34.47792183111852,101.46177203841275
254.84180108276703,418.598446126764,34.26171126499679,101.63770782155346
256.827984956758,418.44303238871424,34.436045230822444,101.94853529765295
252.68176012511282,415.88003329346463,34.4046462139448,102.91260914806826
250.66812077060044,413.6444704484502,34.24369535555646,103.19550527068401
251.4502427626553,413.4914548805574,34.77464667249354,103.50153640646953
254.2653740672973,409.3388899750853,35.472175692917915,103.36961071113595
258.4575109979848,407.2696540281096,35.56836549354554,103.26785077408604
255.26250879553652,407.26578647596176,35.59711619162451,103.27558587838168
253.0919389221824,409.4288027089361,35.69615206315402,103.19165728761175
255.23955212172157,408.38191348377984,35.64424293822837,103.16377710084788
251.15104801026905,405.4824127041603,35.33998782050596,102.60183115461638
252.98955616276967,403.54589185302405,35.87649341354719,102.26135095884635
251.77008771423243,397.034357617861,36.20376510400729,102.61442818948586
248.55675527716917,393.90371309910466,36.262476881601685,102.50776413046647
248.45378467420042,393.00849502390577,36.46841808753919,102.17600650216681
249.27974499843785,390.97829905092044,36.93768799121782,101.99401734383048
248.89941810352073,386.27091011059133,37.69834178105209,102.90044122429828
252.05767558592646,377.2717326549772,37.84325592334959,103.66831851656934
256.28622839611114,374.8089689025658,38.05581932499533,104.25901151038451
259.5307351626411,373.4537221203509,38.105940664359174,104.78979345067305
258.554847232358,372.09236371933946,37.86950463935229,105.32429836712276
257.6828439771985,369.7106275484979,37.421934609772165,105.70461762900791
258.97617410605756,368.46690646493784,37.02417021845339,106.00316392972869
262.3926210806678,369.81408390812345,36.749071920761736,105.49474092720043
263.5777918309914,374.26166169674593,36.55240437544191,105.29428117126483
263.4816607502626,374.25127765852477,36.74466653689945,105.31504924770722
264.54271266166353,377.51488925558874,36.79359255621577,105.30091557993376
264.3431501125382,378.43425151358997,37.192717654466506,105.63390889545468
260.99156651789065,386.74963583907027,37.34471197915664,106.47293455010737
259.6454343750574,393.3451037032005,37.83851284524577,106.47277933931103
257.2183961929531,398.3359974718566,38.277734995302374,105.32070023030292
254.87386378122642,402.48738658918813,38.568972523634,105.81357658588341
253.3590211679044,403.39650671827764,39.3874265593185,106.20656751866397
251.10964262192041,402.9144180398207,39.42291128004938,107.17074487557784
254.5680913342359,403.5496813672947,39.24426364197591,108.14630148281569
257.82515193908426,404.5260159235431,39.50058645259397,108.4504470437571
258.6361409902079,403.85390634824904,40.14440956981892,109.7946661943453
258.1991491146822,402.29239751059566,41.01839332087019,110.62101086388527
259.03899510409406,401.74589945259703,41.662983704687285,111.71400697988254
258.5310794337496,403.37457463158864,42.678815045376126,113.15978083100603
260.5361376757749,398.52856498833387,43.449856563159955,115.68006311476397
265.0951869320243,396.5984279048182,44.09412130117223,117.09974646916743
262.196140472379,400.22289400614164,44.94713095256183,119.74098080232261
261.54844358723585,400.00695911818406,46.242524722848145,122.69861313844058
260.90359893122223,398.94864358946785,47.532214034875366,124.815244195873
259.30265693299,395.4935536461751,48.08906250212573,126.4353530240303
253.67958011293314,394.1266392557568,48.62206538245472,129.1691818048668
253.46360192887778,391.7331256511666,49.054021750565425,131.22912607450368
256.0049475434093,393.27700251079375,49.50010768921594,133.67014952296284
253.18446394145562,390.24939508124675,49.5262716338362,136.91796275241336
254.3627187848065,391.65979548944995,50.024117119084224,139.80587227990674
254.08812191263374,393.2576160281456,50.573310863429775,142.41954610271478
247.88465900802024,392.070145060296,51.172394983381686,144.79448803841396
248.9097626455178,389.0869823993483,52.11894107858609,147.7640599901099
246.98114278958178,389.29502776517506,52.91983649056874,150.40431355834576
243.21073073316344,386.13041869018843,54.24348582309433,153.62494431816344
244.2951995975859,392.53775734699997,55.25315925241978,156.70332279539215
248.8609176023711,400.4021318626493,55.84442891465541,160.41998510770537
249.78342675703874,408.523463985184,57.30410734337548,164.0055012909682
246.22754391507078,406.20412738951006,57.65106080792089,165.26176837262076
247.6458257159875,412.2433477224124,58.221139440486965,166.80989664441427
247.33530407355326,420.1023276336118,58.84218272535547,168.28744015350972
249.101948977277,430.08365923561234,58.78037133167676,169.1536474321212
248.83297344781218,429.9341318372449,59.3183223906064,169.45270222885625
243.40800719800518,428.12886617421896,59.677960751646054,169.56646884205003
239.70254625292165,424.73562278720726,60.0790350954321,169.34310806969233
235.88007860991058,417.70985891786387,60.7059393195141,169.35857368449868
230.68885180639683,414.2140762369889,60.52658158567603,169.30893148567156
225.11098784774651,405.01429706867737,61.13237811139739,170.1252708363291
219.6097254224423,390.7809966768393,61.51703709137732,170.27756263166253
216.20213378125837,376.32740829889497,61.235358248491195,170.79729088653548
219.9202992549727,372.13517295223664,60.900547651593484,172.08024122932127
221.66327038879894,371.2840501754,60.9776237654186,173.78248678299457
221.68425976886508,370.52239741548254,60.93564500528633,175.30579230282942
225.2618350354934,371.93713141849804,60.99988982206436,176.08602197181574
227.14839915002707,371.3996889101544,60.84875834436836,177.1609069885031
225.50496869494842,376.52193101368886,60.50104755631585,177.82013787606365
229.29967359490968,379.6904263431034,60.186890513833205,178.75839997467438
230.94321328279779,378.22788798067006,60.54506548537812,178.03822235221986
232.93105961304903,376.2659065179476,60.21090973413624,178.32064836840425
231.3768848811832,374.3083887917361,59.67979996698269,178.5962245899421
232.90355039114135,373.02929976926873,60.26014370608008,177.52072787586303
230.996175273001,371.19644529430843,60.445929928987844,177.55747281241068
230.7234629574277,369.5912359162208,60.99135456013444,177.1350135015778
232.72365808382136,367.69352734399433,60.627765132263235,177.2936298211145
234.3634529066837,375.22873802469667,60.98061040900741,176.75294814958525
239.7860174035818,382.45608499077355,61.02895300136005,176.82288299896328
243.19544437867725,395.0758412293004,61.47616892597314,177.01461508372353
241.24627970738007,408.0261468506524,61.73058716304678,176.62138157966447
245.0582675401234,410.5933721563908,61.39246765945079,175.12985904913307
243.40324977395554,407.88363199993984,61.08700886333878,173.31835070513958
247.1574096309785,410.2762797596245,60.74685708846783,172.1171391553577
241.68752266145927,407.392097672561,61.00436559361701,170.7639930402251
236.15934425361735,406.0624012482484,61.42242879204092,169.87728801643038
227.21707759814058,403.8587542425335,61.60198864504096,170.74358733626943
221.89823145360174,397.7992756859015,61.56978292618365,172.1926464415985
218.04417306897386,387.8837292868251,62.12437349534005,174.13992373950308
221.7866585111938,383.4110234216431,61.86868889799102,175.8560491827763
222.04705800931256,381.42895392588423,61.34788990175348,176.18567448520304
216.93755910852104,379.6079307901247,60.67763480551819,176.19796979078254
220.6946349404921,381.5125411749616,60.39893262911394,176.00647376487763
222.86626071473214,382.9378592212205,59.665597098014004,176.76575368974005
222.95993984365808,384.11506103888996,59.47823884016212,178.01870374842468
225.2689645369912,393.7774040418268,58.4819572374346,176.80285666224432
223.9161022548099,396.19559338039926,57.60145063763153,175.55270914926513
229.7669043493532,395.8053919991044,56.55679239814703,172.78079659532077
235.23389305688852,398.59388822528376,56.104056024726574,170.69755115684546
239.09031202931175,399.32527764461486,55.30286758389766,169.2347723181834
241.38091797599458,403.2853360913799,54.14199007978287,168.155324203155
238.39880525002638,402.4030243095752,53.33886030568486,166.53627015374727
235.48369487484516,398.7919807214339,52.47724902887097,163.7206092892655
235.75956937484938,396.4808561993447,51.92550002886253,161.7626875684097
234.65312155529924,394.1618787019503,50.88626169657784,159.8963746204285
231.6492022977926,392.3055909862327,50.48107185535004,157.19592169562276
228.83805451245337,390.3851797473001,49.78193269754425,154.7153094450035
224.45690119851054,393.34361534026544,49.206342922567956,151.91107039336023
220.15834374384877,393.39712840571093,48.61680160463003,148.7418255200488
216.06593713846777,391.5697675755469,47.78254857083736,146.38383635067373
213.48068935583103,392.72426911424935,47.03798358958676,144.07483327326884
215.29954204102478,394.14487228313385,46.311325214865874,141.23362693549984
213.05639520266539,395.43345118506727,45.08296674427882,138.65646913163295
213.28361338135613,397.59299152448136,44.62853038689734,134.3373884528048
212.30148908867346,398.68299671150515,43.86437262361066,132.15737807875723
212.5080661834726,395.24766950528266,43.45121843401237,130.9778352249325
214.1756447138725,391.91166668858824,42.77511393109549,129.67268318467268
213.50531839094475,388.34898187100185,41.487663766311016,128.9137443879256
215.2308948372165,389.4200476277945,40.63019827519936,126.77161287434035
216.82154521927927,391.3090786024535,39.99639560834703,125.54104902229548
215.7971932813128,393.1301759250208,39.52673498568923,124.41721887575167
214.9313242163292,393.60758037180545,38.76470773859482,123.46240998218245
218.50289327673786,392.2353337571981,39.02009324409577,121.27455412718493
218.82444057059953,392.7557125720704,38.37699865637244,120.23379649744024
221.2919554099291,392.2271472016996,38.26840027692352,118.87771158857691
225.05630928300658,393.31883563505556,37.91557675283146,116.69433472186495
225.31327518717387,394.39923922693686,37.401644944496866,114.53352753810233
226.75336526464972,393.99993061598235,36.83578066789879,113.01782888165772
230.44622537775467,395.69808441700013,36.297224194625386,111.90390919726757
234.0474398750945,400.20263978578214,35.86480688717563,111.92148070934343
240.097018753187,400.43914416556595,35.01051345799103,111.4484719497758
243.8131524739322,405.3540687567388,34.25782321218393,110.52472569500802
246.28178162076944,408.13188114130367,33.71963328092115,109.36816928828995
246.24042623129498,408.04144853624103,33.80234405987004,107.37583787682361
248.4161811882879,413.44787184096134,33.74378500179216,105.14889297919902
249.45905822082244,414.18493274330984,33.771819440284034,103.67477117450201
250.56536634737762,415.29403529838686,33.652563821820635,103.54992669899494
249.71316284792064,417.8800872759242,33.26757359360788,104.64601442530022
250.80626812155765,420.86973203206,33.17924894747987,104.96038261646675
251.9586780356524,421.9867194789487,32.97514952696978,104.8271281303688
253.09806616312488,424.67447245842044,32.79144103981625,103.64175770700822
254.0986377931889,426.0144805561572,32.86516149272981,103.03660522457625
253.12564909010274,428.7477918574097,32.74350678339488,103.77287896859308
254.12270046241508,429.1674544795692,32.82524493333849,102.93355372427416
252.06365483505598,428.944905939609,32.81246720691564,103.37865080419458
253.0074569184712,432.8594486903287,32.99638020120445,103.83563394723211
251.10701643838047,432.7953911242206,32.634481178664714,103.96374907944819
252.90150363194,433.49393404709167,33.19858372410668,102.56666323370614
250.77452004161424,433.2495162631118,33.31837382905126,103.05549880166585
251.5053559314685,431.01014764747606,33.9329363112058,103.3817675092113
253.39990602429194,425.82907871755964,34.328137921628084,103.28315087887141
251.42735198589983,420.93533612885903,34.07726956640401,104.67868319225614
250.3301166432143,415.95172802386776,34.158504956405515,106.1929582207604
253.4765906983525,414.68949533492605,34.27428271251807,106.58118164318077
252.30869623016878,413.2968073493359,34.46618725478368,107.22267322025924
253.25645410586526,411.122952995345,34.727195035142365,107.25733486473787
255.24374577539152,410.01709803880976,35.07623670422264,107.30723227374185
257.2077881396572,408.5200424133035,35.486009846520616,108.13241458933975
259.2464100528719,409.32428408149946,35.78511839363129,108.71210743971778
259.23288886084714,407.8529987134439,35.81216077768081,109.45277549104797
260.4599750847986,406.7237841761966,35.57091831728251,109.498274578038
262.8738451901205,405.8212600307055,35.161477124506874,109.09417336008613
262.9443289924726,407.20995647903976,35.02050951980261,108.51266723898743
262.9245205633461,407.58323427610463,35.06012637805566,107.76611164485773
262.9525207075677,407.56664093609453,35.0041260896124,107.79929832487787
261.94718158541355,409.4908292039844,34.840205100132316,108.30012025667519
263.0153663226184,409.40360095314077,34.882538245966785,108.47457675836249
261.9898584831583,412.1728343757021,34.75159523178013,109.48198599256028
259.78611913569534,417.19455611991594,34.7713695968922,110.407803328667
257.4921102934759,421.2107821275159,34.944680098978374,111.20476567817273
254.11057483035557,426.97443857778654,35.042186838030275,110.78672642294602
249.70689771570767,429.2621926759799,34.97865647446794,110.64666052298827
241.8767588055376,433.4623103392678,35.13699298585193,111.10467737295897
238.51715844648743,434.59471280133084,35.18425463849598,111.06385213731824
235.2833629644224,441.3201566594891,34.97903236382807,110.95859089859769
233.06059084707607,441.5090459341008,34.98658500166047,110.58081234937426
229.8338014402424,444.89719788677087,34.79883955889709,110.44583270046479
228.58435960322007,445.19195400057816,35.08932371294422,109.85632047285017
226.2279706172362,445.21821014824457,35.39133542308279,109.8038081775174
225.13016063801535,445.49488789713837,35.37676386415458,109.25045267972968
226.23097307229642,449.08419084101405,35.377201578305566,108.67803454011766
225.0890350396153,448.97475066776144,35.46714126881746,108.89691488662288
227.20761376599398,450.92691883277837,35.6273799192188,109.38997465974772
227.07317884275562,449.5633936225104,35.89624976569551,109.90837823016996
226.82205721594727,449.78589564475186,36.398493019312255,109.46337418568699
226.64966700394217,449.8781888243162,36.74327344332245,109.27878782655836
226.63501991364382,453.68558942674895,36.77256762391913,110.57399787255417
228.7404711569959,452.62695302558507,37.05461441129002,110.44479603784447
231.03962229007385,451.2765491545486,36.95590218362925,110.89580876066977
232.27921173702643,450.47695037062044,36.7311325712226,112.4950063285261
233.36079150151693,453.4534215916735,36.841009201637334,113.36117236460727
234.56495712255952,451.2173341825895,36.72004153301711,113.25862003584531
235.75542422959046,451.6902877304722,36.6227923708236,112.3127129400799
235.91359890995483,453.07139024077225,36.30644301009488,111.8189649138187
234.64431174380044,454.6138395106157,36.589384552877526,110.98969916365795
235.63323222961174,454.63415887640724,36.8605771980728,110.94906043207499
235.64683920030492,453.1489114952543,36.833363256686404,111.66613277184427
235.40477140029805,452.99158393421,37.31749885670016,111.98078789393281
236.41647389134354,454.5351608559907,37.57056030246679,111.17010047822907
237.53107201324678,453.16047021645716,37.61091499492069,109.38037988477541
238.75653701690067,455.94815167941715,37.404768788239295,110.53936836073444
241.00139366878426,454.18358993919463,37.430134517285275,111.81095232477286
242.00908802778767,455.81393823921655,37.69085534897447,113.10247482412112
243.11278306418893,455.27527283202056,37.78272643069783,114.17980563851313
237.15507124315081,455.12029886531764,38.11679172624087,114.48975357191897
231.1106904320998,454.1069393913918,38.571565088795246,114.18967486786117
228.5649433893172,450.99767543325737,39.00137884538351,113.41568229066456
234.18276201437908,448.59864326639035,39.40400258613267,113.55844222804939
242.11215184011712,445.29175606902965,39.904363215923574,113.1611565022279
244.58544686129994,441.1520953613648,39.63866607944339,112.07869210578673
245.99562659471047,440.80631103369643,39.13847149673598,112.77026076112335
242.78548536857102,446.13036876695935,38.59592115640217,113.72686661561873
245.1925614398217,451.09395902455,38.43115409489141,115.4231488029142
245.27013361019078,449.00091053237566,38.27600975415327,117.26341250814332
242.75551500181447,447.6936689791247,38.56692002384064,117.5087321411126
242.65476779081388,449.5887693467139,38.76841444584183,118.47450541322388
239.92727846897884,443.00639730374803,39.43256644365761,119.66218288451994
245.8226722876698,441.17981284351833,39.76416845275669,120.89087387568301
248.56647791703338,439.50073322732635,39.172615581017396,121.80100391457296
251.0997538337058,437.1663751990536,39.00627256053791,121.56951115825314
252.54479909278595,433.5109743899918,38.55994014818505,121.54903845895447
255.0230437021558,432.5873868752312,38.473957080278645,120.96096041305907
257.38314369770336,429.71128238678875,38.6044030061767,119.43720051445412
259.71498369335893,429.1531966748246,38.75289094250452,118.14728797456291
261.9752336906614,428.473528893329,39.01334377140799,117.11614712579984
261.8826974080188,428.45187958698614,39.19841633669317,117.15944573848556
262.001611135174,427.06930292487726,38.96058888238281,117.54001735975409
260.5896252234768,426.25398039287825,39.39891542751649,116.78501714549137
262.91486786016594,424.5375021445373,39.51426102467984,115.4521427716315
265.1921725725092,424.89410425176897,39.69171320701463,114.73893855716827
266.5595010876589,425.855240166904,39.316151489605325,115.17576203978811
265.3536881634418,425.72442227888394,39.36929832247607,115.43739781582832
263.89809192310673,429.757295924319,39.9173138783195,116.82435822426481
262.5505146727796,431.4872955809794,40.21953033192895,118.15023500503378
262.7481965782832,430.89162119343865,39.82416652092169,119.34158378011526
259.01486590245474,431.4062517152222,40.00956699441058,120.7394096959375
255.06577657575338,434.65776858995326,40.556633372867594,121.58748822142105
251.2418872353507,433.6624469315394,40.78705667360315,121.10567974489209
247.38278555168299,431.5818324196158,41.095842346333974,120.32729697233631
243.55439880666884,430.8644032510085,41.359552938625974,119.29780101030538
239.86006609068494,429.5927529138495,41.38477606023311,119.38662091450333
237.53015580552392,428.9801289724572,41.13218302443693,120.61186879728795
237.46342669214573,426.5700562423023,41.26564125119331,122.9629417145094
238.56304149447465,425.4313052523605,41.57140895768021,125.24044369439292
238.57406567695492,427.02219959052377,41.54936059271967,127.14466627818584
239.91369041544,426.0311343285881,41.439793983066586,129.12679680205707
241.0550063122842,423.794229147353,41.752995268988656,131.00477408491673
243.67863339536902,424.78287632002434,41.762261046066286,131.65573971119767
245.93250067748403,424.69765699257175,42.52986727837035,131.8261783661029
247.0719869047618,423.53027640525306,42.90510735464146,131.50672700991373
246.91384258796575,425.28271287647704,43.22139598823354,130.65841797898565
246.92396008829945,425.4320759469092,43.20116098756613,130.35969183812125
244.06728531241265,426.31024238979404,43.62315159125625,128.60335895235164
244.0014244070333,429.6748590985695,43.754873402014965,127.13090827661026
242.65696992118274,432.79526939766254,43.83397387527178,126.10970467531303
242.6504921057437,435.4593313587891,43.84692950614989,125.97494917947716
242.46377213217332,439.0056392200438,44.22036945329063,126.66732561128899
240.82356901820827,440.1351348019448,44.88910677453316,127.02000335417455
238.00294528071163,444.01618600943715,45.272646058672294,127.1444632254711
236.59118248124193,449.43239962977395,45.458580363942644,126.86240115947385
237.94802804010018,450.5257722292487,45.38182059673163,127.31258731103003
240.69583874407735,451.9659844380198,45.17014564593243,127.07413612206543
238.0240069342371,451.37068033301347,45.24435445428753,128.26474433207807
239.31783076133263,453.9425272267775,45.30978562006143,128.42720818448004
239.42740255464403,455.16399639810163,45.09064203343864,128.6408566397816
239.55293791786482,454.08917009935385,44.8395713069971,128.13485344873908
241.93936427947796,453.98094461692796,45.35445879375653,128.35130441359084
244.5436919953097,455.96928187345804,45.45843142541196,127.03094393219024
244.61767795502894,457.6049736044024,45.3104595059735,126.39889793989549
243.46405276033218,458.81450641989636,44.990087262644295,126.60745494163032
242.0765479204906,462.3155495802401,45.14030266526086,127.4797514521425
243.60182753579497,461.3162373339417,44.729723109658664,129.47837594473935
244.92186312117983,464.6520630530365,44.75069082717747,130.78984117141547
246.46688276695437,467.9255631410073,44.340770079388655,132.283196626755
243.6842761734949,471.5963302741434,44.51817150167273,133.02338000743515
245.1377877210083,470.9971408274298,44.318834988647254,134.22175890086234
246.33382973735382,474.3373440600841,44.647840815332096,135.70462201368125
246.18894860072828,476.12871278122986,44.937603088583145,137.61830190517756
244.54190227563421,483.0178486087839,45.45096478806754,137.74368500358815
245.85870821898078,484.3014835970185,45.60927917075469,137.96834129649903
245.51111875538015,486.00972006335826,46.304458097955944,137.3498904656567
245.02145683371424,488.06421742981337,47.28378194128777,136.04283310035194
246.01563453177891,490.22020437538265,48.096589492049254,134.53202215610412
243.1369106961303,494.0605043145435,48.265332685159194,132.4401267559698
241.3975688576229,492.9326999432417,48.9765215364257,131.92824067282498
238.63071766477728,492.98892698777314,51.737215749970986,131.81578658376213
230.77931540705634,493.8604648520312,53.33507532787622,132.89369984275328
230.85494592227369,491.71558974084826,53.18381429744152,134.31840038920546
231.75400430577187,488.31050513373805,54.268549882372405,135.36286489957135
232.53851783628,486.12595326768843,55.61677930482379,136.81471214820306
233.44447021456727,484.11794449019334,56.76707897244668,137.86852527899563
235.72126007367388,482.33842344116016,58.20923273174546,138.42970063830595
236.20350204100333,483.76838245222757,60.27631804660186,138.60135186568635
236.74666686762149,483.98769218136886,62.26059709887017,138.16273240740387
235.77817918577787,482.8064736583299,64.19757246255737,137.42599736672102
236.59269502181138,485.03421266423754,65.69092167870917,136.09290024312457
236.0990567679912,485.6123484587429,66.67819818634956,134.93662865411392
234.20184585202628,486.0903639426608,67.3434051197481,133.98059768627812
235.48014567811316,486.73109998937434,67.91354233120083,132.69912559285106
233.52644860304528,489.0264812023377,68.70313845425761,131.22616119400314
234.67761160462663,493.7373211952302,69.5105778999563,131.13377755480215
234.49123725437192,493.52964392786225,69.8833266004657,131.54913208953803
234.5398432073589,494.55306512479774,69.78611469449174,132.63707243123943
234.453807930959,492.386589109727,69.9581852472916,133.82090694166814
236.19043086058008,492.1141628574171,69.65441633699598,134.36575944628797
234.68430061400736,495.1544870998315,69.49442193774468,134.62962074625258
233.54422948482232,494.58311574206857,68.60119024151393,135.77236346177847
236.4868661567138,498.63872421729224,65.89064184620246,137.1853213567457
237.34851910954256,496.41116248570194,64.16733594054496,138.4920547398193
235.39520692377235,502.82493910778396,61.79922142364653,138.2139792725329
236.6367853116105,503.6529398704702,59.31606464797024,136.5579777471604
237.73716241486468,504.56917594671364,57.11531044146188,134.7255055946736
240.22359114469523,507.1294981394039,55.101116388822525,132.56352461631482
239.41176222235583,511.16556579896667,53.83305178323647,130.27483419771895
241.41622197536682,510.5051828459973,52.66030322099499,128.75942915987713
240.40673528482546,507.82011314957117,51.885815948966496,128.542647246507
241.9470570445349,507.0061257878994,51.58171441803534,127.39407998136278
242.11870432981164,506.13366608350196,51.23841984748188,126.38442349997862
243.4969648972909,506.84320639632415,51.21581068324856,124.96534287433428
242.10574896388556,508.8888447073533,51.28518758491091,123.5871212174243
242.2717170019447,503.9095073745404,50.95325150879264,122.76817042901975
242.19111448674582,504.47679528098325,51.11445653919035,121.63359461613405
241.91572651052417,502.73740641312907,51.66523249163367,122.44920133342882
241.81817402924213,499.4521630299251,51.86033745419774,123.65025654533102
240.6172790651346,493.19091282694376,51.55660271609031,125.35065828600382
243.25050855366385,492.0727181949231,51.73948951810938,127.58704755004524
240.67388721382775,488.65174435149254,51.37239738192656,128.90866042105128
239.1933090781472,484.3094097839666,51.5609029834625,129.2753775466277
238.95393033441295,479.08679313302923,52.039660470931,128.5954317761691
240.3868746252612,478.9890514111136,51.95381645407941,128.79091522000033
239.23500440292742,476.494060783931,51.47622656988903,130.99956614550752
242.03884542674916,473.1856105701827,51.47771166826353,134.81188299999513
246.3984695479076,470.50049790775853,51.33657394237107,137.32273815270185
249.3816090174761,469.0352844379417,51.155970973414874,140.25316509233548
252.40535188770573,469.3427075007461,50.97156681024633,142.56985975537208
253.90793141530654,469.5692964550247,50.92773796119427,145.07801205296445
256.9014817785983,470.72970421034466,50.933352800355436,145.7535543251969
258.2655897387478,470.64010497985123,51.211238587386404,145.9327527861838
260.9971103536976,471.0474263193517,51.77561828066011,145.1181101071828
261.0333154532968,472.72461382623703,51.703208081461774,144.77605546960444
259.5196098347637,473.2701323005855,51.72449944104523,143.68501852090753
262.19885476308104,472.7739105570531,52.3478321698459,141.68655071525478
264.93044316898016,470.5397933719104,52.83182518080831,140.20761526277948
264.8072799705095,471.1859642179036,53.07815157774966,138.91527357079303
266.1760103537728,472.7519346009948,53.287697178778544,138.73033917216623
266.194243520572,472.91311472492873,53.2512308451802,138.40797892429822
266.19154879322014,474.9259014806257,53.25662029988395,137.3252374399517
265.8938576145401,477.1588889947542,53.852002657244014,135.78664150688275
264.5400805297566,478.2751730269082,53.64363989695299,133.55407344257466
264.37640210505356,479.4870920570565,53.97099674635916,131.13023538227807
264.40356694984337,483.7560505676331,53.91666705677945,128.2942436061498
264.1716159047292,486.5100526785413,54.38056914700783,125.595301978777
262.6016406951213,484.9724721039904,54.742278038014476,123.11398007146047
261.01016045089403,486.01243976204455,55.17657870889876,121.0340447553522
258.07186872153954,484.51500042704373,55.60098693595291,118.576748193699
256.5777547488232,482.92902918293277,55.89145266811253,116.3531662553747
255.06408288944138,482.9154891840152,56.248387866541336,113.70983773287506
256.1856085958438,476.4715941512125,56.64332417235851,110.76970148674889
254.87530081115187,476.8321442499538,56.66219025855778,107.44685180608167
256.02757812593177,476.44217096024283,56.91090624337535,103.1202571567487
257.03827019848967,476.13643369267817,57.38329372997348,98.7441884284502
258.2020427999908,476.94098378002695,57.49278424775221,94.69805253297181
258.28142565187727,480.0767163602827,57.33401854397924,90.80532181158814
254.83089870695858,484.62179525445794,57.281168262964016,86.35110013713945
250.45331818584322,490.0631309793805,57.03507337150563,82.2193706375613
247.62079623486977,496.42312955665636,56.148119638812545,78.2353703291962
245.68717272497852,499.29599475114213,55.79713235778907,74.59875709062787
