198.5,249.5,95,325
197.20926613789902,241.7705154458978,96.58146772420199,326.73615795108014
193.2976380199087,241.44877915661672,97.98935752541011,327.37963052964227
195.92955176646888,241.7709020283715,99.17614752467327,326.7353847861327
195.19007654239104,241.71247257860662,100.65509797282891,326.8522436856625
194.70098835005354,244.72830600491315,101.6332743575039,327.3131072968487
197.55812900097578,243.95149552812313,102.43613188641913,328.86672825042876
200.81921595365634,249.38226251705947,102.4679483958883,331.1131751022167
200.6060649170155,244.9448391997893,102.89425046917,333.4015983079922
203.53065100949988,243.70555255166238,103.67181285619603,335.880171604246
203.22007749220916,239.57669467780033,104.2929598907775,337.46165493729507
206.21731012780046,242.59686133432552,105.00862032638479,338.1314473310347
209.29946537388133,245.4735438169159,105.57715148250666,339.11092401413754
209.4321866183875,248.42723726120198,105.31170899349432,339.96076363152713
209.49888738757932,251.27906575289987,105.17830745511074,341.02147794152194
213.02997135615635,256.94367222759263,104.89307845915947,343.2461428745423
213.06630656233457,252.62445131371837,104.82040804680304,345.0814038211194
216.2959444016798,244.54970987777074,105.18895841896318,347.57523459131346
219.595591047348,243.66356693607452,105.45962790449386,349.3475204747059
220.04953449799623,239.770271952738,104.55174100319736,350.2340422652789
216.74069966636853,232.7513064735337,104.27363987006959,350.4804316309211
210.07490034668433,226.07495391538563,103.81705425110542,350.0449524888847
213.2531712175809,226.03398003803653,104.33996353929314,350.1269002435829
209.99795781781495,222.02736451168064,103.96006728907375,351.2498082465434
207.0017826752246,221.29598139208665,103.05327027620011,352.7125744857314
199.99689754005942,217.0941514328984,103.25712428182888,354.2132762717571
206.33058976444832,216.94386734049544,104.44566017208668,354.513844456563
202.25034715536026,209.6809686564714,105.65181926958743,355.13098958326043
209.24416469976472,208.89439362532792,105.63512318074774,356.7041396455474
212.24290328003892,219.6635907480341,106.64505432452682,356.1879703131175
211.5167393090564,230.7374764658949,108.09738226649189,355.096785894908
211.12133308590037,237.42965571608806,108.88819471280391,355.7731060121182
210.82490954544386,237.40949928742785,109.48104179371691,355.81341886943864
210.47065250590478,240.5222139741889,110.18955587279511,356.6540844634616
210.08614952360247,244.3225145740438,110.95856183739973,356.1445893389855
205.68368108926558,248.55252485988404,112.66540988888515,354.78265758449334
205.32794112555433,244.53403886773035,113.37688981630762,355.70938889464213
204.53743561601243,240.71445305639125,114.95790083539147,356.21206629975944
200.23240833394271,233.47285450944082,116.39524575698579,356.3498441085701
200.10369115317724,226.5238879345977,116.65268011851674,355.8456581233807
199.3917445594807,223.13113005148068,118.07657330590979,355.43256007957643
198.98357045442418,216.024199437715,118.89292151602282,355.2087678027968
198.72293730531777,208.54867804191917,119.41418781423567,355.6986541286218
194.73733456452152,198.0522373969447,120.13831028811474,354.95028639543034
202.01923672996975,195.16116787088538,120.0738172877126,353.48276978230183
205.8888823999741,195.90051690187985,119.56209879466762,352.0040717203129
213.32156410300547,193.11022057372475,119.09106799520939,350.3874980733209
216.8921763607033,189.98397496769957,119.11538149521557,349.47445126996945
221.02513251109622,194.1648926980831,118.00244120935454,348.2655878241272
228.45540403277147,198.5695608487377,117.37277291059765,346.5716888951148
228.49499716384415,202.57635626205064,117.29358664845229,345.6379098144855
228.15717053281807,202.9873983125475,117.96923991050444,344.8158257134918
227.74629816899946,200.2864062263316,118.79098463814165,343.1521334923729
227.04421264560654,197.05949731910886,120.1951556849275,342.54902375642007
233.69342602930513,196.9040074148675,121.04445277481118,342.8600035649028
236.65614234964255,197.37652100878339,122.21274902057078,341.914976377071
232.51053566525522,197.81628288809156,123.40253817441163,341.03545261845466
231.73042368128645,201.8434957534804,124.96276214234916,340.0914266194818
231.08396915914386,209.56718298237126,126.25567118663436,338.8942478287016
215.84014545328597,203.2398290246115,128.21820140782415,337.2863971489581
197.52447459848196,193.06887265777402,129.13177577106555,336.19764947481303
180.80399722475548,171.29383477790884,126.85103594791991,336.881691749825
178.73608401142943,160.25494961917795,123.87370432362805,337.61998791445495
173.12113125057823,149.0175551456963,120.9635064883158,338.8846218258964
174.1185387228243,148.90557099898786,118.9686915438237,339.10859011931325
178.85719697308411,159.59077863093728,116.49383959690667,338.7455685162222
176.01853377272244,163.35090609487247,115.21891463691777,338.17756494906405
179.89306010922624,166.90025669417102,114.39077204014956,337.9997738267064
183.82037134957173,166.81976494466204,113.43941120040284,338.1607573257244
190.9647680146548,174.2073892511687,112.92696094835783,337.1618517908322
197.81591728389353,177.7722778842352,112.95382545147703,336.89665604549754
204.7531806675883,177.63993485344446,112.8018936141942,337.161342107079
211.7379664134682,177.7601798873556,112.5568963858817,336.9208520392567
215.01363689839155,181.904872199323,112.85993836490988,335.48585036419684
218.3653176000431,202.84276756838176,112.9960718141248,334.64702874118757
221.4933584049237,217.01921859591798,113.57002709158006,333.6142742349809
218.09570796343326,213.62135284545707,113.53952485410355,333.5842026154453
214.87845628880612,213.07502981936017,113.14921011901089,334.6768486676391
211.75213356833913,202.17602184347066,112.56859696002726,335.9750888196653
205.00844817246752,191.23417956160108,112.37369868822202,337.33536978808183
209.09665468904464,187.55555219851712,111.05421633833585,337.8356938309817
212.83061604518042,180.75656766511807,110.4261749948391,337.7539001602302
209.891586344219,174.25914627480265,109.47703307145052,337.0943402902381
213.82534532278092,168.46645026511726,108.40992251350377,335.07891751125476
217.91245448261824,168.86072281096756,106.98787618687273,334.29037241955416
225.34297130012465,179.8734376225024,105.55650256670512,332.40943281875224
235.78371249809783,190.37980127105172,104.66036651746609,331.38205186836086
246.28615330593988,200.3225835346173,103.5475664234439,331.3885688628916
259.9901976190018,206.61754192147728,102.58053513283369,332.0191807569285
270.5473940193388,205.814144784014,101.27017643976886,333.6259750318551
294.2404794532336,208.41661018434394,100.0830255455384,335.0209042274179
311.2279081932267,207.83472984457688,99.096110407738,336.184664906952
324.8053049449388,204.1354117002025,98.32416154666817,336.98759003511213
344.61076660276706,203.88196157082518,98.26941405489225,337.49449029386676
353.95847392329995,200.01197688762844,99.37051645105761,338.63562064784986
362.7488888973793,196.92614290769203,101.69607575853105,338.17182552251194
358.77079149682453,190.5283951949873,102.9801662616619,337.6231123519641
357.6646802876372,180.79014264303754,105.19238868003657,337.0352267841524
360.20876730045626,174.32678333319222,106.8249071395128,336.5205604336145
359.86724949083384,168.27266994784677,107.50794275875764,335.1418074576507
362.6690193086712,165.66649020715647,108.640889489524,333.6176805725903
368.78118947468664,166.28945176134215,109.88784659256928,332.37175746421894
364.8631253856367,159.89141876995728,110.98317737792271,331.6862286614959
367.1715689458122,156.61801282192323,113.11738051209578,331.48195030303987
365.6625026464692,159.9333477754158,116.13551311078189,331.63844069697626
367.4992726535923,170.50770065024844,119.30632079068751,331.0227780297666
369.80760652903246,177.51345986843597,121.58272909720966,330.79741170819614
365.5115632469131,191.62626932604792,123.24380131497135,330.29585017887973
373.2929861594681,190.68950210603245,121.58854765970797,332.16938461891067
374.7308577565134,204.05993995526526,118.71280446561742,333.23153709187187
376.35155783708854,210.76836757681662,115.47140430446706,333.6424620643106
374.1565215631658,209.61750343097745,113.00061757620892,335.94419035598895
371.825133741695,205.2000111328457,110.8148011597787,337.9305828928806
369.0582442688584,204.55871172274385,109.51173904271259,339.2131817130843
369.7932463289115,210.4363910487495,108.04173492260644,341.12012274679284
370.03301223966446,205.797904472632,107.56220310110055,343.5659165707183
366.00960386186273,194.93554366706167,108.75198366786829,344.71952961535214
365.82352785351975,184.38878366694988,109.12413568455429,345.12702753611455
358.0865180399585,173.92422304029503,110.78219347096568,345.33220602835763
353.1704254030665,177.12182137511556,113.6729630308568,345.87842507260945
347.90312402343784,187.7473327734531,117.20530962983287,345.63417075677825
331.92514387169615,194.30775103794014,120.90767235701789,346.6401330159533
326.738844235384,204.58101745201816,124.13506912242161,347.5292077094591
315.0187476204706,207.16169786075346,125.92576470438621,349.58434610794257
310.3577496620407,210.35897690251528,127.96944236742841,350.4681062782365
302.13936635833755,217.07064117276974,129.7503468340601,351.7006398785022
301.5016376439051,230.55744715511887,131.02580426292505,354.2379864447308
293.6287480995981,229.64757528395853,131.89740205407304,356.05773018705145
293.60747711529547,236.1932022924138,131.9399440226783,357.9242296575078
286.11721579985283,243.19264873406115,131.90772081519546,358.9380826125812
290.38584230164224,251.2780659891253,130.89077378339442,357.8078600460084
287.401246038139,239.99704825396282,129.37420760001734,357.91261938518255
292.1328194938525,244.77665353589205,127.37089174445073,355.81323987718446
293.63951114830587,245.52182383693068,124.35750843554403,354.3228992751072
295.2321387810183,241.80466884332282,121.17225317011906,354.43964427193407
296.7410267435846,234.36599291509592,118.15447724498648,354.79450137742066
298.1944525448991,231.1201040360691,115.24762564235755,354.0751058910606
295.8661093762659,220.8814700867171,112.75664522332157,353.1093735208578
289.80878435991946,211.26496351340106,110.69496002626877,351.0778838228711
290.6403042430163,208.16214693550992,109.03192026007501,350.2621520681576
288.23015084019676,198.23481595698416,106.87311171980201,349.1794679874728
289.33019572978736,196.18604898006464,104.67302194062088,346.35313381175
294.33199379896917,190.15509868395702,101.51252580309676,344.7288344022862
299.263881815069,198.11188317713902,98.41019250961288,342.33815089335394
304.09104927156955,198.97515927927913,95.42573718267916,340.61159868907373
308.52607078944675,203.27608335706182,93.14544153868448,338.59949792526805
309.4108008113893,210.15091748187,91.3759814947993,337.88713672472807
312.46680239741653,216.7293118594622,91.73936679753163,337.6811249191169
315.589870927119,217.53688968692282,91.97254714987501,336.06596926419564
314.7063915345904,218.735252572402,93.73950593493224,333.6692434932373
317.4941987391702,219.4682022887655,94.62416841366992,332.2033440605103
319.91521216605224,224.08302102385193,96.23827288231664,329.4298379127482
319.6287423061097,228.50170315737236,96.81121260220179,327.0395331780007
319.76145120516026,229.59416103611488,96.54579480410065,324.85461742051564
319.8706611516108,229.8584745536204,96.32737491119953,324.3259903855046
316.6664036198645,223.29672049154175,96.3593291939392,324.69637694815606
316.76663162580024,221.21385905762386,96.15887318206771,322.47970696410226
313.4304368141342,219.2576689311382,96.48394685106663,320.0447712627405
310.25188778641495,211.28234954384772,96.52215217541331,317.03873184404586
307.590930104461,200.0493670998552,95.56702556460682,314.3965288331733
308.23387397128835,198.9938368906915,94.2811378309522,310.2856512589036
309.11089863294745,201.61259320903258,92.52708850763393,305.0481386222215
307.14472204125343,197.7296826717983,90.42618272203846,300.7474417587231
305.40589615638754,196.5401379919403,87.97039822426596,297.1930948509348
300.9376387730616,194.89958317437308,85.23179432937388,294.63664515529723
299.6578448159019,201.8307969265302,82.04092577260067,292.2751305931683
304.32290299040966,205.51806454294677,78.36834107742342,290.55812701417346
305.58235689444166,212.18579383306252,75.8494332693594,288.35155226603956
306.41208449021696,221.37118798786648,74.18997807780882,286.4386069029785
303.80414484887024,225.47617781176965,73.9781387553429,283.65634586033156
303.0768396268087,235.31891722588375,75.43274919946599,280.1246991214514
304.9497640806405,239.71945909267635,77.04924724300201,276.6859623390658
304.08143954564684,244.06589862581984,78.7858963129893,273.33732791842647
305.8270238561249,248.0474290115624,80.62417892507148,270.70371837997965
307.52154008692736,251.78982963327684,82.56158454847521,268.5453552215595
309.65295673991966,255.72711094168037,83.63053778877342,266.00257915103515
312.2333055875404,253.86774071940448,83.78531807578068,264.4058416133381
314.52896100174155,249.47974214112799,84.48968273630089,262.590487792046
321.60627902543933,253.0243064950519,86.18363927936565,260.78422328101834
317.8185448823546,251.4332123586122,88.47083143952099,258.6781354278837
317.45664214799956,247.1538038286227,89.19463690823117,256.636771350112
320.5104867091213,243.17942847237504,88.37111394664858,254.01718974128528
321.29827997564007,236.24075609616818,86.79552741361114,252.19910380510598
324.92452384497057,234.5345358302967,84.72023405166809,250.43434996013104
326.03571235208733,230.33345485914577,82.49785703743447,248.60812953053002
329.60427237563965,224.21072711190396,80.40829477497822,245.71091167106871
332.8556886977594,220.0028436820787,78.8735230073197,244.19055677755733
336.2505500687422,220.24658527983863,77.00207890211954,243.70307358203746
339.5398390798178,220.40713548498837,75.30042213683134,243.38197317173797
342.83585478470894,228.28365725389594,73.54935756417653,242.15183014530527
343.29303280170956,235.03537774796735,72.63500153017526,243.0218209595125
343.6666690710264,237.21504982370053,71.88772899154168,243.4489798454985
346.2854425283141,244.54491846770085,71.42884495303707,243.12523118571045
341.6791757858108,247.49074349162993,71.1102745459642,241.99913308389193
341.4571863553109,249.99217142652498,71.55425340696395,241.7399845372319
338.473960086166,254.7357699946791,72.77240719044684,241.74938491053757
335.8148597866317,259.6459116948729,73.31956100091634,241.47119508734818
335.0781662612471,259.97569843964436,74.7929480516856,240.81162159780527
332.2786438478528,262.6940992017324,75.59683509208946,240.1699778600139
324.2541843118162,263.2201070468933,77.2430759821419,239.11796216969208
319.7602032882121,252.98636751759733,76.59852253013953,235.50415248025783
315.11490673402136,258.67252306010295,76.38297299099304,233.6379840427746
311.22971635465024,258.58581086528363,74.70817286611037,233.8114084324132
312.28570051990107,246.42641871340948,72.59620453560868,234.6587737513248
313.19200316195736,254.25743682344822,70.78359925149611,232.99881857346526
311.7531512142031,243.22151311046758,69.050992946756,232.0191149981836
310.8117321240241,237.86582370905904,66.36952132445614,233.601874195685
310.1016107120098,237.885728267223,63.2530415308329,233.56206507935713
313.2495336004758,234.0390741007776,61.43495450426933,232.29985591151112
316.2348293628741,231.23405803718953,59.89013241637614,233.48411860178382
318.55188255550934,234.2621272072157,59.669262119809396,231.8412163504353
322.42598138467133,238.23865050368514,60.693018462025464,228.27414675776646
326.1412339377447,241.7313754577036,61.97282140797415,221.28869684972955
327.1063721984523,244.10141783648228,64.32333668480368,216.54861209217216
330.83240189849204,247.89625896653018,65.38663374644794,213.21660806293838
335.3730144255592,243.29843806002438,64.76585982983588,205.49134760090539
339.9743686289715,248.76273823746067,63.78163505374138,198.67198906139788
348.1985433283467,258.37944808486793,63.310584065403724,195.41586777699615
346.9564201950108,240.1461681676728,61.85541609466631,196.42769947470362
347.19421997567844,261.6255709533481,61.37981653333113,196.6659248389522
349.47376762011754,264.98950527805835,60.74232961100434,201.7028812891861
349.24337371535836,265.358595803221,61.203117420522695,204.94587048403628
352.4171558149162,278.1865639662339,62.92677128160025,207.53919736868673
350.4314197972287,258.5330565931377,62.793965143532034,209.9077085538904
348.4761239588414,265.871506742968,62.56921881855925,211.7721602612198
348.53255468072604,255.45574391490575,62.45635737478999,211.81601399688662
346.3748643892942,251.1347975158472,62.61568186238242,212.14579460446132
352.71015446847497,244.42817040108076,62.43614503407014,213.06800550394493
358.85724397994016,242.26229211403066,62.66210098595646,213.2263837531063
360.96579369131865,242.21724760565257,62.624822687540686,213.31647276986243
365.0988689247584,227.62004705908504,62.71947434438722,213.24806642995668
368.9237400095634,249.56680669612544,63.4321219173645,215.3476907401062
373.0357498393355,221.88920085512223,63.65636556381973,215.78919093311697
379.51425713102316,231.97028024423034,63.40298139057749,216.79974950512252
381.53576724327974,251.00045623426314,63.604075471728784,216.93642627603788
383.55959675352165,236.70137965943906,63.80620506335157,215.78605914094067
381.8259883877414,232.342807358387,63.036136994870525,216.02863414296192
382.27450798692684,239.70799855617585,62.13909779649967,213.97741463592064
382.54390748513515,233.97372431764737,61.60029880008304,212.90386967797048
377.9812205134459,240.54193518886308,62.41468909231337,208.07843158668723
373.59926035821485,246.96212046996283,62.97377636797549,203.4428940592877
371.6379947630348,250.3991195154773,62.84918758029742,200.6160159462969
367.44407928616613,248.16246511912968,63.22753883098454,197.0798450359419
361.5931192940917,249.6963888543311,63.04488553980633,194.01199756553905
356.4285895157563,247.29873425288304,61.630185921093805,194.8927203766408
351.1471286824144,250.0014646276225,60.48988848980042,197.28940569248005
344.8121020047089,245.00351712290828,61.417941558997626,195.54330041569477
338.3929879893217,237.34878154894176,62.53699822273142,191.3208192852268
335.0326678326545,238.66658738757644,61.52360897758066,192.5522223872
331.14684751111196,233.1990511030297,61.56346948722079,191.889624756126
324.9411803445198,227.28021132394437,62.40315929286453,188.2984449442426
325.57541474907123,222.90591819513514,61.134690483761666,189.40387122993195
323.9432301786321,219.7742148367331,60.58503317625767,188.0392250499714
325.92832783025716,220.9010177685566,60.39937782430165,185.78561918632437
324.18004583863814,227.08859386370693,60.146831085779475,184.65779916130433
320.59933434962414,222.6369940857913,59.85136165379221,189.83255251212805
317.48794383848235,216.0005674877276,62.27764927525567,187.9194321049749
322.2312023191088,215.2348629456514,64.23280102099156,185.6369516201311
327.27041400415175,215.40307598880477,65.60560466159893,185.30052553382433
332.00520767891885,221.37177438480353,67.64770455722697,184.8748159869891
334.95174363290727,230.40479968710167,69.49088093713435,186.14938610210308
341.5932555256195,236.22179128587254,71.88639919846939,186.27430943963097
345.2282932608842,243.5553355510511,72.54531624251446,187.46520593842286
351.86109851205754,244.6294642209259,71.25995730428069,189.3103657867108
358.9075943147258,246.01199763646517,69.15737527164765,190.54210214653352
368.00853616618986,251.239879090331,66.86150301691374,192.01584782494749
371.22256805166137,255.69780446023051,64.38934915471552,194.96772681138287
379.75774625737984,253.42952094462754,63.13031936155338,195.55146218802008
384.0383167114103,259.07687184493193,62.445236414722885,196.07084732925702
384.9306843975907,266.1439175653176,60.66050104236204,197.66797394688345
387.35659108987215,264.78481870847634,59.73120711151,200.38617166056605
385.85016416250284,263.1398013314608,58.800284234631675,203.67620641459712
383.7747913117246,260.2618149101547,58.97807124610679,205.45922056712772
387.1063952895636,253.97382471864455,60.317770538533445,206.03084007799126
386.2829367009691,253.76044444330364,61.96468771572235,206.45760062867305
383.61328748003035,251.18216157835968,63.23285427545804,207.5430344764192
380.5106936633973,250.8694472229559,65.32804025909999,208.16846318722673
381.6762700040248,250.40152939533843,67.15447200722005,209.10429884246167
378.500026371172,250.33505593664057,69.30245693024693,209.23724575985736
375.1938998863561,252.15243976421297,71.66890130577451,209.8482866988167
367.17389111906505,256.1478148538831,74.81564783908298,210.45305052032555
365.95572379228895,253.6465923123067,77.25198249263525,211.0918739565663
365.4163324669773,251.2114895202392,78.33076514325852,211.5452156849379
357.95873800651776,246.81156482324417,79.9174612296011,211.45940318921032
350.7570609548087,247.03753951647622,80.91026005060728,211.00745380274623
344.0371038889631,245.060087029226,80.90554479047373,210.48081564663843
339.62548418907727,244.8176077181569,80.78098754057802,210.96577426877667
333.4440409758282,246.8730070121706,79.70800290012363,211.3335993697334
327.5177819964933,244.07315146949023,78.16668343580922,212.46869798076608
319.32854529625274,250.00526358370797,76.73278490479062,213.96375270095527
313.5252988580305,246.6142130444755,74.99364538982172,216.29730964894918
305.49753444377006,240.57437486029184,73.24804755384667,219.47642268506848
297.2706862902586,244.42756400302747,71.84684481287076,220.6974939235967
291.03684412800754,239.6600700034982,70.94828546562412,221.32165280815622
282.5099688434461,238.8537874297292,70.21094969994272,222.93421795569415
276.0840215755621,238.24303952746976,69.69159778661917,224.1557137602131
267.48125075156656,237.48189613458925,69.03784946151609,225.6780005459741
258.8836922270245,237.03444538040924,68.33572974241318,226.57290205433415
250.56662024953755,243.20056404891523,67.07397251738632,227.66259060232264
242.40463634938425,242.754070908826,65.53409466129506,228.55557688250107
236.2907218328933,244.26566375666494,64.4122494398802,229.98228260495546
230.01328453560032,250.30166442827527,63.61995397250582,231.25745132369516
223.89168059278043,251.42237937175952,62.5066036413603,233.46820750898837
215.47776086662822,250.69088369688802,61.48485736520567,234.93119885873136
206.6537994287858,250.72695012811607,61.2779213077452,234.85906599627523
202.1511105118377,239.4637587472166,61.365712318181146,235.09148169942347
197.79648371786635,238.9677147033848,61.14752882210594,236.08356978708707
193.6705175759353,234.59770593840074,60.45237967664999,235.87650588773715
189.16463090798413,229.9167479549023,60.549186824192354,236.3234556663741
186.69727623647145,227.23408909278032,61.01830261050305,237.22317983390337
181.43627356360867,222.809736237341,62.56608845271469,237.09766604126804
180.31792888908134,225.42154322431347,64.80277780176931,236.38863251660433
178.87788068460495,223.4371718149553,67.68287421072212,235.8106963844486
179.33525035209976,221.6261591051792,71.3605591298249,234.84029754990826
181.93216120096946,224.15811410268375,75.46088132530375,234.42345950150826
187.6412692449146,223.9708901126151,78.19312169771385,234.79790748164555
193.52552738554746,226.14672141809228,80.74136835079115,235.2184991821389
204.70095022378226,230.88145860808115,82.51443578415702,235.3985900460953
208.42902933403937,233.48732021485705,84.77752071098365,235.04648840621394
225.10128371656336,240.3785262222181,85.70250913903548,235.9510037599631
229.38616870055841,247.91726903027222,86.98337292008213,235.64946876741007
241.42315771991423,249.8298819861442,87.63011135687621,236.76838615076733
251.08939938209505,254.4007648667191,88.18497436679459,237.57029355675752
257.13349980254605,250.47045993188283,86.08343466162334,240.43757285856478
263.6959286780312,249.32596843502384,82.95130380173187,242.72655585228273
268.35701023776835,248.73238323792265,78.60123181593994,243.91372624648508
272.9847930296484,248.6297698924916,74.25500847528284,244.11895293734722
282.0070586869493,253.10061815263072,70.7066821888053,244.84139310248506
285.48974505580406,252.82534168362926,68.51766075294145,245.391946040488
288.95905300104505,249.86813232171218,66.32226497434017,246.5631446524414
291.8622534929957,247.9577912962084,65.2343796285557,245.66531106533222
294.529982920858,244.8890726198718,64.58431842786071,247.1173507629758
298.6868696713697,242.11632850364256,65.65765859451876,247.96928216159353
301.3134918290735,243.27230113177538,65.13020084864183,250.38312347485845
301.05924042980155,247.18603865324283,65.63870364718574,252.05519710547668
298.4362457541032,242.06535463996755,66.1018097879457,252.73079871075404
292.98881782363145,236.46354624666873,67.39441337803783,249.5310370910745
297.20808360361036,262.63064145103556,68.51680751193452,249.78193799854103
286.9615695770929,231.65283753810382,69.78951136527868,249.27149217540963
290.47613992959157,261.0184732445589,72.40384994868786,248.40109649293777
272.19773146044236,265.43061474654155,74.95282753873829,249.29333901704337
270.12429800401213,190.52352149935092,74.18144219165387,251.55995771308028
269.80978535846043,256.5509182676674,74.81046748275736,257.7128469923167
265.29084533787295,223.9668243208499,73.77903921266433,262.46518501834436
263.46546919351994,222.36345516309532,72.34730950254445,265.6719233338535
266.59958784252115,224.2819299029445,71.17991284938044,266.9358144989935
266.0067580193402,220.1079216722359,72.36557249574233,265.09047908691394
270.43030691792285,229.68617102557715,73.70446237472046,261.2129618944466
268.66731829644516,232.40270890258597,77.23043961767586,255.77988614042894
272.7647076773075,234.3802579695821,79.14024881621627,251.8247880064367
271.6912102600923,231.21705993735003,81.28724365064672,248.08806290158373
279.3068669563593,254.07038875704745,81.10986374498015,247.54320572279073
283.83447032543813,239.88754443823993,82.0686134523458,245.86702502383577
290.44276375019587,242.5398296057904,83.8541136105566,240.56245468873482
300.6885341498093,243.9051857515496,83.19326382343556,237.8317423972164
309.8299996298983,248.69052484523513,84.53708523250407,233.16775230215694
324.66803595742556,255.71308098268196,84.04755536380483,228.851487622715
330.0906015693424,252.13888859546188,82.79005367581203,226.41224286131424
338.96866935589753,248.46031032926336,83.97866011876857,219.56084288166113
346.2750624649249,252.5571737060331,83.34410716161977,216.02652721509028
353.8632584187634,245.26429631922082,81.95956203249546,212.2231529506444
356.5978125314299,228.4364782868384,81.00828159685159,209.7361666978958
359.6318970133368,222.08467959691274,79.40516189564352,209.0446162899301
365.06597161425566,215.58094753454318,77.38968578282385,208.77307078114205
368.10850058227845,201.98279022451888,75.69077903230568,209.6524782880262
371.42392332943103,221.82156229799503,73.42797137543661,209.2872746779986
371.5216088889773,216.01298213353408,73.23260025634409,207.9390963133269
371.63217843651046,220.43427734981663,73.01146116127784,207.69447321487692
363.17896660865654,208.5277453033978,72.751988050576,205.7586921581001
363.5016603910594,208.02206113302665,72.10660048577029,202.51093839881884
361.7059032869244,205.74619237257494,71.49709388784356,202.86165511352561
351.4761927360146,198.5446403658149,70.9816738907683,200.48488624792975
347.96592104922746,198.05385870080494,69.69887757000478,197.31477973078083
337.64887699617213,203.9594158919428,69.91741198078633,197.75299756570254
327.3214934126906,220.74294562053979,70.10549856636919,201.02596315499292
320.5488320941341,223.58953367425656,71.22039559280395,195.3327870475594
310.0960282044278,226.15362737832203,71.71427818026199,190.20459963942847
298.52466723779037,236.7462981217509,70.75019279715386,189.10826424955656
282.6698709925902,237.1862157189878,70.5819704620264,188.22842905508276
266.2336825676506,240.66451846000044,71.7016540925195,189.20999687790396
253.8517665990486,248.0159764437413,72.44562253611724,190.52032323949314
239.1885818247897,246.4833602845884,73.5236126957178,189.55007278795358
230.92252877652896,245.6729800847483,73.89210262112795,191.1708331876338
220.99969943459598,240.21619017815885,73.38380605803613,193.9428309020296
211.2115883119883,233.60029131976782,72.45280297660234,198.97173848815208
203.38881672568232,229.00123720707842,71.47158416720153,204.01315621802772
195.70434855193565,224.93030830714014,69.99674816285072,207.94407092994322
192.0167824427412,222.5157301190204,68.89167242874525,212.77322730618272
188.53720298663455,222.60349117788823,67.2737391591672,216.88625127934273
184.90998571581852,221.8225115672549,65.89394727764727,218.44821050060938
181.2580802640423,224.98935499236944,64.57035111694458,220.74193071463552
177.4024946627689,225.70437267916685,63.63840879822519,223.63345210167373
171.29202452569348,226.5291198222797,62.824300268176735,226.3289740835144
166.88778612356853,223.6073249167174,62.897165203276266,227.80475796006374
160.1749700878125,225.04413686064433,63.15287740614,229.3211073617593
161.69480100466973,230.98432796439218,64.52935396274353,230.68914032521735
158.2955331538572,232.90339097327728,66.86667244222593,231.3122315295898
156.78974084110786,233.78364950191255,69.87825706772466,229.55171447231925
155.18377539191158,241.3168542058043,73.09018796611721,228.11949601465187
160.16925076350384,248.39442529042884,76.87033292295746,227.7154495454275
161.14639905141036,257.45688922230016,79.5632784825917,228.1794902234739
159.98224942647641,262.09100379710276,81.89157773245958,228.31714341936532
161.56650797732902,261.45529828815575,83.47023254356841,229.58855443725935
163.5264230603786,257.9112658143,84.34433087236752,231.88269089007247
163.19276048797218,249.87286379980392,85.01165601718037,233.43182928676384
168.44033748579824,242.22268007446138,84.27007130192067,234.1018428168603
168.91754562165795,239.1827398125394,83.31565503020124,235.3087753253925
171.52721478697418,236.5093928366731,82.96920783374114,235.78257814295276
178.83921309495543,233.5801344554517,82.96530976323534,236.76772872357657
181.11174150737924,228.69832948670862,83.3076113151498,236.75662190753854
181.03711751850955,219.3090398126588,83.45685929288916,235.96152305959978
180.95507852715315,204.8783856855618,83.62093727560199,235.51417224368535
181.21362773247108,199.58709400247236,83.10383886496615,236.33402620630983
183.90626692810702,197.49244244348472,82.6022451085174,235.639644689462
184.10896386282693,207.83544072989133,82.19685123907755,234.41228075223964
183.7908952596235,212.99753224696008,82.83298844548436,233.76764078253532
186.06448438445872,218.08264758862265,83.12793017441557,233.28165005641335
183.8054804512811,217.39503905916413,82.80540999342827,234.65686711533039
184.08557000357047,219.23430358570812,82.24523088884959,235.83265647464054
184.5252643714702,221.0107059372604,81.36584215305012,237.1407736745488
184.8715604012817,223.26048022426875,80.6732500934271,237.50479262297907
182.8368557518754,222.68353921951638,79.88653654397496,238.65867463248375
180.87928268848566,224.91340853243202,78.94350036685216,239.05711831055476
181.26625743573112,224.55106682434877,78.16955087236127,239.78180172672128
176.8653998845426,222.13098829299508,77.2858587625683,239.77925518334357
172.45572533800038,222.00810316273277,76.45233197416647,240.0250254438682
170.689358167468,223.93174985431193,75.17047013801165,240.9923282379295
165.77847752185372,216.19333969055816,75.38285059289016,242.055077310912
160.89295987876528,205.98560945854982,75.50652660396494,243.17581922472442
158.79417352448903,202.80964427611917,74.86224699000194,244.68589726707026
159.06223148733292,201.98213693639772,74.32613106431415,246.34091194651313
159.15143588243393,196.8353210019645,74.14772227411213,246.90485574502617
159.05296579945815,193.98662575230682,74.3446624400637,247.73272925724376
156.61522617374914,189.29797779291414,74.33525587438591,247.34025354183743
156.416207745265,186.93021834872366,74.73329273135414,247.19661517986563
156.08738289573643,184.40412759827677,75.39094243041129,247.36429227018664
157.90093937062827,191.0449074006348,76.66289080406426,248.77991663578058
160.2055152261313,202.56006825932184,76.9963874995573,250.4628369509021
160.27608331343146,204.27478031233932,76.85525132495701,252.0060739557313
160.47258740442584,208.40366199072452,76.46224314296828,253.7321312805875
160.55545068089015,210.8637432800336,76.29651659003963,253.82103535515293
160.51693626593777,215.8784350166287,76.37354541994435,253.80615482104247
162.80957895457246,218.75825315938698,76.7967295692817,253.05498806213254
162.67893740699378,223.82766536511517,77.05801266443905,252.9275236661635
162.78308926058935,228.80386499013514,76.84970895724791,252.99255273862434
162.93345483498493,230.85028208657087,76.54897780845675,253.90549590724433
160.54411723069558,232.07022579217357,76.3145243527731,256.4787371603013
160.84808649029023,231.00080253041682,75.70658583358382,258.6175836838148
158.5497913506527,227.65161856666046,75.23905035251049,260.2518258509792
160.9438545157559,224.22951052049004,75.52943091413024,262.0175350514939
158.46320960504454,223.5549393430081,75.3818617195386,263.36667740645777
158.37605779583373,220.36591603165547,75.55616533796027,264.619568368958
155.77243195905737,214.5154950952537,75.61732060811173,266.02821743495906
153.1698280296298,206.4442563592583,75.65540767584483,266.669332533584
155.5324489033636,201.02895924548545,76.10704590343603,267.1461668110122
155.60370885389278,190.18208734387807,75.96452600237764,268.07172272838164
155.34252286304962,179.3502982379563,76.48689798406392,268.92551612323433
155.07309576518335,171.32063501694972,77.0257521797965,269.31207578069484
155.00171791284112,165.5795830025336,77.16850788448099,270.3146305783252
154.46168264781443,168.2864247484027,78.24857841453432,270.15753939980294
153.9628993684176,173.09381481045304,79.24614497332803,271.0918040989888
155.82828311631286,175.82211001505885,80.82168105604411,270.94151726828375
157.66490419235737,189.24880343391607,82.4819082147053,270.75547698432035
156.93700206148205,189.6467792277267,83.93771247645596,269.95952539669906
153.80123286673012,195.31817987509578,84.8319904165505,269.3712450007795
153.2175315616825,198.4692664516802,85.99939302664575,268.45448988845067
153.0819616935296,206.99132123581646,86.2705327629516,267.59209232806546
150.76726940426815,209.6627696903792,85.51327605192319,267.6358367084913
145.82973154066332,217.74225245470404,84.64167820365468,267.59688154305877
143.44138619218543,217.70369835361038,84.06163365161837,267.6739897452461
141.1384953144108,217.48535371636683,83.32027863646782,268.1106790197332
138.82476924384542,215.09426613061135,82.60808335675853,267.55320677040413
136.64640628774504,209.64168331342597,81.64622189310487,267.82119765306606
134.4734631759346,204.10225677913635,80.68751754679234,268.2908695817784
132.54094305213403,206.65241862988032,79.25908334125612,268.48402033342774
130.53901308994585,209.31892028167337,77.99326160686337,268.4206986886107
128.56621897749113,209.34175713628193,76.69362095327982,268.3750249793936
126.05443850558254,209.01159319610937,76.49683581619371,269.0353528597387
126.29888450911375,211.52487668655863,76.00794380913129,269.23477726747967
124.06179475498158,211.70508005814042,75.26245534303048,268.8743705243161
124.78425878841699,201.3023146590599,73.81752727615965,268.87735265419303
125.52619596628449,199.19960941419882,72.33365292042463,267.90916455551854
129.19300699277005,201.55611038476997,70.1321191004617,268.3282508473844
132.87197449187553,208.77166495658682,67.87068592205556,269.1866471631652
133.55091476735228,211.73010292032214,66.51280537110203,268.3355391213699
133.79601658546952,216.6887778801926,66.02260173486758,268.47428136588263
136.1817936108215,216.2315716213086,66.27171905016709,269.3886938836506
135.57544312714566,216.44486715556098,67.48442001751876,268.96210281514584
134.51546938249476,222.00996732929366,69.60436750682052,267.94247957380435
138.51758912268144,224.4631033141183,71.76234982399737,268.1173185029302
137.14405932451507,222.18738303299747,74.50940942033017,267.54448971208836
136.10531606415717,225.03384379852224,76.58689594104594,267.01935218699737
135.42294420170796,225.31971107273745,77.95163966594434,266.44761763856695
134.60732746127252,222.76468521947095,79.58287314681527,266.3410958196664
133.7665220717583,225.23346994996814,81.26448392584373,266.6489149075161
133.13095134831661,224.89889132056595,82.53562537272703,267.31807216632046
135.48492573922366,224.73208439807644,83.14159241755226,267.6516860112995
135.1650196428694,224.51424247024963,83.7814046102608,268.0873698669531
135.06409757592232,226.74610447328482,83.98324874415493,268.9714756857067
134.74512875963345,229.1106824580971,84.62118637673268,269.60641170929756
137.29726600346032,226.3475186088711,84.90177867850608,269.7478726183224
139.98377365865787,228.60666045175384,84.92081106130601,270.6216366257519
142.6463311156427,230.9968615850188,85.00048922348994,271.2460274353756
142.52660354453832,228.31354540061506,85.23994436569868,271.1975409862423
145.42861171514187,230.47761837570607,84.85477564063282,272.28824265220146
148.27830242381353,227.98978441261642,84.58260341720558,271.83670138446473
148.40294797294231,230.37934276385292,84.33331231894799,272.4733667494132
151.34282052473552,227.731123945706,83.87376962271254,272.34960197835613
154.40221814290862,235.43083850156452,83.16492876059888,273.1800359893368
157.2897793117673,227.2725038544998,82.79840814359812,273.27090012131634
157.79604985963007,232.5040862109417,81.78586704787254,273.61393363020045
158.07153670590225,234.8949654407427,81.23489335532821,274.2213511918762
161.01493571531023,232.2608464289658,80.73563014327434,274.10205440866787
161.2388837808952,232.37664686703656,80.28773401210441,273.87045353252637
164.3251980381762,235.15114859281272,79.48006610101471,273.6864106844464
164.5692697806897,235.52100135442663,78.99192261598776,272.9467051612186
167.03237674805206,235.82478475594232,79.39348403591981,272.3391383581872
169.494011024845,239.08837348749205,79.79688863762378,271.1386340503776
169.58887688620922,236.79340122872858,79.6071569148954,270.4113652756725
172.48739269433563,236.68309599545816,79.11352840815499,270.63197574221334
172.66299186899528,236.6783847054886,78.76233005883567,270.64139832215244
175.97662699088397,234.004035573661,77.42598994545813,270.6991664554078
179.09270951013266,228.6143093121043,76.46065261182072,270.9449635688013
182.088980223624,228.7966981629419,75.72037186569871,270.5801858671261
187.94639040540338,223.86591334857928,74.4720818101431,269.9752251878482
193.81308488470083,226.91154970699884,73.14138891278414,269.08530050162705
199.22119839250485,230.3803951435801,72.6528262664352,267.31144181309406
201.89191290658061,226.21775321503674,72.4410682377742,265.3773836711997
204.2786716057971,226.95530193133098,72.76600372582352,263.9022862386112
206.69416189481703,227.63016702247546,73.01879085636291,262.55255605632226
209.28197561019869,227.83887059464095,72.91264450095471,262.1351489119913
211.8342005742737,225.81270763960032,72.86980236844033,261.1258670264368
214.3379711113175,226.43156442378063,72.90883637756826,259.8881534580762
214.33407034389415,224.37714312660424,72.91663791241498,258.9671448015617
214.28218524207668,224.71595334335547,73.02040811604992,258.28952436805923
214.18837957423477,224.77310761600614,73.20801945173372,258.1752158227579
214.0704288407867,222.38400108653732,73.44392091862989,257.9421480940717
211.6027526768845,222.86772763194347,73.36687426618298,256.9746950032594
212.0983056796367,218.23544565322103,72.37576826067861,256.2446497408577
209.95461802602813,218.03944304808255,71.69465990288076,256.6366549511347
207.55694503680405,216.06501800195525,71.52873690785215,255.62423606991254
203.02544246836985,219.58341762358953,70.70397056550918,253.53132256624966
198.50833099426927,220.70356000009116,69.94033249064618,251.29103781324633
193.68932733653617,223.7114278765241,69.87225812947216,250.1283428987006
191.02871982663606,224.4822468378799,70.35810115955397,248.586704975989
186.16310527607476,222.51225218868632,70.44389915675578,247.7039787224157
181.38739548999317,223.0012637416277,70.37159433691357,246.72595561653299
179.02132574424138,226.19241107992298,70.30702610488102,245.14036866347863
174.2514120677633,224.12071265632744,70.30061631253788,244.51064693802005
169.46887378660733,224.90677165993554,70.33747800697867,242.9385289308038
164.4370865733788,223.53766561124576,70.91586908472482,240.9341493538279
159.35907761191396,224.160725026166,71.62181464493173,239.6880305239874
154.26666093355433,225.08000992689935,72.36558785542799,237.84946072252075
146.8608263423574,225.94439131350293,73.05236715952437,236.1206979493136
139.54397511202697,226.43741582052073,73.59654006038765,235.134648935278
134.70824592050118,229.06502352489937,73.88284247185135,234.57201151231465
127.87682825083371,231.55181049545615,73.47604502119121,234.28831516786613
120.84037571745277,229.45215690861426,73.51389487680697,233.8092706045012
118.4929663062237,235.02766997407326,73.53645889558953,232.00275408093435
113.56684418528161,235.54594314057266,74.09462538888981,230.9662077479355
109.01024097302796,236.05215829898387,73.92263760448421,229.9537774311131
107.100213787304,241.02029228042414,73.11763570537113,229.26762200935454
105.06301990758791,241.3058307868337,72.5915186085822,228.69654499653547
100.50516794361891,239.0626224710682,72.54179772119336,228.60024922040307
98.01503019715784,238.84254085341223,72.94164320076295,229.040412455715
100.27452166187163,236.7112217200139,73.01670023348817,228.70901076035884
97.74809786383545,237.31735662584316,73.47883104629553,227.49674094870036
95.23755139492506,237.67795403397508,73.91792560932524,226.77554613243646
95.28104136971241,235.51806614693857,73.83094565975054,226.51550839774166
92.95914587437906,235.49132018740067,73.9002154415387,226.5690003168174
93.18423707238024,235.180607326244,73.45003304553634,227.19042603913078
93.19910530040204,232.74792956283463,73.42029658949276,227.4786639997024
93.43340541975829,235.131722690946,72.95169635078024,227.2917437345409
90.99942731870686,235.27876267677786,73.25025569698673,226.99766376287715
93.29119013733805,236.31982519998098,73.23743842728311,224.9155387164709
95.60987493913734,237.20317964441426,73.14095673575997,223.14882982760432
95.86395507760471,239.97171053868948,72.63279645882523,222.1257716322407
98.32800695439917,238.4944631749307,72.19483114237937,220.59012792261518
100.85214236884906,239.41676010095236,71.60683380426913,218.74553407057186
103.27817105355707,239.9191499021178,71.17804073816004,217.740754468241
105.79684447404361,238.1048943823235,70.54180843257267,216.9681509724438
108.21935275583408,240.50099917047254,70.0752489948036,216.55439852195767
108.57203295421637,240.86700606322637,69.36988859803901,215.82238473644995
111.23726551154266,238.9644602344435,68.38007204374962,215.28682783365252
111.58323981160632,239.06528884527012,67.68812344362232,215.08517061199927
111.934063430588,239.25862987084514,66.98647620565895,214.69848856084923
110.165610628254,237.00657853075626,66.2425897501285,214.92179918082857
108.4427827045441,237.29039175889147,65.41802996021137,214.35417272455808
104.26044760763216,235.21122151750924,65.2888600274241,214.26559314401703
102.42066224986563,235.16759996682097,64.72515658924695,214.35283624539358
100.51780206538359,235.38339390500707,64.29681095879414,213.92124836902138
98.42302503964927,233.61097282504986,64.26635033099336,213.2460758496664
96.29053252639497,232.02111686581594,64.32144125075202,212.21589366138423
93.99333827770263,232.05810923191368,64.71949776151523,212.1419089291888
91.5690243193805,230.51939121996193,65.36546917270913,211.0166884476419
86.97811224766083,227.15056157931537,66.14997228853744,209.35702670132403
84.83880146290974,225.35661640343022,66.2389946685329,208.7553178635876
86.8879860798922,223.4250161615031,66.32332591153181,208.43581787047796
87.01382571905896,225.834755026575,66.0716466331983,207.79605867103422
87.072721458377,228.10043298713987,65.95385515456222,207.43070653258712
87.58019693104333,230.43290062522357,64.93890420922955,206.9244203912115
87.92766306278006,230.60126067909303,64.2439719457561,206.58770028347254
89.71439597460827,228.84377899375613,64.78566775398566,205.98750202226037
91.35141054845596,233.62423178992776,65.62828428526556,204.65988778786766
92.51715078023605,240.05029398791515,67.41012360718739,204.14772274833888
94.03698333233173,240.16760589166694,68.50920690158031,203.9130989408353
95.77178347458457,244.35361808933058,69.19512868111059,203.85211867357992
99.9953199928052,251.07706337706895,69.08242056278979,202.90677547528378
102.23672007542639,251.03212193135394,68.75127711786322,202.9966583667138
104.98393159990995,250.79692959612248,67.40374719925589,203.46704303717675
107.92119220262771,250.02633678246102,65.65817485616454,205.00822866449965
109.11109911685999,249.20713947057064,63.27836102769996,206.6466232882804
112.43755471392392,246.33392862865375,60.72359727481191,208.29489753087438
115.64396292253119,248.50793520700404,58.384825166951885,208.02092868352827
118.95753271610995,250.46510916644536,55.78420455528831,208.13309974013956
119.9282302003037,253.85366606638894,53.84280958690081,209.31457409032524
120.61399548366495,251.4270184665687,52.47127902017831,210.20859552222672
119.03897589471711,248.37242164856664,51.675487101141485,208.42612696436578
117.20094482986178,247.486106129739,51.44584188036559,206.29305065153454
115.42280731094866,239.9545994399506,51.13069719369218,205.87038513311262
111.72933403146241,235.7312342751923,50.79863636706696,206.59810807703155
109.93202707323343,227.55595476094135,50.52985291562369,207.4950776339284
111.66871395517356,231.01346338511144,50.92733582229761,208.32177372669665
113.01067813968271,226.11785616561343,52.13342142499448,206.44294625054718
108.3717392961345,227.21777017096449,53.63815751063349,204.24311823984505
99.62979345159391,228.22232623854498,55.585543644801014,202.23400610468406
98.57085808149067,225.6584015864036,57.7034143850075,199.57687996003506
95.1576881618397,218.93524477937547,60.63514377828177,197.44475178998073
89.73168115269831,211.75169685994678,63.649381962527016,196.13629596076305
86.71872724205352,211.71636187270101,65.71941678195442,196.20696593525457
81.7520845405123,210.4796053068285,67.66308279037166,194.68566936966704
83.68882721820354,197.5219021046135,67.79818092755426,192.5409913261412
77.56700871041504,218.66752573301665,68.10052446723122,194.03448681430177
77.86925361955656,223.06200116649458,67.4960346489482,193.26002610568997
77.98106937323429,210.13067026238517,67.27240314159272,191.22626329974668
72.81002410893444,213.5048260529491,65.7581628665639,188.4300619864949
71.74179244097516,216.76718851829588,64.00994863440422,185.79001462387967
72.8054954326693,220.25380514423904,61.88254265101594,182.63198131981846
66.26911487299759,228.47916428351022,60.02972584267688,181.1068409689585
63.41820336989858,223.38489749254816,58.37993816964138,180.2679585320323
60.29599348933881,220.75497580426838,57.357113426888276,178.26055740471915
59.12252651742524,221.10735657202468,56.11773698256121,177.55579586920658
59.28408292555487,228.19615571779707,55.79462416630195,174.03868061712828
61.33342796574273,235.57776231011763,55.193554997448594,173.26595107857656
63.36715225228911,243.6726856059451,54.601696377490455,170.97846429946011
63.15512366657549,237.86260937793287,55.025753548917685,168.86972591356076
57.45363565023735,237.64903446021285,56.198547729632836,165.8868151316804
57.633763678700866,244.15225718881462,59.22737742877176,159.65854118660883
58.48087727551243,237.31512497207655,60.88823649454099,156.5573743231231
60.97672776310581,238.6620737502513,62.577447236206076,153.8634767667736
63.73920665954819,242.23711266099167,63.716224918777215,153.37713442074877
67.42916279511556,229.7047879365203,63.026521049325325,151.68095026296007
70.03673977035633,235.53864487342173,61.1197431610182,149.93836457568045
74.1730598863551,233.33747272920124,59.34578246611554,151.09136909557404
77.95966169333349,227.047838376786,58.24112810391786,150.7335392968863
77.03774370944205,222.4471436709465,56.87562111396013,150.3068998353435
87.00276307023607,226.4085529338049,56.01774797511073,148.7414698372063
92.49942358322106,231.88374838656028,54.4468603999504,147.2135123825052
99.12905902235435,237.5389422408316,53.55002382751062,145.1749504033327
99.56002187513137,241.079770892822,52.688098121956585,141.1385256483269
101.7953633454384,240.65350964974462,51.18928572367378,139.01917759215036
102.41181054262049,237.31951741971358,49.956391329309625,136.9437189106277
104.65153535909904,236.17578503294075,48.33944489939964,136.3686804811262
103.73659137729362,233.5684243980747,47.3443359423416,135.93340790952055
104.86372881475984,233.84932046646674,47.89076447999843,135.37161577273648
106.87103740001945,238.06279050116484,49.48137371131678,135.35251530609665
109.12187303875322,238.0398189405069,50.64199936941349,135.39845842741246
108.51573343365773,239.27170585500528,51.85427857960449,135.7874324668669
109.0919076376561,239.16213369566972,53.582064663273286,136.00657678553802
108.8844829864342,241.55736235904016,53.99691396571711,137.04462764155187
106.96863030690972,242.6446168070812,51.95541510538311,140.74332296485272
107.22864064469462,235.35585328323725,51.435394429813286,143.5088638246401
107.4269436409202,228.04039016542134,51.038788437362136,146.20716536736094
105.94881847189504,227.61480365683582,50.980546682730896,147.05833838453205
105.53008820451652,227.23371080598577,51.81800721748794,147.82052408623213
104.37293487019737,229.05733152448806,51.08063051898952,150.27664938350097
103.15081608496617,223.5254305925523,50.45158853588769,152.1206125866796
102.0977831424105,218.16060553142228,49.46962047729093,153.58616087781544
96.68378781105326,219.4718766822151,47.934198896177826,157.14532469814355
92.58490125102429,213.62422297792722,46.79294331286852,159.50160340335208
88.42410750766604,226.42009292312653,45.73903226235342,162.0363591246483
81.32065227174374,220.4637206446607,44.2394332596688,164.52519799686246
73.66018700835437,215.3128434998964,43.81912411638014,168.53045641836417
67.26813786408215,227.0710172061178,43.81657873596146,170.5873963438477
63.72558178307206,242.16390210307432,44.45065788949469,172.6567915923693
60.142943126666324,247.61691033278865,45.082764817732944,174.8171159020871
53.28484324273853,233.41464588851227,45.563389945797866,176.75049551105863
51.201322910794275,252.2783788089094,46.38528220399431,179.16481053856947
48.948410609671356,250.64814465997964,47.496492918446016,182.42527883642896
46.48408797129659,250.9695373469068,48.96370164199099,185.24393001577914
46.88528552389707,250.61105931527464,51.69006545693221,185.96088607904343
44.09338157722746,236.02914004802943,53.68377766676136,189.9940548289634
46.519693462038845,252.47472916239718,56.19973596031264,193.9457869160981
49.080935317188235,240.63846226582783,58.65133763363346,198.6831072501878
55.82268354492582,242.79609727781744,60.76634927550151,202.1670912748802
66.69415983262812,247.32693527545445,62.95250988851262,205.06997187381396
74.22868766319384,243.0509204826538,64.1625876594783,209.55221810139093
79.28573892386419,246.86253052258857,66.51548992452501,214.39600280790881
82.44616607108496,241.64070323438628,68.73024914629221,220.57185062620903
88.29374409301579,238.80873262151863,70.22387563742664,226.23579185194436
94.298167397806,236.46644543726825,71.72745164610183,230.9203662204451
100.58992847991841,234.31322295100853,72.93889002568929,235.22681119296456
107.33399516568734,232.38194114792682,73.49598631811884,239.08937479912794
114.32968668020607,226.2415783426262,73.74494168268484,241.87654148066022
118.83946957339957,227.59106515296668,74.30711095032089,243.9684353869908
123.78237470651317,224.11434017393248,74.08310404514646,246.09098366453284
128.5154416901212,230.53862226502255,74.33057081791306,247.81282059232666
130.79252689244856,229.39256496437343,74.66215813628759,250.1049351936249
135.24335441982785,233.76600144484212,75.60918765940545,251.206746810564
137.28585480014243,233.60349431814393,76.4816919595085,251.53176106396043
141.87392997446005,238.43452022850133,77.26209394626285,251.82626157863518
141.86732576790692,242.47072555940576,77.27530235936909,253.74763575889503
143.96513844072098,239.2763615362233,78.10402876008328,255.1120120589177
143.93829805122903,240.95285565386683,78.15770953906718,256.818039989937
146.04536917084144,240.6411032853185,79.027740048407,257.44154472703366
148.34604382143965,239.81997949933947,79.53549750208263,259.08379229899174
150.39545628868296,238.99463035313804,80.57843803237577,260.7344905913946
152.66718089707788,241.10093235605166,81.21942793035952,261.7063257003409
157.491361856222,240.43130702080688,81.99118002558313,263.0455763708305
159.85167754413823,242.48101288888319,82.51384360796794,264.1894595928951
162.4285816105535,239.31127890526332,82.62919769074063,265.2597653445317
167.72659797854857,238.71617462617164,82.60610055083606,266.44997390271504
170.480152651161,237.81889195783404,82.40190553719592,268.24453923939024
173.3086861061694,242.8940996024996,82.06940988815204,268.743266472005
176.3793754923986,239.54040053085885,81.25351505108728,270.125180679893
176.8226523361111,238.5348230130519,80.36696136366226,272.1363357155069
177.1448463051081,240.49908847415426,79.72257342566826,273.5497242024647
177.61052801091154,236.75874618109026,78.7912100140614,275.68050151024795
178.08904504238015,233.31979833359398,77.83417595112415,277.19576246825346
178.35571807856635,232.78534484812968,77.30082987875177,278.26466943918206
178.533496762047,230.18892754895148,76.94527251179045,278.0862891554734
175.93041473912228,227.11478997175186,76.7893998926638,278.87252764489654
178.31780039164192,224.30549502214154,77.38482299072929,279.12092314101244
178.15277506229393,224.3839552385001,77.71487364942527,278.9640027082953
180.82021627868036,224.33019701983181,77.76882212015623,279.0715191456319
180.67629598033204,224.12728438855015,78.05666271685291,279.4773444081952
180.43798466658538,226.55667645458527,78.53328534434621,280.0210301520963
182.8306889498382,223.2046129840667,79.16693595146884,281.30609791950513
182.5250059816009,224.99343889341424,79.77830188794341,283.1774868306229
179.55471454846582,224.5793322207898,80.23200983486724,284.00570017587177
179.07621030886116,221.8446401736844,81.18901831407658,283.9680406586268
178.73746822460873,224.6235217468049,81.86650248258147,283.93466911090434
178.33776144880147,229.99267922813698,82.66591603419597,284.2694763586612
175.31863949720423,229.52739235158123,83.14797001960179,285.2000501117727
177.9823958159668,228.671624944734,83.39877388624907,286.9115849254672
172.15534797025288,228.1284987448525,83.83852857449503,287.9978373252302
175.28290828313806,230.44985915164162,83.21411715338677,288.98582571631397
172.18861334892333,229.3446773094217,83.76967999540229,291.1961894007538
171.89100420209553,229.01164880962284,84.36489828905789,291.8622464003515
171.58384290222216,228.13986021815978,84.97922088880462,293.60582358327764
171.36057172269835,229.66050810674864,85.42576324785219,296.2957159652784
173.77373831541297,228.99262241918672,86.37693520006238,297.63148734040226
173.50213001590555,230.77079560321224,86.92015179907722,299.88924397249895
172.9962712524819,230.11607040432057,87.93186932592451,301.1986943702823
175.96774129042697,231.91950516356025,87.88239540995374,303.4852910117223
175.85305010049473,231.41551452419475,88.11177778981826,304.4932722904533
175.96918507399127,237.05151195297435,87.87950784282513,305.1080054202795
175.98618950017294,233.42710693383046,87.8454989904618,306.409100004315
175.50453370609597,229.8422570987239,88.80881057861572,307.61334687980536
178.53264991761463,232.25290665017556,88.75300533460751,308.79247495593114
178.38298837796378,231.37916913579545,89.05232841390918,310.53994998469136
181.13337288891148,230.53341078318832,89.59785601497872,312.23146668990563
183.90857822075137,229.3496346884827,90.12780443225749,314.5990188793169
184.11999663767972,228.12871014421358,89.70496759840083,317.0408679678551
184.17915005293236,226.64099528469131,89.58666076789555,320.01629768689963
187.0174622583165,229.20501449808302,90.10003705740337,321.0782599603923
187.09639361717157,228.43734453620027,89.94217433969321,322.6135998841578
183.9642437711999,224.26465279622118,89.97319172093839,324.72570105341777
187.00373484588397,222.72422867928128,90.15784901845265,327.80654928729757
186.81218841941944,221.4394859153529,90.54094187138169,330.37603481515436
182.9705775735635,220.378981495832,91.87024982386231,332.49704365419615
182.39086865124028,222.08827013755678,93.02966766850874,335.4872048695014
178.8732395860925,217.15231950650588,93.5923067673373,338.88648710013626
174.91361354864924,215.94037992925243,94.9804797799368,341.31036625464316
174.61242224481472,215.17704686161082,95.5828623876058,342.8370323899264
174.2923632326933,214.65225224398804,96.22298041184867,343.8866216251719
171.0778735794442,204.5069798877193,96.00110265429983,344.2245951455683
170.99776743869205,207.41491105268847,96.16131493580414,345.06020133521133
173.90396518139545,203.70058222717927,97.01517041925024,345.82260801737675
176.9495985133132,217.06915272317266,97.6168914856114,345.85741794617655
179.74248728368678,217.0799652028097,98.73584872750743,345.8357929869025
183.0751338017394,220.5045260269178,98.79589352776252,345.71200917504666
186.36562597965724,227.51256634454177,98.93962073134415,345.1453516586332
189.92982494554724,230.72253752191494,98.53061732663295,345.4448038309557
193.25191289571768,230.8546230346012,98.6024279768267,345.18063280558323
196.47293569150807,231.05018289837534,98.87398084703206,344.78951307803493
199.6444518620637,228.19448061882792,99.24409409229686,343.7877720507537
202.78532822389343,225.08608162317134,99.66824505325548,343.2986663574488
205.9631043920589,221.95237870152673,100.01959313750184,342.8591717801607
209.10920816596544,218.2823922322975,100.43462057123595,343.49190973707204
212.42284088220677,211.99507953321196,100.53125843448782,342.6187285437741
212.61070701507163,202.52612464742646,100.15552616875809,341.41655646324523
212.72446203354735,193.03302000194472,99.92801613180664,340.33463425522206
205.90749838742482,190.22544040185718,100.22224092417491,339.27994220545867
206.27813547880527,183.95739126687081,99.48096674141405,338.4952155180095
203.14396791784048,177.688529224526,99.11376861005837,337.7618730961286
203.19776598410445,174.8239043271064,99.00617247753041,336.8727871765217
203.33361025043683,179.09576047338686,98.73448394486563,334.93284127259983
203.7816249880382,176.6670397646594,97.83845446966289,333.21899440404974
203.90413564831033,180.61702229732643,97.59343314911862,331.84942346074735
206.84379415896746,187.96321582235905,98.22059215018227,330.1699884554378
210.18457034950268,201.65608524208395,98.03342483401221,328.7617898755896
206.54488015523077,212.0127806232492,98.84181546838258,327.4613683757794
206.7879296005613,219.26182612186113,98.35571657772148,325.89844930488175
203.5519632233042,223.31375241517034,98.39119799046287,324.23104806003624
200.8887053853891,226.7768874741316,97.3042100757421,323.71828153266466
194.88074470918826,221.12244042382747,96.5479398027621,322.25498400789127
188.8470656462613,218.39544029057816,95.91258111341874,321.3576258667912
186.40810806376822,215.72756991430637,94.4636267059403,320.36649704687017
180.52543027591412,213.24397508017745,93.65712033004387,319.0477557393257
174.43669654302107,207.6130011248827,93.33001294552506,317.8051287996104
174.70198749922386,204.8524655445462,92.7994310331195,317.09756313003004
168.74145895653055,199.09976179186376,92.30296275570342,316.1854452725922
169.0802338738422,193.19057419582492,91.6254129210801,315.6305594276515
166.1170143263929,190.9814348460485,91.38568116270858,313.8826672739343
166.04601097907815,189.03098304037087,91.5276878573381,311.646560646495
169.13120402228648,189.89856062726358,91.465353883146,309.9114054727096
171.83986321831736,184.32046488794074,92.13039811755647,308.9028716984108
171.66217842030073,182.11540115859424,92.48576771358975,307.2325435390635
174.17608016332227,182.71256015937183,93.52137936605334,306.0382255375083
176.58214883585026,186.96812849757512,94.77493372788041,303.5927805679848
173.21140855543072,193.84462060761484,95.46221036023661,301.9482042048711
176.10256001197473,197.16217604654497,95.72345785270053,301.3566437325628
172.61937573869398,197.44396927365108,96.64985876072022,300.7930572783506
172.07656146778947,201.18222609698196,97.73548730252924,299.36555625313673
174.41196241865524,205.05211003405853,99.11335582840245,297.67445880658835
172.79649415324158,211.8245031546049,102.34429235922978,296.22940657953285
181.32549441569557,209.2491644057879,103.55107714734581,295.2918223061589
176.83439264233502,210.2522441376727,106.4364423487313,293.2856628423893
179.70461386174583,216.58090922111415,106.81648817542074,292.86930920652844
178.83158157439223,214.21566348043473,108.5625527501279,291.47839634003617
182.15654466186447,217.3876304484299,108.04563490560977,291.2674707344722
177.54579761452197,217.93444933990992,111.14646260302194,290.17383295151217
175.4715681160828,215.4030993041714,115.29492159990026,289.07574530560635
175.00387186089472,218.44745892995383,116.2303141102764,289.2063161356655
174.83976978486305,218.45472120538855,116.55851826233975,289.191791584796
185.16485808925486,212.17848907568825,114.63886766120594,289.2572385057634
183.5286380981143,206.17637212599763,111.70112636829856,288.8411098547676
187.68901108913525,200.5491429580485,109.53198641197751,287.7923561392241
191.58008978089322,191.0739542419209,107.84743842128933,288.44990539299613
194.873250526446,188.0463061131943,107.3378427998937,288.4284757807394
198.348976682898,187.40110435801307,106.4536254189533,289.71887929110187
207.82336759329326,196.45581759335064,105.71412453435323,289.81873375661706
207.56857447264656,190.4085950870341,106.22371077564661,289.7975224576742
206.35391869841916,193.7415155047639,108.65302232410141,289.19841492113864
208.59108706916746,197.11619615264698,110.28064861595222,288.55101665871985
207.01695690729255,197.6943681243311,113.428908939702,287.3946727153516
202.15845103426528,204.70432913193804,116.98416206032186,285.6982679510071
200.7389211256043,211.42658554578193,119.82322187764385,284.65524851870583
195.76731431672968,215.04227276591686,123.53032570232205,283.659983871507
191.34570665220232,221.77102254132598,126.08627733758418,282.7770117082739
186.604820505599,222.23126807087314,129.2485705676885,281.8565206491796
182.2821287001896,225.6724392562221,131.5323517392245,281.33578071776446
174.29556253120415,225.58135577372917,134.71754615100565,281.51794768275033
177.04660602396024,225.2067794587011,135.66762575361238,282.26710031280646
174.18676548040753,224.83992340567127,134.9076743862125,283.00081241886613
178.50635081962298,224.15065949063734,132.74561007776262,284.379340248934
183.24219200821528,227.10004451195928,129.73340524785712,284.94004775356933
187.83794921484355,226.73831228539873,126.95680844877856,285.6635122066904
189.21347290732012,226.3383894877119,124.20576106382535,286.4633578020641
190.25996075061923,225.92508028621765,122.11278537722717,287.2899762050526
190.37908180449548,219.41035243722172,121.87454326947467,287.68995265228136
190.92244193983993,222.2096662313304,120.7878229987858,288.4076284306973
194.32584424555694,224.94124458560597,120.28843072133442,289.25188405612874
190.94632051767857,224.7791799991458,120.73673858033042,289.57601322904907
191.47000486182108,224.28658244214725,119.68936989204542,290.5612083430462
192.2356474926231,226.77790136976583,118.1580846304414,291.897559927588
189.41096316355117,225.78209247053445,117.4964548592188,293.8891777260508
185.3141027438978,225.42225008344573,119.36229721242069,294.6088625002282
176.83313408691987,222.18264330463677,123.58119517419115,294.71655638175343
172.12600955569678,224.4938976911202,126.54737661591722,296.54211522950663
171.29898998833875,220.55516911350588,128.2014157506333,297.8925848558115
163.8892367972952,216.67804511538927,129.86938946662863,299.07106651899886
167.59881121163048,215.66333433758564,129.07251937784844,301.1004880746061
164.5887463975888,214.9810828187493,128.45507490070275,302.4649911122788
160.9438969147951,214.36612952637432,129.09839109014018,303.69489769702875
157.15475655665472,213.98754704419486,130.0011214559471,304.4520626613877
153.70598818908564,216.7194292389526,130.19618634181367,305.6907701211438
153.9710428534736,213.02521734519513,129.66607701303772,306.3553588711302
150.60540593247035,212.3321934287375,129.67329331258054,307.74140670404546
151.4191124605377,211.28675326253037,128.04588025644588,309.8322870364597
148.75625458320312,216.90093380966672,126.62607391742038,312.0949701295762
149.6183226543786,212.53859062026814,124.90193777506944,314.06677139120285
149.70542531915322,211.89631310155397,124.72773244552018,315.3513264286312
145.68723657112048,215.3884173022348,125.99822264359702,315.1330053252582
144.92982101226505,212.08725758814805,127.5130537613079,314.94988248759825
144.96556161778415,208.0449055438253,127.4415725502697,316.22476357408965
145.11850432858532,211.2268305692017,127.13568712866737,316.6878267534254
141.3583156866881,210.8536132652335,127.82793863397298,317.4342613613618
144.7464684848121,210.33746395223852,127.90285549352447,318.46655998735173
140.5691270320034,206.71894386543374,129.3901141219548,318.8361758837742
135.89267472717216,203.29214110317704,131.8437568066761,318.7905194833465
130.6259789882979,210.54108600240602,135.4348919566087,318.1771423405205
129.21279857441226,203.59824628385707,138.26125278438,318.0686706689679
123.00436103237456,210.78592836865135,143.6326774803136,317.7842072756629
121.2433241996801,210.49258728104894,147.1547511457025,318.3708894508677
119.39776023725538,210.62915784653512,150.84587907055194,318.09774831989535
113.6036580335342,210.89409914486896,155.16751736114276,317.56786572322767
116.0381719084946,210.72920925742642,157.63249639880195,317.89764549811275
110.91254702884098,210.22635258142088,160.50217348084936,318.9033588501238
113.90505103645735,213.75286863352613,161.9631193776651,319.2962806579618
117.6186370124134,213.12898685048253,162.01289949557784,320.544044224049
121.3541186719495,209.06216880807085,162.03803511392027,321.1815813714578
121.77121788262917,216.19995074098944,161.2038366925609,321.9177670751162
121.81162304353032,212.1340483558353,161.12302637075862,322.54733720328085
121.95324431927739,216.46630687320103,160.83978381926448,321.39287408357956
125.29498063971643,212.23034924730615,161.6445624618929,322.3765380518628
125.31950258191954,216.5473566507344,161.59551857748667,321.25909899247245
125.05514804447053,212.90125239635194,162.1242276523847,321.0519456422444
125.70636582059905,216.57002977941363,160.82179210012765,321.21985559412576
122.68482607518186,220.055710959954,159.37946486277087,321.73389996123615
127.662470842232,219.04444547901045,156.89213577134504,323.7564309231233
129.352933670811,214.4697880512054,153.51121011418698,325.45138348231376
126.84208267487266,217.9551789467351,151.11269249584646,325.90082130147164
122.90454549378396,214.06980617636117,151.60289426629373,326.2866942504894
114.06370900717384,210.8148629891054,154.4864494376939,325.3975217240909
113.34152022374111,211.34564628273,155.93082700455935,324.3359551368417
112.5840188214144,215.46220089129605,157.44582980921277,323.5489527029106
116.66251575649726,215.37110075347573,156.74978756936807,323.7311529785512
116.47120449037432,215.6607860428263,157.13241010161394,323.1517823998501
112.1759892053425,212.17111260841992,158.2731345839081,322.68142318089343
113.30511114155857,208.23943750742018,156.01489071147597,323.08213757675856
118.62829570639582,208.1590990111783,152.79778953114953,323.2428145692423
118.310624100745,216.24026123416456,153.43313274245116,321.8316731628131
114.30031285755015,216.22251770825036,154.08766305330897,321.8671602146415
119.55177593672504,216.1466906833498,150.96274433809802,322.01881426444265
120.34069157100605,212.3834787866627,149.384913069536,322.2194997457958
116.85537275918489,212.5748293881197,149.05446074274062,321.8367985428818
121.42588582694087,209.01019781385747,147.20317685195775,321.6763194466771
122.86147224013219,212.39671098112655,144.33200402557512,322.1582962419916
123.86251337379335,212.1206481741832,142.3299217582528,322.7104218558783
129.14719139242501,215.30115912613428,138.9449868353218,323.5338210663084
126.47105993580571,218.67839770553735,137.1606215413378,323.9159721147249
127.56510203333958,229.06672389566154,134.97253734627006,324.47107396503293
131.45344253706054,225.364755351603,134.27566073325912,324.7952066587191
131.43635885708045,225.54177960251263,134.3098280932193,324.44115815689986
131.3450481597894,232.4105756227907,134.49244948780137,324.83877274489726
135.3076558914804,231.2942434449956,133.64381907159552,327.07143710048746
138.97110024507796,241.7396620623584,133.4106273745743,327.4616908962834
138.8668727203367,238.18190731436326,133.61908242405687,327.48202900697487
138.782963659617,237.83537064680536,133.78690054549622,328.17510234209067
138.87183262582448,237.47206625613322,133.60916261308128,328.90171112343495
142.94629234506266,237.1288562976345,132.57970359718504,329.58813104043236
143.22638697281164,232.88357612929184,132.0195143416871,330.96769173632856
144.3480380018048,228.70430574980242,129.77621228370074,332.2053693479435
144.87859466353973,221.66624120056298,128.7150989602309,332.0844025022642
141.87337353161945,214.3344280475641,127.64774422205821,332.5924348042353
145.8769051629435,207.28115085810362,126.70662528296882,332.5671005360389
146.61694005156534,200.47730511388227,125.22655550572512,332.07743705592895
146.621051065767,193.78446937258576,125.21833347732175,331.433031113898
147.16020566585524,190.54006706083933,124.1400242771453,330.91618549475544
150.73089819297022,187.3986221979236,123.9774706437547,330.22024379974755
151.1025597826802,180.98183975607816,123.23414746433477,329.1219516901398
150.98378723529862,181.28945256620372,123.4716925590979,328.50672606988866
150.82523820457905,174.52951368725508,123.78879062053703,328.1620866375978
150.91565260695586,185.21535130691817,123.60796181578341,327.5894856669864
153.71018600433607,179.10986678015462,124.94045532546313,325.95733411163326
153.51001867081376,186.67445625049487,125.34078999250774,324.6723452336536
153.31744473852862,184.6627778791502,125.725937857078,321.7848715579561
153.27566799969554,186.70358654157297,125.8094913347442,317.70325423311056
157.39085074098165,185.60068379610564,124.39818263090294,313.0900029453143
157.89109215965183,195.50558148172914,123.39769979356252,306.73513848179283
158.22105670143108,211.99512811980603,122.73777071000404,300.2285642409029
158.0275899933269,221.89109011810945,123.12470412621244,293.4618817456327
161.37224535228,231.9680017691327,122.85724476461021,286.15176115619414
164.3459106940881,241.68405632971985,123.22136070778004,279.34254528859196
161.12569695187557,245.1939170309548,123.44252702552978,272.3228238861221
164.32211367537104,257.5673359986125,123.17097747218729,265.93983763175197
167.61812637230202,263.39874315212427,122.6026819846838,260.3007532310869
164.53495990731398,269.3748727715117,122.83731756764968,254.28019133932222
164.5208937504334,272.2610832766956,122.86544988141085,248.50777032895442
161.6367537812693,268.4398629247395,122.86961532240414,244.6219820381969
164.81991617302154,275.8291767139131,122.21060320998936,241.257979802029
165.1668028901281,274.23835233877605,121.51682977577624,238.79299093081576
165.76803313299683,281.21127754303126,120.31436929003877,236.04418991991008
166.22712043409,278.93833839375543,119.39619468785239,235.05260093671245
166.8953688352181,275.92450425879326,118.05969788559622,235.57318804949224
167.44757775414075,274.9699262957805,116.95528004775093,237.4823439755178
167.99723954204993,271.19935213828614,115.8559564719326,239.52306904798604
171.04240404912218,272.73440090561434,115.27678294403074,241.96412699957227
171.44804440536495,265.3352334011752,114.4655022315452,245.68906943815816
171.96960298535302,260.3476542964092,113.42238507156905,250.08741388714967
172.88522021518025,261.43292807052467,111.59115061191463,253.53937765468044
170.77363323180387,262.0381119837024,110.17391305615911,257.9694213508333
171.41203911552378,262.491135715199,108.89710128871928,262.74290612131153
171.60821085387556,265.7289911816073,108.50475781201575,267.71891257837626
169.03183060239536,260.50209187501446,107.8668884715019,272.38208134808764
169.39180695428087,254.9611032917287,107.1469357677309,277.6176780835003
166.68943254118898,255.49101174844856,106.64294553713114,282.4666002268442
167.02527627386928,253.15890573630116,105.97125807177054,287.130812251139
164.42208152278786,251.07441648746783,105.15364899222669,291.29979074880566
164.5651358027344,249.33652223842583,104.86754043233358,294.77557924688966
161.79088511138224,247.38756248996268,104.302673892341,298.67349874381597
158.9245170553897,243.06545909647238,103.87664518423823,301.1589407107087
158.4021495778623,238.7460885235325,104.92138013929306,303.61121545827854
155.04167103910552,234.774573122478,105.40187359628932,305.3137826398703
151.66777396942362,240.14845024014247,105.87617383218354,307.11301621148044
150.9151021965534,236.38101004767998,107.38151737792403,308.34010707311336
149.38495650245235,236.8575922156413,110.4418087661261,307.38694273719074
147.94451864061227,237.28313597263454,113.32268448980626,306.53585522320424
146.29665595795888,234.711080417545,116.61840985511301,305.24542856110185
147.15811898945367,242.0664235411336,121.37085642772243,303.48548758512266
148.08652914694187,239.9735709378085,126.04921262469273,301.13601627982615
139.16830796112413,241.0188156528896,130.71655736360472,299.04552684966393
136.34498042896786,245.37353561027777,136.3632124279172,296.9729394759926
129.8568107720738,242.77269753529174,142.63356452117134,295.46862840543065
122.87320971130474,240.23587720189545,149.80728612216777,293.7487885516815
112.3797704676768,237.630210713462,157.00902461045993,292.0675515290665
112.16988438094909,242.3847832724068,164.4204540324063,289.55006365966784
101.32544702345902,254.1959155273775,171.94748288468406,287.17056794378004
97.71669903923558,251.8790052999227,179.16497885313095,284.631332145814
101.51027627584008,256.74310988165405,186.09085444230664,282.1596380135437
98.65379770157081,257.6939753094075,191.80381159084519,280.25790715803686
92.33772466465693,266.0736831236366,197.03461348075538,278.3011798974137
93.52532435979671,266.6547869450291,202.1176168454694,277.1389722546287
72.67331077058118,267.42220133294245,206.2006690278914,275.60414347880203
70.93669214637377,263.94121386211907,209.6739062763062,274.998346759927
69.43698309499665,267.90761541456163,212.67332437906046,274.68082620387855
80.11785356637319,252.16272668435556,214.28955081495332,275.533313826096
71.68481267376282,267.6321988520339,215.75831779076515,275.38899910955706
71.51386320760398,271.5596132371743,216.10021672308284,275.2545089868018
75.32685381651905,270.90636492307294,216.19807358768128,276.5610056150046
75.878883144371,266.21000398669736,215.09401493197737,278.20831167477786
76.78049176426512,265.03395804909843,213.29079769218913,280.5604035499757
77.44732737869734,263.69952161408014,211.9571264633247,283.22927642001224
86.67550233729014,262.1856981911137,209.05675965836355,286.2569232659452
87.91847768599922,268.86050358026966,206.57080896094539,288.46029922787574
93.81010496367311,267.1469575636829,202.5566079866136,291.8873912610493
95.85179162337016,269.1784166283738,198.47323466721951,295.5791574143042
98.21607237606207,263.5337180386384,193.7446731618357,299.1258642885765
97.01368158288643,258.1196355971048,188.4321951352804,302.2367695587373
95.53626994020597,256.688035973829,183.7120837538191,305.09996880528877
97.86698350153029,259.2988505263206,179.05065663117045,307.5165971433845
100.20383801055313,261.61124301566053,174.37694761312477,310.48722698149675
98.69683767476675,260.1770844550513,169.83088001650702,313.3555441027152
101.29149982416118,255.0971606060087,164.64155571771818,315.99054650614465
99.52559407704604,250.03575867770073,160.69876369930205,318.6387468501143
97.06636166582922,249.13324988707777,158.17175326129217,320.4437644313602
97.95384600556051,244.2569944640578,156.3967845818296,322.76811457478516
99.30011829673268,243.33536681839482,153.70423999948525,324.61136986611115
100.6333852279937,238.6415333629963,151.0377061369632,326.5876927318243
105.55679543549854,241.76328343466497,148.58444097189772,327.7377478384311
110.34181521052565,237.28644300831277,146.38170103099282,329.3241290819862
111.27805958776229,236.37612582020523,144.50921227651955,331.1447634582013
111.65637535233842,236.0991483188489,143.7525807473673,331.69871846091394
115.94437782273798,236.40758815853184,142.5162905015987,331.0818387815481
119.9356812165982,240.59821874107763,141.84263586782498,330.0095297704032
123.81304645581147,241.21500909967153,141.36943773539434,328.7759490532154
130.78654813951096,241.46341851219407,141.93307717382106,328.27913022817035
130.11302292224576,249.6559956043836,143.28012760835148,326.4101526099344
140.6460918885043,250.1808852067257,143.97833479397582,325.36037340525024
139.6522736649831,262.2879483673224,145.9659712410182,322.9018300425739
142.33029238920446,259.50310811562633,147.86105056265336,321.220393775888
141.11498535773518,253.3242788047233,150.29166462559192,319.0582636487554
147.3232513675846,254.6103666017434,152.41693051230655,316.4860880547152
142.04172382338828,255.90102875857147,155.70957177773184,313.90476374105907
151.48027915343908,253.46083236064553,158.70199660724143,311.49531137370724
153.48476004480275,258.8716746661662,161.99932481593248,307.97991675408423
148.40964467926167,256.4807255792641,164.8381106038915,305.45036998476536
143.03038324717488,253.8127525859814,168.2737428899646,303.4634253932303
145.27423521118467,255.31059977856918,171.1383105611888,300.4677310080547
143.91116528458443,256.26800195705897,173.8644504143893,298.55292665107515
142.54392305575624,253.50788332176208,176.59893487204567,296.6985880320195
141.40293488021155,254.55095168065395,178.8809112231351,294.6124513142357
132.6271010021992,251.51849061552753,181.63118799553465,293.276677952676
131.86050903320302,251.88207209244075,183.164371933527,292.54951499884953
123.3753506857401,252.3032495417752,185.25092672181523,291.70716010018066
126.99823995146761,260.5353138066887,185.4693792897964,290.17149376922595
119.37124538852714,257.20204139008183,185.8335698446088,289.39313931690543
115.4349922980752,265.5030550851478,186.26674730058545,287.66976937662804
111.58435601868108,262.52052437310084,186.5472844219632,286.21409536331146
107.82432347502899,266.6233690742752,186.66376536392244,285.4119901063076
100.65179183335812,266.9876180068599,186.22184749787044,284.6834922411382
97.19032319110201,270.5537723586019,185.76959029426428,284.9263780257726
97.52525639167438,270.93542132838024,185.09972389311955,284.16308008621587
93.88421123337073,271.51318003022396,185.0331308148567,283.0075626825285
90.48432605996922,271.97639781094955,184.50266455981733,282.0811271210773
90.75790630251561,272.3921820686526,183.95550407472456,281.24955860567127
86.99184934980102,272.7923086628467,184.2017198196737,280.44930541728297
82.97094044356514,273.63801879601164,184.96554989227715,278.75788515095314
79.20952373226079,278.1971841401761,185.2230912602544,276.90484651725575
78.73606698387856,279.02947059576144,186.17000475701886,275.240273606085
74.61540468141105,279.7084479688953,187.1789515250151,273.88231885981725
70.09865529553947,280.3912592294538,188.98381004451474,272.51669633870034
69.58626377685583,284.4675904274483,190.00859308188203,271.60193409509395
65.04706028456762,288.5363738368484,191.84598890346618,270.705378439286
60.484925220112146,288.7842695181081,193.7124994698651,270.2095870767665
52.1909384742289,285.5307976868135,195.73849887242883,269.4355436947543
40.42591210712331,281.8457650440203,197.36088495461615,269.5030534296661
32.4153373066043,278.2001759125907,198.7216131022729,269.4640209658348
28.468791051616066,270.44634700727033,199.26277516915857,270.26781789029377
21.034736966324814,266.24997004712077,199.3848535250341,271.2875569032394
13.884146205485678,265.40635637228036,198.90501562783746,272.97478425292024
14.389857951296548,261.20112844429025,197.89359213621572,273.97698440606376
11.947075830823238,256.7288950105032,195.3723117067002,275.5146066031758
9.744017948129496,252.47226671839098,192.3897841701998,276.6392198855124
11.588849418949437,247.81928166629032,188.7001212285599,278.5887567845277
13.871206087778802,243.4926014866406,184.13540789090118,279.91735397699136
9.224667628433068,242.58993168768308,178.8906915854101,281.72269357490643
15.385481011259756,237.91885272294655,173.77748580562067,283.8564305185155
14.741893978561777,236.66289811622596,167.91013906792628,286.36833973195667
18.282703060572132,241.91505535897065,160.82852090390557,290.0498761427488
21.655909100711682,236.1725398926347,154.08210882362647,294.5077410393268
28.527359728846335,224.74435568709777,147.31654551261602,296.432095614624
35.34864452503193,223.90576267995925,140.56279915740492,298.10928162890104
42.06723828801401,225.90751464509043,133.92153902651023,300.9017050937082
48.52453636559779,228.0867332589491,127.72714033260463,303.2634653272528
57.69390805924606,227.0073066361071,122.67845367413956,305.4223185729368
58.55908515982281,226.28965065977258,120.94809947298607,306.8576305256058
63.69895692527447,235.97419076864426,123.82063646361428,307.2169710901598
71.32594917954052,236.86596386343766,128.46448628590218,305.433424900573
72.10048869214566,237.07062736770047,133.60485325503066,305.0240978920474
83.28423157893747,240.37244404884106,138.33490912827358,305.1948499414728
87.38714184435611,254.61894985106406,143.84916144715078,304.14198403645577
88.11024967379484,251.78325428451086,149.34410606002263,302.8722148978129
89.53706771103423,255.50206523607397,153.50863249220353,302.45275550134636
102.44444829751863,255.52810552431998,156.03015641616443,302.40067492485434
115.23352306037823,258.9819549019014,158.9591799752487,302.6197694408923
124.7113439882709,269.60524169527605,161.54474892208913,302.9144066567689
135.07878221164282,269.45610706125865,162.49722566202604,303.2126759248036
131.871303852829,272.9110538722948,161.66234721932716,303.5526174630578
135.95445778525053,269.0909462979381,160.736568281291,303.9523036849644
144.12048987106684,265.1737874205902,158.86555575773696,304.5560956156209
152.9154932967499,261.2271958363731,155.690054920025,305.24202577722804
155.87193484810626,260.2119833234601,149.77717181731222,307.27245080305397
163.28732329024876,258.6355642385102,142.03638829729206,310.4252889729538
170.96651669880563,253.95555680350404,133.67893343820106,312.78437188494337
175.25737143227875,253.65008506994323,125.09722397125482,313.395315352065
