99.5,237.5,27,82
101.73347487390845,238.0033059790876,26.51607058737974,81.65439482022373
104.3745096295832,240.44980212491228,26.175650001125362,81.7030514536695
106.38120042814634,239.9185400630285,27.087222490704008,81.12392421520211
108.81284993214334,240.40769508158044,28.824482696557858,80.14561417809824
108.84906176340549,241.43451833479625,32.08767164528334,79.75977397729154
107.12800978602657,242.29620618338504,35.52977560004118,79.75731256468893
108.19521723844517,242.0540830971957,38.740857007521605,80.24155873706762
105.92959050935778,243.69361603637515,41.427086378946115,80.65254103220937
107.93467523773165,239.84239374942183,43.109541416908655,80.76481961316891
107.92076264895414,238.9756228347411,43.13736659446369,80.57024811281167
108.57609725715116,236.9406894980278,41.826697378069646,80.78866411162726
111.64799435595656,233.86554347715463,39.4957508158416,81.21968470029947
115.60922072468205,233.7710059951188,37.19057814030991,81.40875966437116
117.72783714876043,229.84014845178774,34.78831137098965,81.93061043568733
117.85171019752826,227.05390729417746,32.740343628566784,82.10242781624628
119.26246825062863,225.71728967997666,31.685115692934833,83.00937487407919
120.08560935450049,225.76027780589664,31.79925501239733,82.92339862223922
119.54172075275699,226.41803625494651,32.88703221588435,81.60788172413947
121.80310541678392,225.82979284888884,35.41140546190963,81.02258289273497
121.13365990989608,226.22327421360743,38.54838646247642,80.23562016329782
120.49773602860726,224.5571192935303,41.66182385953774,79.88475073448473
122.14138487012004,225.60773636819607,44.045455420386055,79.67382633311117
120.43155114372999,226.95091260720227,45.53709069703426,78.91550603123065
119.11641715007525,227.06808069878815,46.225177564896214,78.68116984805889
120.30490043380048,226.07611633873285,45.798568157961284,78.71474140765393
124.30528836963039,225.98534987284853,43.62869656226721,78.8962743394226
127.70018243647377,224.78608248300617,40.657787296480464,79.3853696851572
130.96229572843535,224.50166505860935,37.86493415272194,79.95420453395087
134.88263532434746,224.98501717657908,35.5009995426141,80.8130818252502
137.7853656269934,223.04587009756128,33.28880622390119,81.09810869670677
142.39374149950896,221.84184374349655,31.118430940114933,81.744567289525
143.6426101118446,222.96115800159512,30.35278425222834,81.23802931011248
143.09231592732488,224.14704100922546,31.453372621267746,80.57731301584485
143.6371229035828,224.42255939425377,33.80643599537558,80.02627624578827
141.29409917178646,224.01259621072217,36.7371735096184,79.09089266350153
136.1685616251977,226.3937679780453,39.81497436921477,77.91518624564588
132.1833393280213,227.47006182438548,42.29666273401659,77.59218396281587
128.74733248145685,227.5134485923699,43.566337098207924,77.50541042684702
125.8951345988578,226.60905116906744,43.607270727507895,77.42638456148593
124.57349777238016,225.41825793683918,42.47584765180045,77.92062266161103
124.36174054478485,225.05445772656802,41.024008449390394,78.64822308215338
124.13733112099814,223.8689989330593,39.6116559622406,79.15796933444753
124.1658696237091,222.87888946828957,37.71029376943962,79.29390307660796
121.43664923085312,221.80230323661206,35.91569442604137,79.63381550768547
122.24824669160503,225.2169775526645,34.29249950453753,79.95174755966242
122.42947268648925,228.52210107293752,33.93004751476913,78.63000290594582
122.8462295967337,228.63213493794404,34.833838046282885,76.67263082393004
123.24613570357833,232.0617413968892,37.48368185649625,74.9879019418936
122.74507311743017,232.75125941543286,40.232221513281054,73.60886590480632
117.84857634314858,233.09106395869233,42.93159316555903,72.92925681828734
115.23394433214077,233.9923541614649,44.542403427138254,72.93590329296045
116.35570945205534,232.84701050007908,45.971860389043485,73.39009701486485
114.43894557011564,232.36442355350522,46.07083461219645,74.35527090801256
114.09104783714577,230.34723137917956,44.88327845295602,76.50630363148379
115.026887215948,227.4416890877294,43.01159969535154,78.52666637893483
120.97905086481424,223.4430276519465,40.57451825178567,80.84364173800061
125.1351453942035,224.95601617964746,37.91919924679985,81.58891138512719
125.1676638153477,225.52243367367691,36.0038238181484,82.30641498343138
129.37196099614047,225.6944773084818,34.90376314931386,81.96232771382168
132.00128139620438,225.70742202268258,33.2505695640071,81.93643828542005
133.4637964936296,227.5083120353283,32.09853751675875,81.88065455533285
133.11015168820603,228.67785462955464,32.80582712760589,79.54156936688014
136.01715191279368,227.42186850022796,33.914050892144544,78.59242951867654
135.21856982973128,227.44849757064944,35.51121505826934,78.5391713778336
136.98259720870882,227.02720356931292,37.27463373573691,77.61793490203243
136.38588035262333,227.95072640790312,38.46806744790791,77.5521166786306
137.75281890924728,228.86888698935627,39.33616035228577,77.51678052453715
140.49794315176428,226.26223295554607,39.29235276364865,77.28364769576062
141.54334092114775,227.50053047480182,39.012863554096775,76.61835898646423
143.5594795328507,228.9035596841602,38.574042305092334,75.60902855494814
145.36492725873137,227.82749888803107,36.73750182747839,75.98679517305905
147.12994875080915,230.5548492986889,34.95553576528593,75.77632511763251
151.75989607893473,230.39813159996044,34.26529126881954,76.08976051508942
153.08258324341094,229.3134238490963,33.326302876880064,76.55279007980481
151.38672382008014,228.2280560317558,33.324873401590715,77.02695155351027
150.82425920773764,227.987837497593,34.449802626275684,77.50738862183589
149.21044983482716,227.41325925790102,35.94722049481161,78.65654510121989
148.18128877740168,226.11336096198139,38.00554260966257,79.48316638954162
150.91320718459644,224.1917546459049,39.82635732280076,79.6840532579308
149.22496921973195,225.39194846021405,41.34713108280674,79.13936779903545
151.00556958801212,224.33963704044984,41.533820653095496,79.3700454851393
154.39505705901757,224.3436798077848,40.39648098513961,79.3619599504694
155.1450974096677,225.94085640815817,38.89640028383937,79.88927770279558
160.3298888379112,229.57153481710333,37.73972989759462,79.99825086109911
159.9653479164201,228.63363289540018,36.64477180201427,80.05001476594282
165.1888776210061,226.78253457917407,35.22597432431757,80.14090662580483
165.75493753368522,227.78188881413826,34.093854498959345,79.92424497093921
165.40941969051903,227.11599020448904,34.78489018529173,79.49711883930362
164.39548985037172,226.30026395335847,35.047804965226234,79.36362644120469
164.65276764021826,227.52861786875746,36.30089157243364,78.67456079730721
165.80394405491123,228.63262333209116,37.557799093444466,78.24618004583816
168.15826590750467,227.32085877885984,38.23512212874296,77.2790646586439
170.9814753343996,227.08115969729096,37.96756739998221,75.96550811343863
176.57777503011943,229.35562808504966,37.38956476132463,74.95477025551533
179.79898818895262,229.85192146808845,36.18004061878792,73.9621834894377
182.5285412258627,228.2633552746157,35.84739490636831,73.72167563544959
185.09158841476875,228.2151853702219,35.819891859152115,73.81801544423716
184.37554197444445,226.37437099749576,35.551524989437134,74.09872468896228
185.95849838807615,227.19583418425847,35.7853937839209,74.1556891263105
187.25050488717795,227.33975176970415,36.61096188846772,73.86785395541912
187.53741435897857,225.50295204621074,37.752055834641496,74.11162762285596
188.4253558017396,226.53013400238902,39.452599188824564,73.79547683035192
185.22076846959388,228.5433983931053,40.573332208520526,73.29457581198298
187.18720805627896,226.75115980210072,40.18963179654241,73.32987423260006
190.49526817943953,227.1775527665024,38.8791957030346,72.47708830379666
188.2861213911968,228.98625946126685,38.096771164522394,72.32682032426625
189.73623636361657,229.67628920653465,36.91448079498208,72.66470040902979
190.57438303577587,229.35999641619833,35.238187450663474,73.29728598970247
190.16616727093722,228.98532511270838,34.37187529066771,74.04662859668232
189.83500845951747,228.70275234562348,33.35563813265513,74.61177413085217
188.23402712735484,228.6155820317073,33.21969491973311,74.7861147586845
188.12180160591444,230.4492725734261,33.444145962613895,74.45691714710603
187.01456029152467,232.1841136324246,33.99036805910731,74.32375609368123
186.24066175678848,234.17985318066627,33.86225683893492,73.6840935764875
188.2143310886475,234.40089155836165,33.24364718126757,73.24201682109671
186.5214034603316,237.13536192021553,31.688206200404327,72.71437233488392
187.2785198599503,237.7888775393619,30.17397340116694,73.01942823163307
188.751808827334,236.79766131665093,28.81708455144159,73.41217159201302
189.71421503879714,238.8830553581747,28.463420672554868,73.95482914108408
189.51223140205923,238.87892458169202,28.867387946030703,73.9630906940494
188.8589312481933,237.9249424567139,30.173988253762545,74.29108689905433
188.76583213690833,240.55015219406303,31.968211820955553,73.86474345822528
187.88502652055857,239.68347473274756,33.729823053655096,73.96441300286249
190.5963538728364,238.0063272810162,34.97164683941108,73.98646866116934
190.80428858662043,240.08939807874447,36.24392906357761,73.19663036918189
194.43421675929807,238.86526978123834,37.477745626989275,72.24741780068733
197.68311328084187,238.29977946583898,37.80446816195182,71.67226953697353
196.49971583725522,235.638595516336,36.76467602960875,71.88475690670498
196.20652486245393,233.9281505038055,35.66253819017162,71.92860735368663
197.6155223441284,235.00134467853474,34.5146550186822,71.45233079608774
199.2684422511794,231.44777052593548,32.852045443962055,71.9865581437588
199.6167379867978,231.33049394559126,32.15545397272532,72.22111130444722
198.69063980684322,231.70621402338878,32.39448351330639,71.46967114885216
198.4496538870882,231.95127734908306,32.876455352816414,70.97954449746362
200.9207918670916,231.1392993098012,32.75750004809108,70.99572702426684
203.68312998465387,230.31060955697208,32.050607757307226,71.04717854847813
207.7731404802388,230.9042785399972,30.24773314316885,71.45412717668574
210.1112646829463,229.3123532898271,28.708273881253614,71.50118853352609
213.86618845753844,230.0376891622484,27.365264731939156,71.59222638865093
214.27077528247398,232.39309028025053,26.556091082068086,71.4383562227683
216.4860465606084,230.58800845125756,26.63217636149488,70.54189204505857
218.976146235461,229.13536235179583,27.61490089047768,70.46572230463813
217.5477495010167,228.56203062298732,28.964420950692357,70.10511235358123
221.1032124620583,227.56172052791743,29.48423830557458,70.579583888328
223.93133976615024,231.57054950463103,29.996891603782075,70.27306081788998
227.34762882758056,230.92549179500335,29.35183378632693,70.01629616079396
229.52441333909545,232.84899945944665,28.06175287149386,69.23276894010407
234.70121924191693,233.14182282855762,26.693198204464082,68.64712220188213
237.30719563946337,234.22750884095882,25.875135108253687,67.94038007670724
239.78333444353575,234.35644567642038,25.242264862494352,67.68250640578414
240.54745450457713,236.6405494935607,25.138740332336667,67.38844554727852
241.6501821882006,238.74985031479386,25.770557716080358,66.0071166558029
246.85727567082625,240.07981105431594,26.63769342651552,64.7573605112195
248.3825641347291,238.959431680652,27.81005641868893,64.18282597856133
220.79824411316793,247.41637808791467,27.59421168583691,65.73042808936076
222.9800796056024,244.46184750728494,27.546566224745746,67.32346372684249
224.56937189033803,243.62096429314155,27.289616657063725,69.00523015512925
225.69933195447837,241.88861951600992,27.990602768226275,69.50901346994935
226.68487300628476,242.44256654293173,29.019961752288324,69.90133995994316
229.2029030193977,244.59429272242147,30.080681180650444,70.17047219190462
230.5637200185873,244.39874995362732,30.452803328449654,70.56155772949299
231.39000287691437,242.9497436121709,30.359350240580014,70.34134515483687
232.26761306977497,243.06961725760664,30.158404724320658,70.10159786396534
233.74613755125262,241.39938839480843,30.29586654238607,70.34754480854104
235.62875108238256,239.65761187495465,29.637125729855683,70.72461159851905
237.37685321430465,238.53822084361494,29.234988147379063,71.4163603205148
237.28774803628926,237.54030853272013,29.413198503409856,71.86231324516689
236.93992442133998,237.32685548670688,30.108845733308407,72.2892193371934
236.95214377081624,238.86326400010688,31.66240126195636,72.3723907655943
236.5207969105332,233.42158557434382,32.52509498252245,72.00899905077705
236.48764629959416,237.0304213314488,34.207978401103404,71.25765632337867
235.14032651390679,237.28235884685802,35.26756344793366,70.75378129256023
237.36534786935624,237.39267668493454,35.75576214410237,70.5331456164072
239.20746766191564,237.44254016682797,35.37410146102072,70.43341865262032
272.2053370884743,231.2787048190753,36.750920833917284,69.61522432841558
272.7835827524334,231.33427407406572,37.24937763257822,69.50408581843475
275.43327288321603,230.5165773476841,36.93558373015547,69.4776171514838
280.01995974386693,231.79220854061606,36.04267387400295,68.58244753864969
281.48077897740114,233.69858543216563,34.748631360413135,68.02488566250774
281.67067760472435,233.76136336473687,32.77170352370984,67.89932979736528
283.3030549750313,235.09128569765147,31.068004480199875,68.36159652574393
283.68812279737824,237.87419900346933,30.29786883550597,68.94792502865407
285.9827818918138,237.033076719422,30.307580862446283,69.09715952481154
284.74094883223256,236.136482634024,31.255903187857882,69.3550039018569
283.26990353170254,238.74136926333608,32.642229405585724,68.81252379322953
281.8353259566986,239.6731731999384,33.93926129269379,68.52103918292461
283.8857798088334,239.93172377942716,34.60957170211326,68.00393802394703
283.5589816837979,239.60677054532303,35.263167952184126,67.05942054455925
283.8363099952867,238.07681918362115,34.70851132920661,66.93570195344427
284.7907004904475,236.86222435339937,34.380184619901506,66.20398305185506
285.22109762807287,239.30581502712567,33.519390344650695,66.00897192104449
286.4542640393661,237.05478432030344,32.59941491800869,65.87196114685561
284.7060003870033,236.1041911948861,31.510624454173033,66.24470814150315
284.996528115813,235.88475547151484,30.929568996553563,66.68357958824569
281.72213877817114,236.59854607766047,31.433486114183623,66.76721376536791
280.7968151672939,239.5780211696549,33.284133335938165,65.37196959619304
280.95840468098686,240.27982880303784,34.493911677639915,63.968354329427136
282.3218005208605,240.45668152562698,34.83336034747694,63.6146488842489
282.6234604320089,238.69218886779663,34.23004052518016,64.07621519717848
284.5366222367322,232.9970182301479,31.933905526599915,69.34580202901033
286.3484021793757,226.35036301730648,29.87786158908851,74.80153271581541
286.17288062900093,220.81988825936168,28.61880870340139,79.42209828595857
285.56908061895433,223.14955885707397,28.172670900291486,83.03144620655003
286.0614774958146,220.83133186086002,28.885014112304784,84.2736262675102
285.61422933908506,222.05932542953053,29.77951042576386,83.54547187383301
283.95404054212946,225.4109393281499,31.366183737599016,82.04335692282228
286.8191945164236,229.94502326493614,34.34002233916564,78.19767697934273
286.5460737084534,230.66043805271397,36.624539939428914,75.02857141946424
287.1317771140518,231.96319749060632,37.18525193698818,72.42305254367957
288.218495515977,233.0374039592613,36.71548393494605,70.27463960636958
289.6231518445426,233.99922637954327,35.570204916047686,68.35099476580564
292.35667371895016,234.05754194318854,34.95137461212297,66.61829249021835
291.5373900296159,236.99581189565484,35.00997417206342,65.48165604147009
291.4625139836905,236.4225771842705,35.15972626391423,65.06387444746716
292.1429023654188,236.53142772470872,35.3596108554814,64.84617336659068
293.49655060295476,235.88783121632798,35.77405486627836,64.57249614041783
292.61593264846874,235.1998238464261,35.97138416291199,64.38460426788313
292.82911583339023,235.40027809910498,35.545017793068894,63.98369576252537
295.6723916810968,234.67247627252658,34.51237516538777,63.8879963931048
299.0800558323836,233.86536526918164,32.293802898995544,63.96996638773427
300.18925720767135,232.81233595350383,30.07540014842007,64.58071908183872
300.4743383212148,232.69470444772838,28.0395600217283,64.81598209338964
302.02171251498186,231.92476506363747,26.378144256857485,64.92252823890821
302.36936963103807,231.88266714836857,25.682830024745076,65.00672406944602
301.50408038646367,231.19671328505328,26.019195959507574,64.98441924169032
299.59747624543036,231.0900942168416,27.032603388921725,65.19765737811368
297.95416984056465,233.44599833589126,28.898199301001114,64.74889983297058
299.93447216461243,232.76486801674366,30.72754804404012,64.66367212348209
298.5938323796624,232.02945015527354,31.930560496686887,64.6562407291691
297.6837259140064,232.5380040598265,32.251707429544396,65.1381989185177
297.95219187723495,232.41460782587552,31.71477550308724,66.8966722804149
296.8720281695749,230.9833397569389,30.819047186201427,68.23118055218518
298.2880080223223,230.56609221635276,29.51886432554437,67.5338987885196
298.7803352624534,230.62969210937922,28.534209845282234,67.40669900246667
298.25963239088986,230.8045495582986,28.096063901520587,67.05698410462793
297.6835033350167,230.1158335516414,27.7815880125182,66.96768211719373
295.3542748693024,230.61085282081268,28.060454521311634,65.97764357885114
294.418166268162,229.8283953518198,28.482164697165803,66.09205149041024
293.1577499005036,230.07317934862812,29.543378624071423,65.60248349679361
293.7120817553503,230.436694791541,29.905927532497632,64.8754526109679
295.64269768385594,226.67523658635685,28.978701124154746,66.53035812399932
297.7034039328003,226.89317197043647,27.806747978745516,66.0944873558401
298.1661467724321,228.44267221822096,26.88126229948189,65.89089069798187
298.7861495356639,226.1700963583753,25.641256773018302,67.57939385003996
301.3614970497226,226.3734043557688,24.78182059859713,68.60319747315168
304.15658251691036,226.5065808020874,24.90996207798635,68.33684458051448
305.10121150840945,226.95718687870973,25.876876671901442,67.43563242726981
302.9518005131197,227.22503246499764,27.310518965946507,66.89994125469401
302.20336225899933,228.2042304589688,28.807395474187167,66.39205610915717
303.73475725843065,228.4924425222285,30.15371837386393,65.81563198263783
303.4820583925602,228.7498898944392,30.65911610560483,65.30073723821637
305.0957879750245,227.54093449613364,30.404371926234354,64.74593304926934
308.5838100767378,225.9219552455733,29.323645271700123,65.03623277594393
312.1482233266825,228.337676822634,28.031350918998445,64.58218873221331
312.7088824180989,228.5362699606647,26.910032736165654,64.18500245615192
311.71744846299595,227.46258734930979,26.084456633623493,64.92814567248777
312.3030428496767,229.13075920502524,26.31352254547352,64.39231133147985
312.6074783228136,229.30879183488506,27.1012675956951,64.0362460717602
312.2632432178486,228.74779572818665,27.78973780562516,63.75277625655154
315.5279274887111,227.40247711355207,28.32801529038462,63.61635507522685
314.45977630102976,227.56903241298573,29.04328572897532,63.2832444763595
313.18831205514584,227.05608947849012,28.728721952925653,62.88038421144195
315.81722330260226,226.33081025593765,27.723037072360977,62.91356345176414
318.449280513965,226.36893127931916,26.659504542805575,62.83732140500114
322.42487233605345,228.26188377776975,25.609873578365256,63.192348015941896
323.34603061960627,227.35189779052914,25.134348611789395,63.64552838989342
325.5888380500647,225.09540635375586,24.74321586371263,64.06402915059986
325.3063679599115,224.32376927841,25.308156044018975,64.24346602208246
325.65536217466035,223.80226318672982,27.36323763820313,63.909943193601876
324.6561987248405,225.3410920282184,29.361564537842806,63.64882930725123
324.0094730400614,225.6035908534332,30.655015907401136,63.12383165682165
323.7025353397698,226.0873866009798,31.268891307984276,62.15624016172845
322.07148006986375,227.060770265679,31.628959985737616,61.66049376335939
323.25930737182216,225.1810630316344,30.703274877485697,62.519969240118996
325.81957990587745,224.6526278722041,29.92237640867763,62.13029069254541
325.01993332647874,223.88333601068723,28.66708421519429,62.24158173943879
324.8690265571518,222.86967294535492,27.561885931624396,62.86189604787954
325.0931212579003,222.61461417067068,27.113696530127417,63.372013597248056
322.95659719440056,224.05251166091568,27.19850909025165,63.288375661341576
322.0314742525962,225.8154767836355,27.65238698511613,62.55518139339044
323.90404853377277,226.03532830158895,28.088502033262667,62.115478357483525
322.4802701428568,226.48607537685933,28.14598059512056,62.60902331692978
321.3500674957497,227.83926211283557,29.00317129460036,62.709079034445836
322.99138944081835,225.35462796799112,28.559913607862278,63.419268019035925
323.1985235512501,224.4336914524178,28.145645386998833,63.8388944666128
323.4099082755385,225.00283426782588,27.722875938422014,64.12165849108288
322.37614083444555,222.72382042698786,26.95503022266061,64.426615275838
321.58691238255864,224.12424657851804,27.12497776527421,64.44278169509808
320.4723070723052,225.8745743679675,27.94243204217007,63.765638803421076
319.1853623728822,225.41733802731363,29.099913624172395,63.26370366788511
316.49521197256604,227.21854907861405,30.191853977143374,62.520188530391835
315.628453187294,227.0269811547662,30.48770111282039,62.903324378087525
317.78120553564645,226.12278418696343,30.527418035654954,63.2633111071799
321.13290488118594,222.63430061473775,29.64143381868995,64.42286377751725
324.2357994827394,225.0905361261079,29.25880761466448,62.42197425431779
325.87748094235076,226.17327471815307,28.81540766256395,61.676478553788506
326.34630449134,225.3355086809019,27.87776056458557,61.95062879817419
328.2317976087107,224.17493337582522,26.884666279844,62.88283343332759
328.35877664024775,223.99722893702705,26.630708216769918,63.238242310923965
329.1576076189006,223.13601746777346,26.41864040429502,63.57507110460037
326.93567008579004,224.41632151324185,26.70242734095765,63.787855100035884
326.9360330066773,223.63286348341703,26.701701499183155,63.95996675850223
329.2692226104134,222.96365611899552,26.22715251899518,63.90110474491715
331.68941721131876,223.16995660532646,25.550753680625185,63.48850377225527
335.5217307996641,223.6012113461142,24.73614511401876,62.62599429067981
335.9808604459358,221.6343676537791,23.81788582147548,62.53055161472708
338.2812710144274,222.2523723964867,23.192700858236048,62.61975418722648
337.0388912359068,221.75809885426074,23.046991462475752,62.293066795277625
339.27935879882136,220.4341615406488,23.79776455713287,62.32508731225843
340.11796738278986,219.1156058314049,24.764351937216905,62.318394182725044
338.72112225385297,219.26211804593365,26.218919733332584,62.02536975366758
338.10472762596453,218.72489131849562,27.451708989109402,61.73905029015921
339.85259486455936,217.09538981474904,28.09113815664294,62.24127753450358
341.7503873306555,216.46426198817156,28.486290107405583,62.10662089334027
343.1599904960633,216.76664177715955,28.470851533443785,61.501861315364295
343.6295054300977,216.0949201347659,27.53182166537496,61.45248694716766
345.4431191658879,216.19384109798648,26.65587117015385,61.25464502072652
345.09243127556874,215.43689169603337,25.999899087535425,61.41119596137601
343.94821814163544,216.009543223006,25.592290041857005,61.613910564203245
342.09339407516865,214.51692609029197,25.270786945661506,61.911710676878556
340.6166928048745,217.83722420968985,25.539596073036385,61.98259797111629
339.696433881427,217.45236339021892,26.032013311515826,61.40421900164267
338.78362297390055,216.91249103970898,26.509149618426274,61.13547819452006
337.48777719718055,216.32198873110423,26.394774821722365,60.96344963665766
338.40908658952907,217.9107963659374,25.900679666828175,61.83140525639972
339.6143437365933,216.11257483310087,24.84249537858612,62.723188310299975
339.8646883663801,219.09810439817537,24.341806119012542,62.137499971054574
336.8224154515018,218.61452519174622,23.78153086462762,61.775694167084566
336.55743857704135,217.6272148107695,24.31148461354845,62.43659023815975
335.8338529743407,220.81973522076962,25.758655818949862,62.715147826359996
335.10725228654394,220.7952055569608,27.21185719454327,64.1267685160669
334.5543074281989,220.60451527946861,28.31774691123332,65.91687777260708
330.810032892089,213.81637948919172,28.53540203077368,67.85971902887363
333.30139680285606,210.97497887769586,28.01102981531655,72.05640171650627
334.7185530266469,211.08662718643285,26.713945646505543,74.9075616565736
336.1056612139144,226.6849029426486,25.494425683689,81.02372402538626
337.36758892412576,225.60607163262438,24.590034644735766,84.80085102690418
335.8974370707167,226.87664283887938,24.21800202100217,87.22821311022165
331.6367250044021,227.41090314847867,24.322074890191487,89.526632996399
331.2915642969215,223.71133913834836,25.012396305152727,90.05452987882282
330.55089851155117,224.3730775641046,24.755529119607036,90.46925178359669
329.83143056413525,225.54526040451532,24.45523935466462,91.60333742232362
349.1578382025636,218.89636194738864,26.042010220726702,89.15520932413054
348.0808742913026,230.33801954248136,28.19593804324868,87.20872036198823
349.2089430083639,224.4665473740834,29.45378010451085,84.89574671724515
348.08050602301034,224.37425376268735,29.963590331690792,83.33327019650999
346.8818119105482,224.5158481068066,30.626970973428016,81.31607392508447
348.5567961627643,228.9719004044453,30.71121437381032,79.27239313943593
352.55217276783014,231.49955706273926,31.166915654792827,77.59566161929374
353.03425995676605,231.61096858126723,31.876068081052882,75.69951177810597
353.49897099396503,231.45014832719403,32.60523462204259,74.3625636708646
347.1906618822745,233.77441730384737,33.65692727562034,73.01829016607311
344.83868670361227,232.0197099392806,35.0587031341571,71.57444314702508
358.76256084371005,221.23376696758754,36.9913030908545,68.32937222633365
361.1819304259642,223.7188117669207,38.713104183760336,66.63955275637436
361.4861721128326,220.53683046406542,39.74908110449249,64.78121388974077
363.4939526931405,223.01529814828353,40.6364306401859,63.092885652177344
367.9828834692108,216.56089151384128,38.15430599131639,64.6341593403376
370.0131937023378,214.75893543951557,35.69891698636786,65.02760856637808
371.04187211852707,216.59001357749585,33.64156015398933,66.07348451373421
376.8395031761272,212.5974765441313,31.34277036043522,67.8609103660325
378.39498002169717,211.6412601548114,29.767389175163746,66.7021981329354
378.3613885151473,212.02275561829327,28.343462589299165,65.93920720597163
380.4357121920849,212.5404035476144,27.10472792501186,64.90391134732934
383.7546706147277,213.90313276877424,26.139039587082564,63.59651003184876
385.7388602232557,213.8708322639946,24.934734355261536,62.279074048790584
385.6777089613104,213.65838219971346,23.715437827548037,61.3623751257488
386.0031234138818,215.40554998118463,23.06460892240525,60.48124710381047
386.1918145706376,215.64808117479637,22.687226608893667,59.996184716586974
387.4457095935499,215.69094784727105,22.716494177238097,59.910451371637656
390.4205927395204,215.1837611064873,23.10585561546582,59.65699930717142
390.1142967054565,215.96146996283932,23.71844768359352,59.37276028044991
389.05056129588974,216.30044095682038,24.56786689228157,58.69481829248779
387.93599705375516,217.3877170781335,25.51360206021429,57.80365936619795
388.8735416587735,217.1096156803829,26.21293871314536,57.072649230215376
391.3086255074538,217.48515546801207,26.498286410247403,56.32156965495697
391.77834868610904,218.94395984560984,26.841775212848273,55.969831219584044
391.3505597951939,217.9004168534499,26.413559862662126,55.48933093987116
391.73102801054716,215.28092548997168,25.652623431955618,55.65100239877404
391.91880369035573,215.25923664075364,25.277072072338512,55.69438009721012
392.22679832182087,212.9761847530078,24.66108280940817,56.50314559017325
393.12026757854426,212.72505640491548,24.127489028696633,57.00540228635786
392.66947333480033,212.70780782770836,23.777895991817264,57.03989944077209
393.32347594653305,215.20956308703515,23.715372486734232,57.018315795648576
394.4647377273074,214.9087306207051,23.920969509398184,56.37592043620238
395.2272312733125,215.0516029545749,23.634408613010585,56.09017576846277
396.83076319745936,215.7295753857988,22.885786530564353,55.96345178893868
399.5460045721478,214.2431116577907,22.311694142722466,56.508184064187404
401.99276735307336,215.9523430844775,22.264970899845302,56.724822950044256
403.0563281370588,214.68664818169034,22.565809140879043,56.82825294661383
404.9070298865649,213.22714909388014,22.526946997662655,57.305556885037035
403.53075400986586,213.16007725696548,22.8254641000563,57.43970055886636
403.08042389834554,210.72107262428648,23.726124323096904,57.380573479562855
404.6048107317508,212.34304172142785,24.42578802175911,57.88507265075283
406.24714799143777,211.43655851006812,24.94864661055318,58.42886137074961
406.3420736224459,211.75822372525616,26.045090246429154,57.78553094037351
409.65481139500775,218.66744174608087,25.901086816351956,59.5226279748356
410.7680315879768,219.98368221197447,24.993595451978077,60.84699410774088
414.4499101949506,209.0490267675371,24.239904579784984,62.88610597135229
415.9810828168827,209.24759992475677,23.85334582549199,63.8268529016986
416.6876254673281,207.15139692825687,23.78469856859037,63.98594476273106
417.18191347145256,206.005694949191,24.14160277741863,63.58638828670837
418.5191190761191,204.64957758964977,24.159548215453313,63.6062663584229
417.752995795666,205.05920936710305,24.345008675405044,62.78700280351629
419.89634122738613,204.10543126351678,24.07338232893878,62.01784933270619
419.31693211840707,203.12876141403325,23.90976392464631,61.32631578717208
420.30333942840775,202.78018948770705,23.246518117128005,62.02345963982444
422.98217905688045,203.1185856979221,23.119483003138967,61.34666721939436
424.55505842285135,202.84199563773998,22.565067735738385,61.89984733975858
425.1702519314124,204.66819566193448,22.628275411606264,60.83463667734972
426.05210565598827,206.62988586653012,22.144053237014692,60.74971209183872
427.4627924864207,205.80165378428183,21.86173447576085,59.867121356724255
428.60619263795365,206.85971649275467,22.07852519869916,59.002791452780635
427.7855325850429,205.10273545671163,22.476515573427037,58.786764331586014
426.81627481928615,206.70869571913113,23.167640661794785,58.069624693038726
428.2733249938169,206.42624911600646,24.00192266381019,57.38505711559576
426.33608317892686,205.34482686539536,24.11308511600326,57.03902083175998
425.57134014943136,205.07316004329945,24.391158929028162,56.33094222998567
423.3206427129568,202.9639276602769,23.90820050925129,56.811142026486195
422.199178482059,201.3245334397589,23.662150451984523,57.60095194845982
418.9527410926309,199.34063536250065,23.897420891705277,57.814185499495046
415.23929380088214,197.3995339590179,23.771641068624273,57.920051103171346
441.75943348343327,197.91123655718206,23.570302632017572,58.15471592895006
439.4035167380279,196.97188182161455,23.250662684601444,58.775557040528405
437.0307695966743,199.5242749941679,22.95175153312033,58.71517612961
434.39493434214626,199.60134978475273,23.203881750264596,58.5610265484404
434.4163057661273,202.23051518012966,23.16113890230249,58.33141217624266
434.41186822616413,203.32169156458946,23.170013982228863,58.65528306499138
431.53710440206345,205.36434078080126,22.62989428825046,59.60170250631152
431.61364915398843,207.82303125266094,22.47680478440049,59.73168013661249
431.48364527353726,210.14925177284042,22.736812545302854,60.12303776397005
429.4375005500056,208.8196414795962,23.01538195296017,60.23977832418777
430.98929243759216,209.82732028557652,22.467642616289332,60.780265150729406
429.7285521602973,207.98756352475672,22.437504682812506,60.63235094026902
426.27340475548067,207.5607869027404,22.982063480616603,60.21275698193584
422.28448217370635,204.22049787244754,24.575229088025317,60.5086554863817
419.1307316770521,202.8706411810763,25.643971970355977,60.58898981363524
421.40882576607845,203.44593778692985,25.07727697343816,60.76822766230646
423.4379149312556,207.19392081356418,24.986193352349506,61.20645102756886
420.93128409391403,206.79957837057285,24.691197419848034,61.995135913551486
418.38183103662976,205.98952749667194,24.457447290788956,62.28207360044641
416.88589024896334,207.43161893495207,24.78310408904107,62.064115500966935
417.24028996492945,211.88393612051095,25.410102696073935,61.17426936363966
417.4483809724526,212.01173275949424,26.328057306652866,59.58453946004794
418.36365020881755,211.30676323961288,27.152260661322718,58.33973667241082
413.4563534141455,213.0662120876154,27.70063797764633,57.46832934012586
412.2601253732391,215.3211607183666,27.4518859475112,56.92024424654546
411.08043904938035,214.67932552760837,27.194703316154705,56.89563698852495
408.2821585289925,215.82133930168112,26.274048038170996,57.21849596788317
409.7858938952039,214.5989933886784,25.850716548168087,57.07904855146881
409.1482027856722,222.29204058178814,25.843475618129034,57.08443195447945
407.8737017308161,218.66051069131183,25.827329122396712,56.652045919098434
408.4335288204419,218.2484994329852,25.98368406236255,56.2000593165343
405.4406524547925,221.82440818005017,25.608562243390153,56.68129128272979
403.7889169088852,221.13692191536956,25.094242365177603,56.78366682208196
403.85259748914166,222.31497636406823,24.966881204664624,56.9576421946387
428.54578463367955,210.92961807356855,24.927998986391653,55.687272894990585
429.14863088801883,211.1362025400662,24.96852104004256,54.027889399665874
429.2452084376158,212.99031191438672,24.775365940848644,52.76529910462742
430.19956614327515,211.50459683638053,24.06770981420795,52.13355140660579
431.0921552343653,209.25862625430216,23.4620275837473,51.90750876388426
427.3022148701134,207.77305045183988,22.882729449338598,52.54746640797667
425.7990877367492,206.21936982398543,22.394927484490243,53.3254568426344
427.00297505806446,205.84430541930425,22.321774411716518,52.90827486706834
424.12641680116326,205.5116904782269,22.274954416151694,52.4135174473496
423.11368972724017,207.49786312660981,21.99639360653607,51.897194586776344
420.7577635895983,206.4048412023594,22.149796887792853,51.804013938263665
421.8436707887966,205.40079312977508,22.25994191481267,51.53015065801586
421.2476165105911,204.27214654413962,22.31308652008277,51.5095159270049
419.5743511993407,202.1678457076665,22.240806231197467,51.15970305143638
418.6528724001714,202.74330676742838,21.81723765144105,51.142044020960114
417.2334594182287,202.65031829722923,21.279491886730508,51.3280209613584
416.70688509334786,203.74912492370373,21.21396236232312,51.367764056747404
416.52449450773975,204.46997803459618,21.578743533539416,51.044145233067525
417.81492559525424,205.21701262552781,22.357541591218148,50.66996279544013
419.5936749121966,207.20235936740875,23.31294328270294,50.083944555705465
421.5009709957529,210.28831503011577,24.044240862381073,49.59439541377989
423.62559848838555,210.01047164825465,24.36330329986521,49.008002821814706
425.8788674831284,210.63303048814828,24.41293324917871,48.9019271267273
427.5422606184377,211.98498010882653,24.501192826160143,48.47472511710413
428.962388536438,211.6886398258761,23.928172730318728,49.067405683004985
433.22172054706186,210.62727301667744,23.336067279781854,50.057773791300754
434.4719861218938,210.5496259651165,23.10852726348469,50.213067894422636
436.26845210607786,211.2264575051401,22.9199223594251,49.99418050247822
439.1992921380373,210.09150212378742,22.699694356317845,50.00751044085894
440.3635628020661,209.35980363782068,22.62040163066824,50.346283111588505
439.3833586815688,210.13347421546692,22.324505262246596,49.92709426100415
439.1244691043357,209.26528264930678,21.725414981667054,49.42973852323284
439.5632639808749,208.68878733199816,20.847825228588558,49.48361431385823
436.5946174110938,205.90049114743758,20.27879225029277,49.638268251431036
433.0631612664273,204.47590309696608,19.806108865417986,50.334417016886135
428.40263688562317,201.29920775624652,19.424240682589065,51.297298284749026
424.0908753212612,200.2153465976114,19.36712601181857,51.29486115214571
423.3648437841352,199.10745033481604,19.73517172089428,51.342618947383926
421.9230592402623,199.37460167978765,20.436108036769912,50.808316257440715
418.8380483325653,202.3140972172178,21.1252547818165,50.41020025292797
414.64329400062303,202.6728735662233,21.795929678355883,49.69264755491697
412.79361495837344,204.68365760148168,22.18278602382604,48.98358122342924
411.55933758328985,207.2290842458267,22.449975240060198,48.295459002605206
410.393448991062,209.69614348410082,22.591038966932672,47.74276744122359
408.4368752823237,208.5426144257574,22.14510761584703,47.870286173629324
406.6074720012835,209.19802045088338,21.468559572420823,47.64331277475396
405.8128563383815,209.45524648120698,20.920423536743506,48.197544394847405
405.9922411903619,208.11072379001345,20.56165383278276,49.819518785658
404.9141439590191,210.7505359852484,20.549531628883177,49.96068606165095
404.43435307371385,211.82793595933552,20.42313426319265,49.97784438607892
405.9160931134678,213.78884157185763,20.71158829913355,49.307967276483396
406.5409608770251,215.06068073790541,20.541288140889613,48.923159682129175
406.73570907736564,212.99707739802002,20.15179174020853,48.7669356749978
408.06877948780476,211.4064744794087,19.609028586023435,49.82476384552727
407.240612904322,211.00134596485634,19.130866368052796,50.635020874631984
406.8635854373536,211.19296011389574,18.814616784492387,51.32209709405041
406.89418601979236,212.29373381667656,18.75341561961484,52.343890193023256
405.0820416056898,211.2663832823518,19.11384287254012,52.22268354481949
405.0097030995767,213.28455192010023,20.35126206752993,51.46457281761346
404.54698258711136,213.44320247508347,21.27670309246057,51.147271707647036
406.14541780954863,215.14549995365846,22.543912403698844,49.97471662855345
408.6070868386033,218.59861276417917,23.227647249389342,48.67556391131187
410.0923978673959,220.66399778626626,23.600416244729686,47.88818492006318
411.6871176087011,219.36655809752472,23.73930433107674,47.15473672858887
413.9141493043952,219.28280208279347,23.689690046331147,47.32224875805139
412.1913947608076,218.0957988259928,23.827076350406834,47.490840082919625
413.6198399677151,216.70452620847675,24.292843915365346,46.95072733917826
413.0365305554931,215.60519164877311,24.3517925578444,46.93405609465561
413.9589553042389,215.44451105129443,23.615383285412413,47.25541728961296
413.5983730308526,215.8026616451824,23.236104330745164,47.63955960327683
413.82285308440674,212.7514569970964,22.787144223636922,48.24453118316036
413.84088659725467,209.2549585917094,22.75107719794113,48.634514276513364
411.7456938406091,201.91334026029082,23.62480123189667,47.8399973691178
412.93279621375655,201.9440450095527,23.468917553870376,47.77858787059405
409.58072986264256,200.49719500214246,23.539692020529067,47.35560876762985
411.0598414774257,200.0974087432762,22.782668268103773,47.054581546791894
412.3464599672013,198.7373360797853,22.37556372270101,46.52552822255086
410.8248559026067,197.51596610150466,22.213979828219006,45.76347615544081
408.42756930950185,198.32081688482077,21.73690692310127,45.20810380707406
407.1903253244237,199.87778738175712,21.097614724832113,44.17001625881832
403.6821430071419,204.60120665391355,21.03240273206195,43.8280619496488
397.9266897468522,206.71309473596338,20.47695019365529,43.62640547187783
395.58933711857435,207.20053518669832,20.187111382836804,42.651524570407936
392.7512426540167,204.7591699687237,20.021414374679622,41.69236906908477
389.9497997847576,208.88054901358905,19.883659715428948,41.103798176379236
387.08150431081003,205.87706613998935,19.945531646521157,40.490258403975304
385.63675047621444,208.21999765391456,20.95924758935382,39.555978828841944
385.0847293715533,205.7848059707003,21.121611104121126,38.77629002794047
385.01956122178547,206.5195628236737,21.25194740365675,38.23975071988405
384.8071850713466,207.37178720062414,20.749420656354502,38.389860062343175
383.68408252034385,206.99667421382495,20.232892967150192,38.219175105538305
387.44941407784125,206.14383623412266,19.978589549096792,38.105761140707486
388.6019891135124,206.93029826544563,19.480458180632503,38.33985578093957
388.90216673747085,207.2979459843073,18.880102932715587,38.50292577383727
390.1107609143982,208.2160816513561,18.243639753030614,38.447379613909476
390.46372655567365,209.74194290624956,17.537708470479703,38.90959249535328
393.72427529862676,209.06065191707498,17.12663032182507,39.399314568380824
395.26394794875694,206.91734997311724,16.6654623444205,40.195015359155164
397.9683838817798,205.70198077999746,16.51297442552256,40.87362576301212
401.99241221301986,205.05242766120585,16.41313172093618,41.289597116384876
404.53936556955614,211.6120822825344,16.643276263662152,40.593074137257695
404.8232123807357,208.67275856930658,16.95699443566243,40.30183900319797
407.7627242514241,207.6598873737832,17.25742480374047,40.56202307725763
411.09218970488763,212.6768731634227,17.733377600518082,40.33851659057252
412.70506741666645,210.5265807684857,18.095739499737018,40.15395472697585
426.9138054325997,201.67672009483306,18.501458873317358,38.93845408945662
431.30197626226686,199.88813279821505,18.62648345643165,38.95508218571317
433.0267166277214,201.81068603672767,18.74723045144023,38.68020343460563
431.95945505909225,199.758338519988,18.209817343604506,38.33167139292836
434.97252923598063,203.74739687575993,18.31712125422438,38.239421878465876
437.23707567024013,203.36570875003406,18.171683296559127,38.12606714774686
440.9276516326592,200.6983468855739,17.77089158967754,38.225520713199856
442.7790936708667,200.61289787031453,17.536008804694653,38.396418743718584
439.4964015706862,201.33919316962212,18.043767473166344,37.80920322108763
439.89456208213306,203.39918690734484,18.113142287222445,37.1519990934413
438.57260387617305,205.4228119303215,18.185132399913318,36.53398411312684
439.07894211828994,206.07786039951475,18.02197597175045,36.073407230811185
439.9262261206376,205.77857401500773,18.007316836567,35.83202556506925
440.71574487932753,201.1628178112875,18.10061193128319,35.86570860598154
442.84759176714886,195.5352508434973,18.028279805115652,35.38502992303165
444.3218794938108,211.1284479185036,17.56963731790211,36.56776433245356
444.974044253757,194.58702636077155,17.104638882467867,36.916695154051254
450.0625668518765,197.74094385644588,16.963244932891172,37.29929432714417
453.27309314193474,198.7609402363545,17.257323686475836,36.9380844007523
456.88207301758365,196.03301176975117,17.592922352440738,36.5189514538657
460.65049448483666,198.7542857781166,17.60729329120364,36.11054601931409
459.7357010574138,200.52109183424864,17.770261078688684,36.74348157545181
468.12440699242956,199.4337521903366,17.900551780715894,36.38200547746707
468.8695191084843,197.9884398969936,18.095059285864586,35.90316658963657
485.17496331497114,191.6878655680555,18.194452508523383,35.923437695346486
487.0357051133628,191.58621588098927,17.8359266167564,36.9674764957331
488.5359935819777,192.07672463655788,17.384740539807776,37.68605289145006
487.80111066434694,191.33262171069316,17.14971189207443,38.32186150168203
489.33638135827925,171.16346651012273,17.509223631400733,37.499534376530924
491.0642515818501,170.1506109619747,17.460920725494688,37.82152670220909
489.789025068655,167.4561179025669,17.444271017696266,38.0763073526475
488.85414110662106,168.3920930726155,17.595809800690553,37.922586153623904
489.59613941150815,168.62534461760015,17.830874492271484,37.45608306365462
491.1178610515732,170.90309142120438,18.21478206229191,36.327940306596595
486.95022155438085,194.30073887813182,18.07989343435512,36.118567315509615
487.3208081241438,191.41797322311055,18.180337989762368,35.992774761019156
490.31443045221346,195.75360497502626,18.08367531265909,35.7366283700963
491.2244941938868,190.8549069442791,17.935724328888952,35.50096543413195
491.39287536363634,191.2954928692264,17.598961989389853,35.44987251695911
491.5833889972786,191.28265866060835,17.217934722105372,35.475540934195195
493.7034555912014,191.38510745305769,17.06415575853515,35.2706433492965
492.0384156110807,188.08288185315894,17.147810655728637,35.38224442299827
491.07230749198277,188.13563273684795,17.45064723028439,35.27674265562022
493.7409465461773,189.100181165136,17.84219099805532,34.98445204937557
492.9718291132094,187.6840300930576,17.738640918089004,35.35407677467913
499.70632797125006,186.6153209464558,18.286491469218767,35.017933608963176
496.9740005805694,186.7404806155066,18.776922856229312,34.76761427086154
501.227017429749,186.0022595025584,19.442331250647758,34.576521570798434
497.98490372071325,186.10258432998108,20.03044013353547,34.37587191595307
505.8429393577539,194.99291470084407,20.451331599881154,34.43080157154109
502.423337127727,189.55831702089853,20.43255677960655,35.01302801093953
495.7282233368477,188.0761996168046,19.973532405156426,35.380528077338305
494.9256765710546,189.59707743615516,19.852156629364764,35.79171105339274
491.70270503885314,188.26385536189355,20.227373254972186,35.85641529957509
490.3135521814029,193.15955914430845,20.381898057666547,36.56013138357031
502.62170297337445,192.09192772733823,20.619250103916954,36.9201332439255
502.89014848354424,190.1513790883333,20.979354424641663,37.21324915767887
503.41082146826665,191.59079962459657,20.84546877262058,37.964249354847226
503.57942022590777,191.15678526739117,21.42454686302323,37.91600246357323
504.1124495989458,194.19041257173294,22.209349848321175,38.326763914698866
504.4994619998458,194.39969872910837,22.38016471886968,38.85303127229651
504.1781485220472,193.8361544174864,23.02279167446677,39.024580854089976
505.38807494873504,195.760658981375,23.509837711607645,39.051436913667935
504.4393617662755,197.26893324845247,24.429676845167684,38.967650073589645
509.7958283614299,193.14586591360822,24.626530817377223,39.27939407962847
506.1428640301706,194.28712289039404,25.93391742639237,38.99639414389133
511.1371229190811,195.7250661618111,26.11878436021837,39.1725230145513
512.6319267793392,192.5788601205183,26.198354175010625,39.3265800265203
514.0942529865556,193.41604314889358,26.35379550062172,39.70560979646581
515.1653969451834,192.53959725225667,26.28146691704523,40.423521922900115
516.4271240163657,194.3166094358478,26.89167339265987,41.04771171302356
517.9019163751369,192.3498469557695,27.134357034860095,41.78896831343742
519.8483717952091,194.10830145770976,27.558468689224757,42.58908180406595
519.7681082058825,191.5677294085693,27.718995867877915,43.2769150478379
518.821222186071,191.30850423937716,28.501453620567343,43.79536538622219
520.4332468286004,195.60850945277414,28.673842091778234,44.25252230948006
509.29211809619636,212.72341495826333,29.26044018071267,44.27901557619699
515.6965988573588,206.40539855047808,30.2760560835726,43.090470966582615
515.9635927055962,199.02821785712598,30.89303242021044,42.88229992282392
513.5067907514702,206.2235504441147,31.174738296974656,42.387328843308964
510.2891552427703,197.60772768822437,31.834566543634004,42.29264604286763
490.1599801249725,195.01428722604726,30.172730612653975,43.986178120007196
488.2753729406893,188.14603656691125,29.29082167578443,44.9320903483304
488.6092639495643,199.229282096613,28.623039658034333,46.012762835791555
463.67674079384733,213.14107470829293,28.291437447602277,46.20591167114762
463.9624563458062,208.68547837260294,27.720006343684517,46.96437530448588
464.26174640145393,210.11043263379037,27.121426232389016,47.613455904862604
462.9689784511407,213.69472382596584,27.375333927936374,47.43975813574896
466.2855276854219,210.00133826921243,26.579984599889414,47.82123028063718
467.5777936712018,212.34476177721916,26.314799941638956,47.773077891242366
468.32668319489875,211.6032633801871,25.971460009868697,48.10163556968289
467.2091669712956,214.40749721965062,25.899658508660607,48.260252761791634
465.54664590653425,211.44416343082582,25.76112738905001,48.41429825755238
468.23333757437416,207.63311625008905,25.00541588053316,49.109884878281456
469.61922086640755,207.59618538399263,24.536918600879464,49.18374661047423
470.2544949089899,212.301960000505,24.410990263505884,48.929155359778804
468.3603682923222,214.0421485111209,24.783102814628652,48.86491902075963
468.5776505933734,206.1110179636857,24.348538212526364,48.70830183115384
468.1727476848343,208.04636902058152,24.02394429490664,48.24079892145594
468.20181605051886,215.17506498734843,23.965807563537545,48.5686082789799
467.14387714505614,202.96206384911548,23.830230770722704,48.22860991430313
468.1574881607376,202.26039137718942,24.039818309023232,48.51355007332352
468.1085977229138,206.14305990636734,24.13759918467072,47.5054401597479
468.6941760183545,209.1877403206629,24.079574584204465,46.98173928323179
468.7455693738208,200.92197854904242,23.976787873271885,46.94650446414545
