93.5,113.5,34,109
93.94341881007577,108.24887989806743,34.28631940252833,107.63645509046574
95.29787857152165,103.53365155786835,33.73648964764248,106.27146293083439
101.69100903263032,104.46505945146527,33.72777683867794,104.40864714364058
103.86767382175734,103.90846937956466,33.58040718080626,103.41884732725057
100.59119123129318,102.41046591256259,33.87474336536708,102.24243493034307
104.40091746576985,99.5614775112528,34.55481149664327,101.71577128279046
106.48572478179697,104.45233126578455,34.544826838689005,102.33313870897688
101.51812953250804,107.92009592645003,34.037883806184226,101.6628895062955
103.61220774845424,112.62966376162719,33.988963714360615,100.52222651607875
107.74719223759973,113.27370324673166,33.92892348159579,99.2341475458698
115.79251100196903,118.65501252680299,34.102560321162024,98.63670046591764
121.71756239750125,117.28449867310269,34.41854023954951,97.32236727016759
124.79372618003234,98.07586547407487,34.31021596105482,97.4609461866291
129.72364904017425,91.00169822231702,34.523768028782136,97.50652378692925
133.88829084072054,89.25925350919555,34.271315827492856,96.9529975132705
129.78453387221003,87.35628520224608,34.451948989127445,96.7454937394762
117.9815807653622,81.53081411866833,33.973449679915525,96.35423314517789
121.25811413226162,83.7481792792014,33.39866798137773,95.90502618095253
117.6630811027288,89.86271093096403,32.68512122584565,95.5313820993238
111.2618009299327,101.88921358298836,31.784623823751726,94.96933293416559
104.63570159748654,105.69203637830934,31.504910548525373,95.09620845216287
93.72591058975762,108.53673826257901,32.09650543627919,93.26643870684245
96.44589657437129,114.32021715941173,32.40022394781905,93.18686187471143
94.46226231374766,109.18468540389188,32.52957573616429,91.94417518704506
94.48871391556293,102.5429178147939,32.47667253253378,89.99914222638745
94.35761720152868,99.64085909455855,32.738865960602254,88.30399043368789
94.17855367361084,97.17115130911809,33.09699301643795,87.67751783324283
94.0514872406973,90.19334461243717,33.35112588226502,86.81097606978275
96.80893616266579,93.34432119239594,33.370938100767404,86.04373297230455
101.3677733031645,104.26053009011305,33.424466947769275,86.2222026840686
103.27236467320648,108.62483184722356,33.29081205353899,86.68241878448178
109.2093800799733,116.23046091946237,32.468632241347144,86.20696197512652
117.46417357170802,119.53077454768083,32.342429548030836,85.06746281540732
116.99497996401155,117.70479799217196,31.479053341938325,85.11588908345418
113.56587603231857,108.45690943868868,31.189624566001307,83.95566543228256
117.10213552010454,100.54994099888162,31.17738886323943,83.88396494807405
111.94586490401014,90.67758116755745,30.906991677570737,84.22663084465032
106.74488209853999,83.32933926695495,30.72585617712265,84.81231316400415
103.36097727154355,83.5647595187973,30.417843464197976,84.34147266031944
101.74560249138665,82.00053399334958,30.13529773548369,83.95662842218684
100.11997886357939,87.17810252238704,29.89448745657276,84.07766396768828
96.83854816637138,101.74436361608937,29.483777059073468,84.5828218959237
88.89283412026016,118.68694698750063,29.68689921321416,83.81741213349599
83.60537094489823,128.89096051001766,29.84637205463675,82.50438318884761
83.43508730410477,130.27166753464834,30.186939336223674,81.46300282620392
84.20496600910839,120.03913951429556,30.358464861160694,81.39266364757852
85.23873013716653,109.04390755250355,30.004304509762925,81.10934480982168
87.93374822743452,101.51058172420778,29.723037661462918,80.84968846970527
91.33805101911516,96.82826657720548,29.69094574389268,80.04954826502332
92.34555952021738,93.62855575307101,29.358020417125623,79.72060321154268
95.71186566228005,90.8850621365798,29.310902476619322,78.52209610090605
99.50438836412982,89.49081519702298,29.992643742690845,78.00387531211129
101.16568619844142,98.01025627709755,29.98641727954681,77.54683917935799
104.5267882958944,109.81284218820068,29.87025317208284,77.06280766319877
109.50095173000014,119.59465012804021,29.776774987614754,77.20888915100645
111.17132632418468,118.76978371035224,29.721818658329703,77.21572555684035
114.8433813370422,118.24903293771182,30.587751404149834,76.61521854781418
120.57572959162422,111.13311923420085,30.665184545076336,76.0071649761483
118.9571616967778,102.87460001441805,30.619315951521926,76.10918149947761
112.5350078205334,97.88323615636651,30.326395592729128,76.23898813211946
104.74607887445684,89.54949678671485,29.516317800821014,76.51853118736156
105.8205788484036,85.84269732121828,28.99562830381093,77.41888831482109
103.4868648643675,84.1598485424787,28.767454069976893,77.52085107102947
97.01789474937793,88.79868833878098,28.671667114425155,78.01846686757305
92.30321099113807,96.6947466547322,28.29335722737403,78.57247924155536
82.76564995479332,106.81495689362082,27.740110071490484,77.96042799235116
80.74185908235452,113.91437796479505,26.936920970622893,78.31389838723818
79.7146417366003,115.62769611029694,27.383988676948267,78.10199606660059
76.5203874760567,110.5455838507184,27.32257905952467,76.97886384336373
74.8397034083672,107.38375365867924,27.493292738080285,76.92121531379532
79.38543891394157,103.46263206933384,27.987418962267785,76.77546079637261
88.29520510268007,101.23881623364917,27.816950188429796,76.4097114849313
92.39959811823756,92.42441686513423,27.588891023209158,76.48091111699361
94.74297684309767,90.52666397681392,27.681245926676823,75.49730454044635
99.7585517740218,88.41849317945027,27.133914430257043,74.97173695245942
104.52177791474669,91.09528962924995,26.98678915656526,74.30780755673908
110.81738591271802,99.0393532542482,26.804079062017365,73.93031268348604
123.96971297391589,113.67586467408708,26.71951901212545,73.96210086601842
131.7290904474463,118.19630844043229,26.61359282480646,74.16891058917308
144.36191032760652,115.60779394693873,26.02509529780461,74.71897540741297
153.7406832083705,106.58229405591896,25.74147109980828,74.29605362592088
162.342702634826,100.49971112649686,25.348722936794843,74.23482625574871
160.2568129288197,103.90965401065272,24.9596923168492,73.49602053004796
149.99947910543324,100.891765670538,24.437333441516707,73.52121820396155
143.5747083369133,97.06631095379319,23.84577332509206,73.704848941082
137.61258911209597,88.75922417690468,23.888259338450933,73.98161289497983
130.28976635345975,87.03357791410998,23.634589245992537,74.45304229862305
120.46153085654,96.2446382314701,23.895591705380617,75.42639019835423
114.74275033227153,108.54782228028171,23.248510901749377,76.4998860365884
109.42461598127917,123.04068291234283,23.287864298887158,76.27722059990774
110.98663768474219,129.43380734937995,23.1866616966436,75.58233494456333
115.57857056422681,139.3131042567937,23.001022834120196,75.31989940536846
116.31149749052098,139.8839358274639,23.027720811451285,74.17823626402811
117.01596613527138,129.8473056114573,23.09565204166143,73.5753374200874
114.78815287412402,121.22505716350466,23.14255885762119,73.18495549065283
114.88995262392191,118.11687201371177,22.93895935802541,73.54172737890467
114.28363440275334,114.2163756914542,22.68539039392994,74.0116929912566
114.9282760114209,110.64159574251624,22.864287344033606,73.82035205193846
120.14358495724653,105.83446088006573,22.71510416495534,73.15318706426648
121.51139726745137,107.27982656086851,22.892606447118865,73.17558260523413
122.18622157568001,110.56026798681162,23.003115661279253,72.45533107581866
131.68116559288077,122.36041887781697,22.888923261237885,72.08665468994357
135.26625141649274,126.46970632254838,22.94195677988737,71.09128496635417
136.61251725102073,131.3775733084612,23.112391440783718,71.29593314936167
138.74802424951318,121.28987437308069,23.15394258612591,71.34602702259618
145.75251566165085,104.37374421725737,23.534925511559564,70.64236953494137
151.61819612658672,93.33373346442751,23.291356290933273,69.74680762211008
150.22437402504488,92.53005756311154,23.24145644565591,68.51661537638097
146.08405537863254,87.34095426365502,23.120035370206473,67.6920774842619
143.3700876004773,82.25707517528107,23.00245486466657,66.76880353730891
140.61506068371372,85.97080580574837,23.02821092703895,66.1967144903177
133.12411562823104,99.28750256001234,23.012880188287447,65.46761154039159
117.53401032199606,104.51596629206216,23.080998727420905,64.47958166382917
111.60494387005328,105.35057097920932,22.88072539516056,65.49001811978945
108.27532457634399,105.84897886334007,22.786876289122908,64.49320235152797
94.88577317081672,103.79701328572523,22.872331338254767,63.25840395437308
87.70947641916666,97.6632768893086,22.72048234562343,62.34001993272318
89.08769201748763,86.98612282648807,22.569455683327497,62.85109178359615
94.32666460374782,79.68774055546692,22.549734383418457,63.06779850079789
98.34720401440173,77.53822233785907,22.368763090731623,63.4367811717031
107.47112835496958,84.35393708576893,22.488989241378764,64.2374104722842
113.9908277484016,93.33440724821676,22.705781376774187,64.83513743855177
118.79626380160673,111.30525587898501,22.461545288709246,65.02189339063307
122.88787091716611,126.12419840866579,22.296201612996455,64.78286703442673
126.8306914481825,129.60749554498454,22.38991049477481,64.46573104829852
128.17838373969943,122.94453951214483,22.348675948509452,64.52089293013543
136.12651194243728,117.19143981962779,22.37775618414608,64.08308983433535
138.2918720156878,111.72561944702738,22.01121933820058,64.44357511138786
133.8560809393692,106.53792602745528,21.643779439129254,65.57993989882357
127.33589925497004,104.37362434823892,21.390919198118723,67.24989853529453
115.99275533630691,109.69600629980039,21.154303160620415,67.39238351444197
108.52129788532662,116.38782647393506,21.290474404442108,67.46941921902616
87.01393834218561,126.47827959251447,21.115719238044036,67.53357903781115
77.05136833867974,139.38333451576304,20.830484359409027,67.32327737979985
73.69609524251673,130.08186372582486,20.845481854224033,67.17868260664537
68.89839272090066,119.368815967181,21.079525960584178,67.20738169679699
71.43213060203178,115.73253887862242,21.380307508746245,66.42754990827768
80.86932498138984,107.96123476761994,21.217401060724455,67.26827917187997
89.64020815925184,101.22312773408792,21.166750506034845,67.28978877660987
99.15672106761406,102.23836040230108,20.961510503907583,66.60416528408335
109.32966438036907,106.51532572987173,20.585595031438665,66.03822309015852
112.66703527833782,117.2706758854695,20.492701748221172,65.5894380196671
122.4872199452832,129.69464871781696,20.476703956266284,64.29073820529524
134.67923367892183,148.28722787476534,20.594519750784972,64.50313013308705
131.4534835856151,142.17123164660057,20.57224835390132,65.08233373912178
135.45603454707205,119.9398390612949,20.382536661716564,65.25790760226764
138.78044194816695,109.12301882226457,20.241507019029704,64.76507853801829
133.77894893497353,103.47388688955668,19.90876737072392,64.43565101940479
131.85869576872102,105.57529419515811,19.9058221366964,64.0762879747345
126.92053289729294,104.9160591508874,19.57412873169231,64.11875566979336
122.47964567488444,112.9131085177441,19.562604748121423,63.3703113847449
114.2516010693713,121.89397931630714,19.643185554403264,63.04373268503595
100.27815493394928,129.80196565077682,19.946774902008666,62.30592524695399
100.94905283672591,134.44024078471466,19.85661895599057,61.79085399582459
102.84361505283255,131.97014984313802,19.79549659987981,61.76036644417454
106.55021021829371,129.08554042242798,19.82896847238702,61.324033449403274
113.32143409005253,122.07191438774232,19.877330149717956,61.760476097926045
121.26042824115102,115.83332601439837,20.153358653478993,61.81148607080011
128.06220073504215,109.77633111828933,20.282338143094705,61.44136270174726
129.97293093965703,107.7701642714262,20.19741879814878,61.71715533118973
129.9817476763281,107.85973796324978,20.179785324806634,61.53800794754254
129.4337619877095,116.57161523573096,20.03074835706182,61.544370232328255
126.94098018565566,124.7127759171978,20.046854090476696,61.41278694914611
131.99264146530444,130.52605727792326,19.86984986604448,60.95333235441868
132.03241229485272,128.8841980172509,19.79030820694796,60.544017858609024
133.8800059273234,122.64431246138172,19.766320796662544,59.56272283660874
139.38284219792808,115.75868396504418,19.64468988043622,58.82192432930645
136.9324777781069,110.558998810811,19.75913803041973,58.45216308604033
131.5577293246797,108.09415300937559,19.768058062942245,58.60826496698592
128.49797427529097,102.8172200946259,19.90865031855914,58.40007867879622
123.06115960764132,103.65617849455744,20.023819467358077,57.9175463440998
119.44114972256675,106.70823510924502,20.120211654143837,57.766456100860786
110.01963762006093,118.62064365212169,19.91997860541948,57.74571058227746
102.35499766700947,135.32433721841986,19.827839084169977,57.553688370132555
96.61649386518843,138.27429216496773,19.486380932642934,57.56301135462131
94.29248353117501,128.3957958479929,19.431394369692498,57.332223256917544
92.10200068772004,120.82099661140118,19.12651862359325,57.252837072821166
93.35076504166244,118.58533284086135,18.958506941784847,57.06513056174804
96.99810916944331,111.98908867956612,18.61789568968768,57.50847771132011
94.81226377991514,110.9483846017803,18.3533037814285,57.27174452323396
96.55951071281565,113.85848569658351,18.31134378157909,57.20576544354687
100.58612516320964,120.92229747096181,18.302066147160634,56.86777263713806
106.80646267074908,125.68035689817997,18.447209866801643,56.504976498861616
108.50175803664226,126.92502370784969,18.48164715390231,56.298994892113534
112.05991242211198,122.21852101807207,18.20161369184916,56.59696652648711
116.40999361011957,107.15725422305051,18.609229949266773,57.11921955787366
117.58579990091205,100.78007126777837,18.56437733269899,57.18640566082341
113.04017783697611,99.19419880766392,18.427530109530025,56.89761632441202
105.6046663197181,99.89009759919865,18.38892149582794,56.65271348351317
103.3897656957694,100.70487958340522,18.24789951722552,56.16585532172501
95.45924052780178,103.79133922463909,18.24417816528024,55.65892592778604
82.47135493862866,114.9223299301722,18.32369719058214,55.915424649801864
62.08683825325492,123.79790670613029,18.37568156811194,56.26073731709354
54.64460356781966,134.85772014522922,18.480557629040938,55.74205450727173
53.55025761123805,134.16416196780122,18.406373833016964,54.86629515294055
51.973773423128065,121.75350806854661,18.206491513900065,55.100031185645946
56.295668596414984,119.88662781376057,18.500982376513498,55.48193624177278
64.81907685145481,113.21172770280407,18.375821528559257,56.422522311460504
72.9611947972121,107.80086198016059,18.040301098775835,56.99150810277746
78.5276390369212,108.78888130345669,18.318459778983932,57.297678888110525
83.17014721266642,113.86015629844351,18.238018370410746,57.51027570891875
92.38371376848252,116.15895823517283,18.244627040365415,57.521107280856825
101.58110007859854,117.1866433362029,18.288003321499982,57.770505691467534
112.55206119031683,117.86310648632765,18.323811252050476,57.574302030901585
121.18641112064606,108.55525350057042,18.374073036073113,57.71644891475627
131.62558263675908,94.1748179746271,18.33145916572004,57.538807241819356
134.93699463693625,92.0448057815767,18.63404143549508,57.18189411450059
132.5721925708186,86.0052818059151,18.744740962027347,56.55895440014048
134.29600281404572,83.29678354292665,18.740812442172096,56.236464315118994
132.61461683022875,84.18312775452182,18.6738743061362,55.607012593151914
125.94567616590633,91.12394215558697,18.415123921453723,55.32201550434897
115.33443147363502,101.89808254411199,18.276608025778845,55.13474000751647
108.81570774251048,107.65845324975348,17.8852984037227,54.804629499821154
109.53979319202318,114.77285660906661,17.54432347228935,54.96937035989104
107.94564912434271,104.12154529681155,17.422800381459048,55.30985521852318
107.92392154057073,96.93359566317737,17.466255549002994,55.30952022080834
110.73768770216648,91.31576604958494,17.37202518038131,55.478575538853576
114.01810931911784,92.15776465130241,17.45510787154848,54.901899322930255
113.4728675575134,92.17490258727534,17.444921045958317,54.867623450984425
114.00558727407699,95.74149659053639,17.479477884678285,55.434409347392375
116.82267798898076,101.30652685688042,17.388676658456575,55.391109221875936
120.8508145650758,105.38605865414236,17.077116636286952,56.083146347375454
126.96806453376456,111.44152855519486,17.057434323293432,56.18702416965444
131.39944877064733,109.75870367419192,17.087020883186874,56.218040794038224
142.49964548258083,98.26474347715042,17.13725937483374,55.84279767683168
152.15565174886123,87.67663404263479,16.66374068484823,57.07237600666559
151.04990038595133,81.86301818279541,16.64173047671381,57.532043056573144
149.95288224093872,75.37105669937526,16.590085490043492,58.16471900158798
143.75881658025702,75.89473352950861,16.5393018064885,58.24817579631386
139.770806867612,78.35399468918546,16.598043167919517,58.9848520940023
131.20525054970997,95.63277430834889,16.591179556790475,58.70324534954167
117.51738951606073,104.69971534190731,16.644566714003297,58.784253222481944
115.20078710845492,111.34120333108763,16.715485067001758,58.04756501520747
108.87289271317593,104.88588944942178,16.92480999274933,57.38023219874597
104.40332262729486,96.43132100261649,16.85622680374187,56.27392237081737
104.43430020340143,95.3402830207345,16.794271651528707,55.12886671966896
110.0119397213986,89.8495616022151,16.555857610040533,55.19344456220162
117.61278704047142,88.27372942594573,16.58870746734298,53.992381916040934
122.44994650581549,92.74944458754439,16.560446038099492,54.68700909428826
131.63687339382213,107.89641295150125,16.56527131111296,53.58273909129936
139.71320179648947,118.99487837648532,16.395805812820676,52.69672998405449
146.48843386952802,125.07916684779167,16.493474077647846,52.07657277374539
150.2145232943281,128.4124233793229,16.34132393919399,51.667227177379786
156.47675753086673,114.28994596655156,16.227846774495262,51.987451559070735
160.20234262527384,104.48151249084589,16.033569423593697,51.907037950433434
157.139632258331,96.74872062511895,15.96716558404148,51.893060248292684
153.5459973429968,96.05512412125394,15.940619957014055,51.219163125252464
151.05216857513875,99.26359449014483,15.82576184322037,50.92524116688245
144.9754800602519,106.04639373851569,15.808556831281107,50.54443988199647
136.50854173189845,113.42645170105219,15.597964423648792,50.91179666075223
121.84365146230061,121.14199939196789,15.643145140724009,50.6279080834659
117.29258954847755,118.13842840428565,15.685627565321521,50.59528912346465
111.19929277172616,112.88527390269195,15.788827389105736,50.02515387441004
102.72498029909582,101.57210401963758,15.724390641574537,49.63382193850619
101.84520763035248,96.41946397175278,15.4958797411428,49.998820844683664
105.40689773489694,90.593270893198,15.337424737276066,50.706324536444086
110.3776526920534,88.47205009407332,15.416709186168138,50.94044838941144
116.368175106376,95.89823605724959,15.518022964748472,50.18416150482203
120.91244354534324,100.7331780271874,15.411714903219794,50.494531805397315
126.88241755177327,114.17161063734554,15.477244979940565,49.62953577917285
133.37122754480112,113.18077705980537,15.361953372660327,49.63238318367234
141.27966650554237,108.04564160576074,15.34221100399044,49.04212339920289
147.58385090359766,93.3985973031098,15.455486019969857,48.978572438143246
148.57142673340923,84.60244121432046,15.43988529100513,48.93492623979661
145.1909821538787,81.15930858757554,15.348693764279961,48.96911080750026
141.81804079136663,83.03348505339306,15.250871784232434,49.131446278763306
136.48644134147378,88.8654873604201,15.154220181362966,49.20546039487854
128.13147018375128,98.8119996889593,15.247834249256067,48.86105720550826
121.29355808507648,106.65746822432791,15.283757500438966,48.75857835896148
111.22068045355488,108.42194807150636,14.986260254107108,49.12357152353315
110.74343246816552,110.80137831647755,14.967592665976476,48.2573652692281
102.4460054091308,104.37501229833377,15.233179760993846,47.66246563947279
94.71572789064324,99.5006208296945,15.381702800093793,46.884226578212136
93.40089703574198,94.33909796369159,15.165346491522708,47.720545582305945
97.702799853034,91.03231082291833,15.170741932027177,47.63807458322808
103.0696355575578,89.71474216971974,14.947643179054696,47.40669207433202
105.42818541487492,92.40817175407744,14.971110101936977,47.708512870636426
114.57233762490304,103.45823960485984,14.786529749675314,47.52341156692824
120.76462352296211,107.71120588997908,14.710310441014453,47.538646103390946
124.58311005027522,104.90143220170978,14.638172641314716,47.48456703873465
133.0456416440046,101.93581800405997,14.696193858343904,47.75476729920499
136.8439371473203,96.71917545186678,14.686852349621182,47.755584343966945
144.4228521984121,84.98277355826275,14.700942528847456,47.52226269147204
146.76142451660976,80.7769906704404,14.749793363492786,47.42703661924346
143.86830767375352,78.41743259414831,14.867517158177753,47.42239452930465
140.94494878060624,85.12978664126503,15.033083501368054,46.3068478951304
137.13595512813498,93.33938270521728,15.178521064251328,45.76682396910177
132.73898109610604,101.36031430090341,15.610956263127635,45.51892952307249
121.96423516841577,114.11327060415361,15.691632036384016,45.21554014341351
107.06344395909579,130.68452418415055,15.714978680993449,45.573548229203936
101.8411117862616,127.27314054112583,15.86253280730791,45.843609012028125
94.64286395732854,118.20720660801186,16.119439042913022,46.06533027672548
91.26110007329267,114.49406167038136,16.229631953147635,45.887808885886926
93.197014533068,112.6774288531974,16.157577981700705,45.7212995721511
97.06630165656485,108.23684883926624,15.989066144336944,46.086139389179756
102.37244614930879,104.27768041627579,15.809198415627677,46.417260775685286
110.89195595346683,105.9541879336856,15.867390285090348,46.863626069260924
119.09878221172178,107.31750767994153,15.727267308265752,47.966052350792694
125.84749976117398,106.46396543075211,15.815307800772837,47.73235462182706
127.30943843810385,107.6463954066308,15.797472622410798,47.304856120401425
132.03211812096382,104.33651435225485,15.974824278093077,47.18872051417178
137.4253374441089,91.40722607807069,15.790832996031064,47.02310807761653
140.19399275230512,78.60782984803225,16.002356061002587,46.75214897155547
136.92775184801823,71.18861226154938,15.82785344676881,46.260334035246814
