111.5,98.5,25,101
111.4515042550045,98.83121137780424,25.988853841824863,101.22943959622539
111.39408797720233,102.92677843217301,26.103686397429172,100.69365221753148
111.33696388411802,103.7968802118952,26.217934583597803,100.86192876495944
108.29603522619229,102.92338383722974,26.560779628765815,102.60892151429036
108.01653649369773,105.11689869494934,27.11977709375492,104.0539990707712
104.61430360795788,106.8462765823791,27.99951678292644,104.54506068411715
103.83664181105846,108.06323404066822,29.554840376725288,104.10954924359932
100.3565002571562,108.379897824405,30.45082030096829,103.47622167612573
97.21236849759664,111.89541872171588,30.65150757824514,102.53275612334625
95.37994434702206,116.00824549987149,30.277199816897983,102.38541469202765
91.60110897388414,114.10519431904278,29.792704885090128,102.17043421464322
89.86056196284815,114.42160283559349,29.276821171703794,103.53610604927097
87.89193182809784,111.07998982559215,29.197788343797612,104.1948924231635
87.0832902698363,108.8411176108193,28.799110234075016,104.64071440021783
89.00272709245651,106.03283401469092,28.989788232111774,104.21295412755885
88.08522588659744,105.94892078619264,28.81246952876211,104.3807805845554
88.97476542675291,107.85806329704624,29.04475375698825,104.58522217992238
90.04294068876587,109.70598969883805,28.927002340972436,104.92656759235896
91.8894323311677,106.88160502081772,29.27642490278453,104.51172817847606
92.79738274883917,106.99294157014151,29.482425489204637,104.28905507982849
94.62293845621784,106.78559950471507,29.87654180292456,104.70373921068135
96.13630356085045,104.12645457456978,30.921471111496132,105.95036955313515
94.45443156120781,103.85476299601791,32.21229514683997,106.49375271023888
97.97762735285943,102.021069736518,33.58423830148885,105.95197186026263
97.3048312371298,105.31208638776876,34.929830532948095,105.73669719110515
98.33376183884269,106.71727769673865,35.01588142834333,105.0702266719864
99.78503866662206,107.21178879473804,34.24933301868633,104.08120447598762
103.36749365617256,104.2185016003595,33.408114361744914,103.74408754258515
101.7343225208191,100.99235238585713,32.49912639886595,103.93339062121109
104.247118162681,97.76205903613949,31.620756790877415,104.17314480704349
102.29596789016182,97.40061813219505,31.401520818799323,104.89602661493237
101.078767571626,96.20838174255485,31.768986422304827,105.21356436064661
102.22010256415709,94.65129358605179,31.564560992328587,104.1712515634809
102.12726835756516,96.93545683848126,31.750229405512428,101.6626253794657
104.14183023071513,97.66834564640956,31.776283892134032,102.22443688006985
102.36308335621777,101.21338648432432,31.261706042380695,103.27849840173641
104.50907353306022,98.06497232747606,31.05262412735675,103.4509790574415
101.54926010817645,96.95679812254579,30.852209542846442,103.62731365587608
102.09901470046833,96.0344765657569,31.791488966888018,105.47195676945388
99.45666338105312,95.2341718211504,32.91155320793091,107.07256625866688
96.55574727104857,91.88910665923711,34.4619314213119,107.38551557255136
95.87983711401493,93.60364919498652,35.813751735379185,108.27394637614779
92.91350517009448,93.7857690050984,37.354025132489475,107.90970675592402
90.7150712257252,93.18551599985295,37.31262658710861,106.8910795493552
87.8259300995798,93.43363998030068,36.4793651690257,106.39483158845974
84.92833261060778,93.80823700386313,35.72976205857657,105.64563754133484
82.29607719648482,90.70351498560191,34.52253095073555,105.38333964177036
78.73540492228878,89.1685306898554,33.11818990670183,106.32188683515693
78.07507104296229,88.04480551694502,32.31995199901773,108.5693371809777
78.5434951541687,90.0195930423368,31.383103776604948,108.89166635686581
79.68953670699776,92.88794065514892,31.21409344069859,107.40111667074514
79.75600596158185,93.47738501015755,31.081154931530417,104.12335971794307
80.82941301495973,101.39095738994048,30.984397636460365,104.69666945186262
80.9848881860253,103.08669808129291,30.673447294329204,105.41792477647178
82.96811316923447,99.95341118802422,30.828552602250966,105.50216565149904
87.21652478302391,99.44087404566466,30.59115441670307,106.52723993621817
91.5033153679212,96.73800756041601,30.317220754266728,107.78314915303635
94.50268904111715,92.77318741918785,30.58102869341026,109.45023414995723
98.17224718779434,89.53513045289066,31.705782239855765,109.57844570270169
98.67839332662513,92.28344340173985,32.832278764932354,108.35939741047963
100.47752574237558,93.9607366038619,33.51898391073178,107.14729599488567
99.43327885963706,94.72323375424298,33.4694702496395,105.62230169412351
102.70420688747706,93.75683729951012,33.273995062575636,105.43963431405054
105.708898307966,91.73670124924001,33.592411724055346,105.26137341295235
108.89076655908151,89.576757022078,33.566477739770725,105.35606018864547
110.4251350799325,85.84017242736915,32.61120840289255,106.48882626359173
109.95117412032467,84.26402244642044,31.447229225482115,109.64112622548916
110.58930455131028,88.62929044437665,30.170968363510884,109.4499977737319
108.4887027621011,90.4272540712862,30.155612107974342,107.96235043689025
105.45145826217293,92.68388208239655,29.969037590862044,105.5361155869924
107.4893635152171,93.6858057572274,29.991838058019546,105.58157372395362
178.077130896959,97.73586752169709,32.342414318020374,109.78368828274147
180.44119098473863,86.17314096845305,34.07492040375575,113.52726260534557
181.5753088882871,84.47393241985804,36.28402867165155,116.9256797025356
182.30427421203774,82.13889282906256,37.15379589700217,119.26806101127468
178.56558474727905,84.22287813276198,37.500272401156074,119.85402535411819
175.1382001337521,82.37865125287269,37.18002765317932,121.15080778888654
109.91723552148096,89.29483490461874,35.3944767581108,121.74325649844288
105.64385292434315,95.03315934006477,34.42375097009803,119.78409860983919
103.70515724747705,94.70285619356952,33.63393336221572,118.11110042202243
100.07013054191216,94.42461004101247,34.01825808217323,116.37234983007913
98.84381387526739,92.77911950523377,34.19303864017817,115.10762535106736
98.69343796273964,88.6853235188768,34.49379046523366,114.24232706828195
100.52168602917948,87.68217031116112,35.35041479604467,113.99207325186796
101.58173715230241,85.64151270457576,35.499179882755975,113.53565379912433
105.04959315908195,83.26822881756712,35.35889636753301,111.48679307480546
107.48294664203105,83.40335559646229,34.95916980371934,108.9830493159729
112.28291628858129,86.42866510692792,34.12158665949758,107.31360836948103
113.74666496480498,91.38078091484084,33.34556358310256,108.16674813391694
117.12233710754344,91.00338696050392,33.041988002127766,108.92153604259079
122.51023635290245,88.92693708179982,33.037836063212836,108.76577717927773
125.05189887072518,91.72632276315564,32.25860498994303,109.62314676012952
126.05985131447181,93.16988828509199,32.392413889317986,111.0354432899933
125.39193274889365,91.4557661911431,33.728251020474325,112.29152245805753
126.50878995959835,91.32631167551256,35.924044107165045,112.55043148931861
122.95980229623824,92.48015977591129,38.5040336255311,112.50172819269822
122.7282027631058,92.5806922961289,38.967232691795985,112.30066315226301
121.75532688160499,94.30682049129003,38.60185535783022,111.15953585890813
118.70192621406875,94.54811672741334,37.84405236377283,110.67694338666149
120.58214584008768,92.02457541047197,36.351128887790054,111.18899446843406
119.12751729479021,88.24298418063668,34.765387804072816,112.0096796666363
119.62526684196035,86.39456727033783,33.76988870973254,113.47655384330226
118.71329684611001,82.31029713579494,33.36153611425607,114.94821635085664
120.06108534535065,82.2196646180797,32.911458666419165,115.1294813862871
118.97369523062044,80.88282697979788,32.846573748331615,113.32382636775483
121.1272710462963,80.48557462453971,32.96533500469373,109.69241819055735
118.08659544620042,84.3523138732701,32.555225004798054,110.61422129321312
117.3790900457904,80.63688189083517,31.800994419572405,111.53736109994608
117.69109938376384,78.37220160297991,31.176975743625547,111.73027169522
114.36003354002473,74.70980553972727,31.361276524313016,112.57723291493451
110.79045508624924,71.88551242956832,31.976421412321685,113.87647778889087
105.30124471210252,65.83300931718199,34.136807692896284,114.95894092901496
100.76985452170409,64.70697428689269,36.41936292613428,114.95093594040726
96.58893015438545,70.91307615676482,37.87465415727192,114.04966137316242
94.09840147932412,78.17887672410812,38.22350469905373,113.41468066349827
93.50582837963584,80.53630102139844,37.09520605619067,113.32672175339687
91.75389731217568,81.82126355432766,36.01599107897179,113.04833524360805
90.12407915383622,86.15922616910962,34.74012019261156,113.44342442012243
90.7527408127132,85.89734773712634,33.482796874857584,113.96718128408898
93.12585339782794,84.19947343243992,33.20435923893261,115.12903612630961
96.60877195378198,84.84213327067702,32.97389365414506,116.08884029220891
97.71082708990471,86.8231048308503,33.02415548516608,116.63564137839533
101.26300291616803,86.08978993280897,32.70888618085387,115.83924372507319
106.10760874892763,86.8849496936178,32.0032622400953,114.24892420345552
109.76278031253852,90.22514496843547,31.323710633817264,114.19932517476394
114.25297722823112,93.5372014862883,31.130630792808844,114.16569763184089
115.45201227185707,94.17019621215385,30.925290590721687,115.09243806527451
117.32714416226082,92.51136334560378,31.57886462387864,116.20818489139239
118.62142652643205,90.89651932009393,33.45013368953474,117.20795604541283
118.54596605288984,92.99807513612436,35.88011728493189,117.56296970997744
118.5183849186366,94.45263333745446,38.26453845833812,116.98311221221698
116.2740964303504,97.90226133427993,40.388146995202035,117.17876153769156
119.90395074777506,100.60888549947614,40.348153918402794,116.57865691266586
120.35812293572982,104.53489264279416,39.43980954249328,115.9184991964556
121.42994308303321,107.77598628464489,37.29616924788648,116.5502680801153
124.55531121409808,111.06835166361329,35.72749232867268,116.98862633655236
126.42220833447831,108.24230139312542,34.31199713903743,118.00412877527766
124.41098794909631,109.80099051426065,33.7216774919718,119.49951095083682
124.37966344435944,107.9987652764289,33.78432650144555,120.78748683400195
124.48564837565047,111.60461605083466,33.57235663886347,120.58322616373816
124.55480866478082,111.51559724048927,33.43403606060278,118.432299718525
125.84367881761163,114.81317484307547,33.152335402315174,118.7252634554747
126.03573672106975,115.930227632542,32.76821959539894,118.78605856476412
127.25142456734103,113.89157192304592,32.62540363098591,118.28625052749716
127.32949695386529,113.59316394091655,32.469258857937405,118.88306649175587
126.00749742825269,110.4899770886104,32.82894148639422,120.52080735083138
125.06913181736795,106.78450000472724,34.70567270816373,120.98934195933063
126.01345040732959,105.69939841208932,37.52880020204615,120.80366280770363
123.30819274513817,104.59331101094124,40.53365264950248,120.61017473307331
123.5568526801867,104.90921440952293,42.49445222976862,119.97836793590992
126.47878590010271,101.65426602454288,41.620229194151484,119.03379959954768
128.76864548599832,99.221062216528,39.49596608830093,118.98929508369612
126.20094441977184,95.81614064962972,37.383166269342375,118.55093626608118
128.27333958354868,92.13449188062765,35.60940369601535,118.80115054140536
125.33200816752218,90.60503206208381,34.4667564811468,119.51830016285254
125.55178218212563,87.6799362405895,34.02720845193987,120.70718552933928
124.52198172415041,82.96196555294227,33.74758370405203,120.7862242492805
124.61366235800598,84.47486897869467,33.564222436340884,120.0955253210252
123.5087240963957,86.98945691183607,33.45216391496519,117.38828449933868
125.8408319879531,91.19704670825487,33.351239954434064,118.0996885516684
130.56085091144527,92.30973437170374,33.07039777846804,118.16411214252525
134.37256519514656,93.16055617981277,32.303329675497125,118.7479220144511
135.50444794855662,91.8938168350528,32.31886059534409,121.28140070397103
137.22067340805282,88.7215022099338,33.516915492529485,122.99552413803119
134.9920574322042,88.55394865242211,35.61222943496939,123.33063125305458
132.36402109709442,88.67022047577674,38.462447987795755,123.0980876063453
132.45508442873506,91.28849657694172,40.73575249596323,122.77239774691287
132.0378650689976,94.3675949265287,41.57019121543816,121.59938337235721
134.0558440477056,96.28417030172828,40.02536787303591,120.25736723697176
132.455321403178,100.23523803992882,38.338810536341995,119.6866356991943
132.99220710682079,99.09891773587518,37.26503912905647,119.55453207143826
134.45739408971085,97.98814187822492,36.71774810769982,119.39300084231525
131.14738447437858,95.02304262036347,36.22572373768729,120.5818369575868
127.66844684978271,97.17636742911763,36.048391944574036,121.0319920349485
126.58877725099623,97.26202022143602,35.826251046703575,120.86068645031173
127.88060489293522,99.13782188221026,35.61752644827771,119.48401381421536
127.10202994105177,102.53609981372972,34.823094417548475,119.74220375466496
127.41197133542362,104.87489117697402,34.20321162880478,119.74553552188405
127.55799688282596,105.02387725018252,33.9111605340001,119.44756337546704
127.4609370175991,104.80686670658264,34.10528026445381,119.8815844626668
127.3302320664641,101.88815046999174,34.3666901667238,121.06094610921704
126.63759882122662,99.1805176518754,35.75195665719876,121.77508522053765
123.15098463620778,96.67706128103782,37.95222979709749,122.00904273207385
112.14089749215293,100.53756197582469,40.5278370306154,121.57975398797205
111.08430958739928,103.53275695527654,42.64101284012269,120.53299371707504
107.36054835012914,101.02678950151375,42.60232634450942,120.55412264449826
106.6408268675788,97.4441933782042,41.546766866689424,120.23430756235528
106.29646751264399,96.07898438174385,39.76423937451498,120.49347935323193
105.78552207632069,93.52728984097412,38.34375150320476,120.71211094685773
108.33270187856819,88.557823713442,38.0881785753802,120.97346984858106
112.14275068480056,85.1088399081043,37.72325968073566,123.03465164737635
115.60546061693972,87.3545033355105,38.12046074116517,123.4250720757025
116.83326474851967,91.2786901434412,38.11860298699803,122.93794998681943
119.54051850623077,94.33569220530379,37.59771945404064,121.71756984555908
124.9717167218513,94.23983400966196,36.41488341598069,121.90928623684272
127.93941221006969,92.72576089358483,35.28088305256353,122.53673716248716
131.84184759335162,92.57241158869981,34.641402042441655,122.84343577225721
131.78133855372917,91.78609176035889,34.762420121686525,124.41607542893905
129.61959963569888,87.74158869194704,36.68060335728428,125.28919776437415
126.85170808546819,87.65554047647183,39.762959104361265,125.46129419532457
123.92912013811252,92.86992570030554,43.09520099595773,125.0842597601166
129.10943150759147,95.37056005853967,45.577621638122174,125.22020839609729
134.1846658200733,96.97498597847135,45.889567411828835,124.6269601559015
132.04980620378637,99.97284022323154,44.93378775950738,123.85675055127643
135.9261902871119,99.9198355344538,42.34992919218819,123.96275992883194
138.6537303246038,99.82942785674629,39.43388636707466,124.14357528424694
138.22058829399325,98.26113268348347,37.81199873937055,124.79199394184738
138.54221259771793,102.68360221221559,37.16875013192116,125.8166724698496
140.0043021136631,105.60884758897396,36.71453497512937,127.3760733416284
141.2876038131542,106.4193821359641,36.631473988411244,128.23854665991217
144.07452983458657,106.87457882881364,36.045961975721745,127.3281532742131
141.86142673059447,108.46772179317324,35.53140135975888,126.61225075746745
142.20230554332647,113.87221049728113,34.849643734294894,125.60591556794682
141.271998566534,116.5263796663333,34.286553714820045,125.14498517596206
137.71307506863008,119.77343047212342,34.1844577877092,125.87082648730049
133.3006549261343,123.07959147771282,35.764435596169086,126.50336695265334
128.2763403869537,122.10819561524438,38.452614979250434,125.99267544583026
120.52281133155289,123.19559234814436,41.47831790938662,126.31415301616337
117.74458103430598,129.96056836749074,44.47820630708701,125.56706196143776
116.92157219998367,131.15766931284037,46.124223975731624,125.77350539442592
118.25915287777669,132.56540943198718,46.082462524001265,125.59142505998793
117.73674062177673,128.91471688863933,44.49724767341593,125.00269205892793
118.89484954876981,123.98376326273895,42.18102981942977,124.49288351666988
117.31099657352188,119.03059091035077,40.261718592550245,124.22519386669549
117.94279162888424,115.96149277224244,38.99812848182552,125.35428039834622
114.55334726403791,110.20970891952263,38.285085700165226,126.86860608864863
109.52902403030669,106.23336720334181,38.31145293418223,127.30458009592618
110.8456067845831,106.50258022258245,38.19051685915495,126.7661540574449
111.13737553444034,107.76848235718634,37.60697935944046,126.73671607632748
110.59901436786099,107.7042286998483,36.19258297798731,126.86522339100354
107.51640250708581,107.6945286427981,34.958038171538604,126.88462350510396
109.32197767482687,108.60997877220122,33.790646583280534,127.49748199352175
110.26837963986948,105.3449495819299,34.32828067873901,129.16666432297697
108.23881934066709,101.1701965338912,35.92334924227489,130.1240143144477
103.0202741324338,95.74527531569912,38.837897091285456,130.94379999422378
96.26630470298184,90.39433320708933,42.051883607585694,131.35173186883966
91.2208670046578,85.12311502686134,44.226701426992136,131.3394247929735
92.28317360402323,85.08836399505365,44.780471834023956,131.40892685658886
100.89695931097611,88.06372770626787,43.689807312606504,130.8371683983232
105.90586327167877,91.02209209248585,41.65625130585699,130.24327423565774
111.71863916360402,91.3659489040169,40.493373406533536,129.55556061259563
115.887788021315,92.10969232242621,39.9085242003231,130.65255661218083
117.29533768572891,91.38859967864394,39.68264562137276,132.09474189974537
114.47413767581372,88.5219767826035,40.11413914518915,132.61708119581226
115.78669504983434,89.03595155617927,40.10987139058009,131.58913164866073
115.74241565847088,91.8010105134823,40.198430173307,131.27143934484727
117.660539733061,93.22594152902528,38.96553420828291,131.02492949791747
116.96389918775549,98.88504434696304,37.78180862369901,130.01475056282163
121.2860424870605,101.65417708765119,36.75964422523682,129.5578998815439
122.69130667690634,104.91149996441729,36.46430111965705,130.5888099503474
124.39827939645373,105.6539511439673,38.098761568691344,131.62811053531192
128.12731941375995,105.39413121537075,40.91830128550683,132.14775039250503
123.60369258616242,106.7384623338581,44.70739545257025,132.08816789959613
123.52414248068266,108.03013551269449,47.56432335576028,132.20264923415382
120.98702048775965,108.1798037443009,49.88715354950625,131.903312770941
122.56721280041742,111.46121503830307,49.51582093131259,130.91859419718043
124.91547926444221,111.51831612160586,47.58753820836911,130.80439203057483
128.99378149380692,111.82719516760756,44.89460833101484,130.18663393857145
132.69607389641916,114.82808771154735,42.838307187207754,129.5331325121093
133.49169141400824,116.8489812830555,41.24707215202958,130.74589643838377
133.79226851477924,116.1547636964383,40.645917950487615,132.13433161161817
135.1393835921526,118.55452424524984,40.57554246967252,132.58251986185832
129.57527611240795,117.35868214845256,41.18814813276964,132.3453017313548
120.46957545465514,120.14270864295823,40.941498610211404,129.41411314778114
117.183992449655,128.18789064163917,39.74044623947468,128.86818591189322
119.23142300373551,129.15001329866266,38.206417093065994,129.50477255959856
118.36541742077524,127.96558629228716,37.397025997874756,129.33222431123778
117.88099021889657,126.09123591202065,38.365880401632104,130.55702983251783
116.41548377195475,120.48483191632234,41.29689329551574,131.5328619402433
110.96756966554662,120.4965013978737,44.3106716532027,131.50952297714056
106.60747584892167,119.13914389712393,47.66617906914128,131.54189786998447
107.91284667122743,116.22711180301695,50.54305594358979,131.87834353913837
107.18535804892603,114.81677557708653,51.99803318819258,131.8985346573334
104.91900898791977,114.77620737593068,50.87704104109911,131.9796710596451
103.51233607292468,113.41285136490183,48.07452596264345,131.8984526274799
105.10214991494624,112.25494769828528,44.894898278600316,131.45796480930463
104.8756630866306,114.5596142082916,42.65560138537564,132.23317288900392
104.11138315344297,112.18462322171703,41.52185659428317,134.32085020468537
104.03276186164555,111.50095915824245,41.67909917787802,135.68817833163453
100.66314090775589,113.40427164430675,43.03171091209346,134.57486844628787
98.8753614431964,119.16624902226155,43.904792942202235,133.86082128641903
100.90344140227363,117.92239559055758,42.557001065439415,133.64016010843534
105.7442662980064,119.9227694141156,40.91676305114479,132.3198830537096
105.8337165517737,120.00070769704459,40.73786254361018,132.16400648785162
106.57034775079435,120.09811949062446,41.89057537205558,131.9691829006919
109.9075526266574,123.78007069798979,43.14961204613633,132.53872691176807
108.97658202287192,122.14329017850234,45.01155325370728,133.13656861075182
102.64448546524218,120.58012525413874,46.80248634910544,133.54458345451368
98.40638923475719,120.6820147297611,49.76515666990318,133.34080450326897
101.69816306864291,123.70912532117191,51.60399630474903,132.90150818885888
103.62459577906318,123.54973383004341,50.58533731657985,133.2202911711159
105.07503338290421,124.71866126946193,47.684462108897804,133.7029335801896
105.16994018601588,123.27641757777704,44.71961508759915,133.81238754848408
105.17919870789027,124.61579182379617,41.97849632967943,133.8562407706168
103.20860848647851,125.33101455643728,40.573924052252565,135.0986716654598
103.75468307043423,126.177237683736,39.48177488434116,136.07072201779556
106.39777185026142,126.12015003224421,39.51146874191776,136.18489732077913
107.81819606444839,126.0598052473385,39.33072226213917,136.30558689059055
108.09526571741756,126.28209332924969,38.77658295620084,133.2025731272237
106.0124668585206,129.16544004918762,37.73362661605168,132.64443374529094
106.73240516008772,127.74795969298634,36.29375001291742,132.9024530582323
105.76799135313604,122.26397115979881,35.66896525573266,133.65598064025488
104.58031303622727,122.87171762244783,35.49184950774293,134.99296009676416
99.77684400145009,118.35077931413437,37.39496431882317,136.33101345491696
94.47900671773074,116.68756807515004,40.122882806079794,137.03485057282495
88.59128508082671,115.61243907728111,43.84783255136112,136.50161072572055
