147.5,110.5,34,33
148.95443401102725,112.96741008629158,34.311486894631,33.39571220244506
151.53142288340786,116.05487827676717,34.488662755295564,33.61816014800472
154.63415667334104,119.0814988978766,34.71835411453664,34.00007784489332
157.78010498080968,117.8034800162799,34.91944900992557,34.391785104644626
160.47421789564046,117.21720114688614,34.98876113120773,34.47283525324339
159.29698211006885,119.42176717634479,35.15548097391042,34.43920665120715
160.252165086058,118.76911891142059,35.43704466365311,34.648538360195026
160.742673664215,119.7966360130827,35.55972001311739,34.80088916842729
160.82054836157755,120.2676583901108,35.40397061839227,34.966869393686075
164.15772871152623,118.64877713187528,35.37879108086707,34.88004132897101
163.05161327520693,113.46521571002071,35.37815928118796,35.28928214725029
158.13913033772053,111.25165093621553,35.18726929624869,35.26492020156644
156.10822375096825,108.99656737544757,34.811149946939565,35.33715480028866
154.6447776283606,106.31332653207801,34.42397234727413,35.180186745559844
153.2466258899674,77.41934399863578,33.931938874509754,34.87419903704693
151.81223258829985,72.5341576579635,33.550118000868636,34.89274928746295
146.26999745537432,69.95550154381498,33.85670244941136,34.661118607105855
141.73378726928638,68.38642238838715,34.2971051156625,34.562270278239716
136.09239365128445,67.0337820219801,34.735916327127676,34.014358203692176
129.3282245015949,66.51841693285715,34.189589072429136,33.96242180085519
127.8420889231562,66.0116275126821,33.942084659728756,33.90274211801272
126.83190726075841,65.50157367450562,33.82560313646297,33.854427370334996
126.8893030607594,64.45435385230053,33.71081153646101,33.817212558924574
129.04244702564398,62.75249444387424,33.65825608788485,34.0306320148824
139.60625136712193,65.8146527362158,33.849901588858884,34.302091685378215
146.21498669480843,71.89375368603561,33.51147689947632,35.022935751729065
152.311059968268,78.23912678462307,33.190711516116465,35.28278718752792
157.23853209052064,87.48321437419399,33.039540104417085,35.12396069257493
160.49746887455743,97.78988488905956,32.96155939056864,34.90361370122351
163.75187692092166,120.39251605746726,32.8645441721937,34.58095748488276
166.44815262761935,127.24174831788105,32.78223223390363,34.689115599329
166.45917459627168,122.42096094298067,32.76018829659901,34.76877698954534
165.65999313330053,110.15853766854704,32.231889902420946,34.837018357029166
164.77127783495774,91.83953974909403,31.897312362651405,34.51487180797055
163.5630770369361,60.87485090972467,32.22239783559398,34.75042385523952
162.51249993410462,54.54684667694039,32.214547554962,34.752405403038296
161.3684119975266,51.407233252627805,32.39390674542193,34.70518220357514
160.25920209664736,51.90948845067926,32.49928287720629,34.757193642459306
160.33370538883776,55.12416752815642,32.35027629282545,34.68188279102386
159.39013611073833,71.63184323300467,32.126485064251256,34.385943045310285
161.21773817274013,88.44953662881167,31.613147069219757,34.26379496273208
160.97337418159705,103.55590838474978,31.064652860447843,34.13049499153895
160.92486392169985,118.78777319299786,31.161673380242213,34.45910729013768
162.46257265268412,123.48684534492216,31.185471609238412,34.35861005918309
160.32585158150778,101.30365351830365,31.331362476235658,34.35381750234935
160.16503030367375,92.31417837047714,31.653005031903735,34.75241372016899
159.24926837535403,90.59743031346792,32.43905906883378,34.00403055535001
158.08710685647813,91.14191748761918,32.67083149610899,33.961331512285824
157.13733409627886,95.10552241291957,32.47182461614865,34.428331263120434
155.667209835026,111.5133549531215,32.25177377487823,34.26909294173659
154.7855227950789,123.96440440960097,31.92024331630112,34.50584849043379
156.12881634326158,138.002563267252,31.32542032003604,34.668346126485226
157.8966176407118,155.6645253507745,30.906633283682943,34.66833162297701
159.28565851004427,167.61001861254326,31.2253067747891,34.51913519435125
157.85981764531147,155.79528094391821,30.971926570461562,34.34313570585408
156.39288145634947,138.15431765190033,30.82107572572322,34.66486576638339
155.9613067308553,124.93086252648052,30.653394730577435,34.310184417734874
154.94602259676878,115.66348535865045,30.638676572417083,34.43736091639433
153.71210634490126,110.66017023302913,31.057743280799993,34.20016219087613
151.23380192706412,108.7544370391531,31.90480957874606,33.9020860409
149.71565842670776,111.73786805788305,31.8324673885271,34.1524823853034
147.00551010342747,118.96285199374132,32.057901626458005,34.2481292577501
145.4637719355359,127.78093504412261,32.009236854082495,34.36076276988658
144.4749289644222,141.26719239596878,31.896857148333993,34.55910148988083
142.85269722318054,142.39146252497034,32.00229892913586,35.44958293355913
138.95702992743924,125.3931755958618,32.360421093228105,34.40386963407889
133.79278069154125,106.1857054040965,32.17608927932445,33.92133796052077
131.6973440802755,88.42409029024569,32.20370790310008,34.056904098797965
128.13390179970457,78.91598122098638,32.02698726890635,34.29242316359637
122.32491474783305,72.76614479545503,32.15823537069626,34.0611221943466
121.30711162786697,76.2331130754852,32.10840784633504,34.426203809313186
120.27591802060397,86.81179621300619,32.07553464939911,34.22144164889075
119.27495899001434,105.25224784657435,31.989632447152033,33.87739299171537
122.25440430574454,119.96258963512958,31.216589228915623,34.5346244113041
124.09800695153397,144.35029651241467,31.66987403855748,34.40996934607744
123.24431561200358,139.5177139319202,31.296449186558533,34.71150061729754
123.34675433342741,121.9957822002325,31.09157174371085,34.424352129737755
130.95728916762593,104.57214122517364,31.34169771802192,34.203590623050474
137.67089458884328,87.95532646994474,31.330009189234772,34.41439597683731
143.74187046314066,75.44661275753464,31.608778337646243,34.590381607645014
148.90492302263618,74.01961387118205,31.70509391611318,34.31765317111279
153.59966577093098,76.63619172714266,31.671331400893184,34.2821213377302
157.77871378657832,82.65767559990437,31.620704074709387,34.70035664987314
160.80676740174226,88.92305624698491,31.82946449714708,34.69933066124316
171.46529012619325,112.19191718095716,31.461495775239964,35.29703142903717
173.97926284928957,119.19683720197841,31.687957866351987,34.94865098398684
173.24595569910716,113.09045735016869,31.05640959511518,34.57243525799618
175.39819427648058,96.11564077021262,30.884549417325502,34.42797835801154
176.8484411482547,84.13943989474951,31.06855140390022,34.73257951132816
179.76219944102638,71.68267897071945,31.45605429516465,34.78602345215724
179.47654890604477,71.30083707691895,32.02735536512785,34.5068544858369
180.47755117348558,77.61030900813313,32.120552674567946,34.45912168933894
179.4199124773242,88.2208096333939,32.13915586288738,34.2048624788506
181.00477668432308,103.10682709520897,32.10341066382284,33.68333756126367
179.5221682035764,135.6322611897921,31.960816359024093,34.93244305299532
174.65316343790795,143.00953886995,32.220230530184594,34.92236936406507
172.72082910753892,132.6091960175154,31.856300441522222,35.63721100928231
167.4605667793557,118.81917555125227,31.752095812590284,35.592955800032776
164.84240387376386,109.76495116690117,31.687818136439713,35.6793527117984
160.93879505469806,99.31030898721687,32.071993052488104,35.37994357950069
159.74702677138407,96.30975753368003,32.33169795968882,35.00955150829263
157.14568439419276,99.2415659316166,32.232970320099504,34.447347106391355
156.1260671751285,105.59865898226332,32.17232681558312,34.332428660967565
154.8065141964106,112.72755298011838,31.669890185293575,34.735172741309064
152.0538193340441,131.6185441965477,31.94792764649798,34.59012660585609
146.85786101339417,126.47403620606987,31.863476117818397,35.450411233830245
141.05574699112236,108.9240044657993,31.81117026810058,35.580873031587096
136.2644166380159,95.17862789950595,31.845939327593968,35.488828073650595
131.96245005632272,86.71448895420917,31.96985644922315,35.457073880729865
129.12423347589836,81.19506184059159,32.33885792757837,34.81957840647935
124.90788818413378,81.85979853406057,32.31208631921271,34.54753779352825
122.44523214378097,88.62681495824283,31.973596772349993,34.69938917684138
121.52373796498452,97.4316367400123,31.717087345102364,34.93547678444697
121.30446953480832,112.13790531672024,31.106283482912,34.90447986222851
123.79151808018426,129.95365619665318,31.327732818566645,34.60269380192679
122.84148612517878,124.19172122095577,31.151888418392822,34.70906804730525
121.77401304901358,109.9611244050092,31.213230272193883,35.17660364905255
122.82554088133796,99.97172987429668,31.200261265833777,35.29956945673505
125.22769049711903,93.78312949027696,31.629681408655074,35.11584372625423
131.37817201459933,92.3146277476519,31.937744015210452,34.90059080112537
131.54612079192248,96.00747894453471,31.60184646056417,34.881083812405734
134.7027427720864,103.82895796717708,31.568543494362427,34.93797825243617
141.12143533664803,114.20767551256269,31.29528687283964,35.12075734099912
148.43497322646442,129.50044303466404,31.305044810155973,34.85437785333371
159.37192999644867,144.66594267052406,31.302752465081802,34.72704594599162
163.96229597883786,135.30131222048144,31.477427916948223,34.74549201278729
167.11541493877644,118.86463584889913,31.426568631857798,35.29938847622059
170.247501386586,105.67990267505117,31.46455512709098,35.40985736203183
172.83720374444272,97.27701776049942,31.548560779727033,35.37271401241699
173.63942822339382,88.61239853816828,32.051007987510125,34.793335048754585
173.09687412865065,90.84919660361638,32.08367084839276,34.52952023227333
171.6788877893484,96.56432817311216,31.773094020971936,34.63660528204122
167.1497938516407,106.98610555341764,31.421071309177638,34.70462960411841
165.81007828959798,120.46477212630805,30.97741660974136,34.81404026219293
164.30481042564512,134.54617676658313,30.881016067987854,34.613657408575584
163.35214320830534,121.01383876956118,30.724363826733807,34.87250661548255
162.3665623835157,107.55482358265218,30.63051530997473,34.94540482690239
161.28333401917456,97.36611510461674,30.732706822551624,34.68016962191912
161.16946226625285,90.84255956731101,30.960450328395034,34.34176568989577
159.90478766066946,85.44119752810238,31.433726248155914,33.83608666558053
158.69711628674568,89.13262383994385,31.793675007484936,33.64711300171241
156.13362594974961,95.76298123375334,31.76835442467543,33.782381481777776
153.03824692483641,106.12968441942066,31.766073066486157,33.69243980382863
152.54769448965527,116.41933181464887,31.716446816385304,33.72776742263471
152.08667210903954,122.45054741101461,31.607995720093108,34.031286520186775
151.1453272133079,107.24226509059656,31.42365879297366,34.4759637415728
149.58071113440764,94.26046240200536,31.44035796129255,34.501794206408285
144.15279701969197,84.65858243416139,31.914393519909844,33.980148067549564
138.6654701912931,81.92062068758585,32.51322889817816,33.23058059358302
125.59936426992667,90.47475086582364,32.76243637956912,32.68744302836629
122.67329595625108,101.27264861803395,32.430333447844475,32.736485980711045
121.74477481149634,113.51108328068884,32.23488315023809,32.889527700791504
119.81136138930157,131.7033917283458,31.999436717941016,32.399801976485385
118.47031604949971,146.2585825102602,31.639058378793855,32.69995426058159
120.41651588029669,153.6647575722146,31.799372162414514,33.08527955622734
120.14449019045777,141.31361541392926,31.321668170935453,33.265434965032554
122.1050522297326,132.10014045775398,31.468562388250213,33.3863025459933
124.6041982238811,123.53509016483353,31.576394507594344,33.155581165854386
129.4660469352511,120.03829845701635,32.04595059811032,33.01388712220952
140.02227457354434,120.7164432194212,32.44875185714569,32.682133622905674
143.10347467856974,125.85851498394219,32.44044118531236,32.65480599089282
150.46113674209374,136.01098923531165,32.07680564251273,32.85226975136585
157.96360551368457,150.18148078427248,31.386684597571666,33.140919649925436
163.3885246974101,163.56957729252827,30.697734841926824,33.79912588529065
171.10103349609463,163.8972595950824,30.50379197910977,34.159166262485904
174.1266841578889,146.40896740499863,30.559935391229086,34.52689714030901
178.67182977466373,134.06320325503242,30.690265032125108,34.63010310838616
183.5927622249024,123.65832740363518,31.13039338592732,33.847668977193635
189.57340509865102,118.21797995700543,31.44574199648094,33.47478237557319
192.61268566030503,117.22763728549766,31.500654593988294,33.41097647831693
193.76818648883295,120.3120304854509,31.2338924076754,33.37490849063923
192.92324183608764,129.85434459254407,30.889138197394438,33.6193936762827
187.85576021543903,140.76576711582527,30.867552484562196,34.14095632880508
182.01978497684635,150.7526148604479,31.281756133816152,33.61245990598683
165.1760672397436,142.69826039960833,31.250076568409085,33.372506990278055
158.61311787339622,123.21462544800922,31.14793903135502,33.6732093357489
150.57034823614143,102.68321565130948,30.903689349353613,33.911556537870894
145.4543687133117,89.55276503022375,30.931271173392368,34.66151472599057
143.69373808645875,80.83867273399545,31.354913688632,34.53652646713824
138.24212266948976,76.42539739994174,31.884564354710957,34.02685498417251
137.06098003129875,83.27422252635337,32.17117356747724,33.821099144851445
136.69159711697876,92.06203790174413,31.87077221308911,33.911310505547235
138.47042110000086,106.60282331364284,31.420565356044698,33.83252336574753
139.89589639747953,118.9955715222956,31.651911308274613,33.705399325940306
140.366405670842,113.89477409692424,31.740014733428303,33.61577445789698
140.27511451311557,102.51834794436773,31.9225970488812,33.7280077643288
141.2352619582775,97.36140562490809,32.06984226422359,33.70419187491663
143.96575026531133,93.26703767874974,32.823255350738265,33.607074833123576
146.83224675662063,93.6729256975173,33.36703472650268,33.841427521985615
153.79487417125597,105.13392371353483,33.2009069504131,34.20410804148787
154.52313563985552,114.87047977344652,32.80585092050591,33.83740025291897
156.4601568395386,129.57527515874227,32.08021428174875,33.81292991467777
156.1852040132735,146.66880235253055,31.592522319342653,33.86659681999749
158.84494469054212,160.793475681217,31.426524674926654,34.47675893930346
157.97676351170304,152.64478342758858,31.08774894399581,34.173038737687975
156.9277773698761,139.7203346810447,31.130837684622364,34.335891942934744
156.11021922201294,134.81759209171156,31.735290784112713,33.834745159241095
157.52968359695743,133.4387465382126,31.993762005799383,33.49503629466337
156.46486777242816,135.03744533538358,32.06088983653751,33.39139442780203
156.0298583438112,146.2240047713117,31.900217301820973,33.693486178854535
156.2730648664005,157.03336665426767,31.413804256642415,33.76514151809496
157.41776134472528,174.6992121288421,31.176957499050054,33.326735952918035
159.03428715894347,192.52353562160906,30.990901312618604,33.22636912410895
158.95794316100742,208.10871139627378,31.14358930849072,33.40143194517209
161.13322539854343,200.71956878701042,30.85823099586656,33.95149559513128
160.29150227523047,184.8016913787228,30.501007340405835,34.156866929363645
159.20047784570866,173.21923262068793,30.647401692783774,33.91175761877803
160.62871235489172,161.19552874279734,30.83999678796261,33.566652466199784
159.46061233603683,152.70155301135654,31.148095455104524,33.31574227925445
158.19532472227957,140.57571684002855,31.648600572744883,33.206573303420505
157.50145371575277,142.69354002345716,32.01507494108175,33.055997515430164
156.97184892209768,147.4037108347057,32.049576008594265,32.85803257111252
159.73680364873456,157.5396124061791,31.630402764092608,33.02917426325409
160.18095019560576,167.6028694710258,31.76031115835676,33.26668989369262
161.78536953879376,148.13073048784509,31.623408168799376,32.275803801412394
160.90012007886827,119.95288667338244,31.381359707093967,32.2801647467591
159.9599501081651,102.77539148623953,31.256662224498335,32.54951891301114
161.3450948612428,89.9574123793788,31.500683263094132,33.06622258713884
160.06960796166734,84.78736199798362,32.01820317986248,33.239053938016504
158.0077611603437,85.25850727303639,32.031383267306595,33.32439176671176
155.55545269086463,92.06154046444182,31.79012797623158,33.097593181987115
155.22390794530008,104.839888268614,31.431415452352468,33.085947948847576
157.90712867567868,123.05569958338883,31.144663709819888,33.22809129051509
157.3284624256353,136.07041983756443,31.288384782062177,33.55254790611962
150.3922082213289,121.46790562540156,30.86743351970865,34.17065698851264
147.77559189124173,109.11657098468018,30.981208213395426,34.299928030815146
145.97536400494732,100.34808153742932,31.49851232586756,34.36571418465588
141.50879736090369,95.70396475564397,32.13575612968625,34.321072078424386
139.75264501911226,94.82058081006791,32.50879254239237,33.99499445565872
134.46024081020613,101.22230316673921,32.621217459029666,33.758409943726136
134.00253412269387,111.78359483391867,32.49132072208165,33.54202884881802
133.7248863207099,125.18780510469574,32.006753968439064,33.770029605137374
134.1702108758561,135.9560764086394,32.151866666030934,33.98448496281832
137.0614243582154,134.9588027084916,32.61794398432395,33.89619760211009
142.8611803134813,108.7384153978486,32.54003490118198,33.966050280715066
143.3505129314893,99.38155911985783,32.6086493977022,33.82872765104422
146.0769577097493,94.03955630231485,32.38682883716469,34.0505952941652
150.3125077904383,89.4169052827328,32.2851416893934,33.88030769302171
157.66419852487135,90.93372641249046,32.1683584625461,33.97236505679613
161.26233080702247,101.34260133856873,32.26251922816974,33.984401861570504
165.66808209878394,111.69641169042893,31.796380610716113,34.14019107302357
173.39881779044944,121.814040669678,31.908017084732776,33.630869733832384
179.08485001257887,130.6309786340292,31.88816491287303,33.54132186247413
179.8058524722348,120.80990229125692,31.476463386238503,33.60771008715029
182.69748304367948,92.43100641039885,31.84206358145679,34.000939582879425
182.03302852941295,86.96255859444798,32.134214273730876,33.53349351593261
182.91264803168468,83.13467668567935,32.4431321390812,32.91662985389466
184.3150092295368,82.70185340881541,32.72625225727184,32.752995569657635
186.3302072570871,85.19716831530424,32.82053314463435,32.91821193475889
190.03446744585747,95.09335491291799,32.658801563323024,32.79569404358276
193.9194973462712,108.37141899892349,32.104194026065954,33.03981713626181
197.2540772316041,120.50447378252065,31.590215176854112,33.39443125488306
200.19085546691167,125.66641898497943,31.85634859531528,33.3033573317594
202.85919707714518,117.43872542553883,31.650034592804708,33.34156295317993
201.77955972546158,91.79103251840081,31.76250318080953,33.466795883395186
200.57265541305642,84.56351084984234,32.12202101296149,33.541803671903885
195.8151595931687,82.64660241335586,32.3308727265958,33.2395583554808
190.0215468594216,82.93659182755468,32.5597135214029,32.659579527083174
185.08087777187313,86.20541006367588,33.197375075974826,32.28439413519075
178.44858233634747,100.50203700296917,33.0565751682393,32.56428962629891
175.07137061554337,113.8476182741384,32.57725338025095,32.74132365103334
173.03588526237453,124.28592708447478,32.53367129815799,32.43746997251399
169.15780826109923,122.49993796303937,32.104486911382764,32.9399463193876
164.6559346019867,109.79049592566548,31.88952829942028,33.775614580301934
162.4664939751522,88.9746102155521,32.13244918632501,34.047782332885646
161.24774205903734,85.05106705623716,32.485754525347254,33.558074678685834
159.09582553857518,83.7294732189639,32.62948345109825,33.0811842668524
157.09591609950246,85.43402832091563,32.49007211897643,32.7764967206494
156.1369950592895,89.55559059449973,32.352279184712664,32.75591223224011
153.77079023058408,112.11920340982545,31.958084225601056,32.742807226986024
152.3607209873236,126.78525340426413,31.721543889041605,32.95860252788644
149.282680186765,136.83529135393607,31.766395044382936,33.229294781128786
146.2638711080712,132.36484944136208,31.66307708597286,33.98226378521326
137.028262051713,119.17754538981019,31.52907049990888,34.51628202889978
117.75896933569283,105.22790208101847,31.59437913292851,34.34047476611677
115.69709933437822,100.20373452377129,31.56564316942709,34.00761996528462
114.57410414085788,98.81194514239115,31.74669199380071,33.6937863840443
113.40480103998156,101.52507359191743,32.02440886243031,33.41975281779933
111.88712630104118,105.07047102802113,31.968083878048272,33.5428650242051
118.66393832163962,124.26117193579755,31.82518139069315,33.330439938817364
121.29098276659029,136.80705066649693,31.70111409746253,33.888790460772015
125.29187790653802,143.2228010835564,31.961469706464015,33.45050845999856
131.8063148492259,135.48115256828632,32.323156964159644,33.483158017764005
137.657432250093,117.9188926223607,33.05627818294969,33.37416918479656
143.98528876233598,89.24035985467776,32.95431455364567,33.193216658911965
150.2262157510176,81.10658920477923,32.97276105347019,32.793690655791956
153.24738502648452,77.51468379563858,33.14456966116122,32.72766312234432
156.8711631524849,77.53022441407211,33.158483026419255,32.69658188547727
160.77061767481482,80.51007632267343,32.61914279452087,32.95936562207011
164.60412272947733,102.71089555301525,32.181235275197174,32.9650716428234
164.71749639928336,116.66377145521074,31.954487935585107,32.75882309250572
164.66696854062886,123.28974512035043,32.055543652894144,32.755014308363116
163.84478514895142,118.48364022457086,31.658662741096187,33.18160947173456
163.06739285410652,104.02467197310084,31.171374866205888,33.5105314705533
162.6284033445287,82.10521410879352,31.030907722933048,33.55626221474199
161.01793027067347,78.3677017887462,31.201074684492774,32.895875691768055
160.13541456753273,77.54646825616234,30.947480939355827,32.519717605517386
159.2199702388716,80.1173630908949,30.77955605831613,32.374961781957175
154.64386642394246,86.745293321172,30.981443722388786,32.04734127198218
148.62841403907444,108.99765041772169,31.101822808530194,32.20709839236275
146.67153348864596,122.51104048274203,31.027772312206707,32.09804654329019
145.48447287757847,126.62259180738226,31.41375020983095,31.82751719205287
142.4918772048621,119.29800128652171,31.42342070409704,32.53381624771853
141.467103906841,108.35402482464949,31.458642036025765,32.2641912662147
140.89169626503653,100.4669779865351,31.605968179864764,31.98245870612456
143.5287328482598,102.4538426914781,31.33883582031398,32.014281941755165
146.06525167915018,108.88611245085929,31.254161748134347,32.119487755955575
146.01278822181933,115.94280392516663,31.359088662796015,31.977922378263834
145.92853037827115,123.63925594362759,31.527604349892393,31.546338478634283
145.70884599632495,148.52755878503103,30.973682686493735,31.434254160377648
147.2396675449674,162.62388786234783,30.860425981369982,31.742664463301452
146.30106534408145,171.86303500326366,30.765928452453714,31.995538523007877
