69.5,48.5,26,39
68.06034755708345,49.21050288498813,26.86081380847986,38.615976384730196
69.69355618088991,48.864016921570425,27.702267647827625,38.28198053982543
68.35006077576134,49.510867934756085,28.31770360654739,38.02405593922283
68.1410232008668,49.54996978688952,28.73577875633647,37.94585223495596
67.96272641313261,49.55374715700254,29.09237233180483,37.93829749472992
67.81830545176005,49.05474707426305,29.381214254549946,37.88299706325916
68.16918073645742,50.52688453013269,29.736625185923554,38.11020665382486
68.00607533391121,50.01712861730562,30.062835991015973,38.06330074179091
67.9125889916966,49.49848111968044,30.249808675445205,38.02959428113
67.86640053447019,50.002560637019094,30.34218558989802,38.09495507123826
67.87215379477476,49.48451298057969,30.33067906928887,38.055030379788505
67.7983191725717,49.36335648138291,30.478348313694987,38.297343378182056
69.98235835949839,48.92349048373059,30.43559187383564,38.09574488998819
70.95833723573125,50.5341178702271,30.638727837284872,38.107130690867606
71.40041081625499,50.07813368347217,30.83559429349259,37.938085447122276
72.97776329823347,50.167651241393926,30.92570497903465,37.75905033127876
72.40274414685936,50.17571658770895,30.995432687468586,37.742919638648715
74.97947599715297,50.31453313188963,31.247914588569543,37.465286550287345
76.72234144850569,50.37347521127084,31.00515271088032,37.34740239152492
80.07937974754103,50.43410317690372,30.74263095773948,37.22614646025918
83.43432069067559,52.70428703772246,30.447686951537854,36.962403992000034
86.7958854701973,52.770500414618866,30.08657421270088,36.82997723820722
86.94544478405814,53.3285785172127,29.787455584979206,36.76628643584313
91.2478236455888,54.885307995885675,29.555888913647948,36.79277412289595
94.29806287293238,55.05453842755294,29.71524546226912,36.45431325956141
100.00109220519353,57.68297796290116,29.756758628933262,36.400875930313354
105.32700752537762,57.73582290660377,29.51030980070856,36.29518604290814
110.43597298367631,58.30249689997056,29.64166917169731,36.19676708493316
109.93723317798406,59.26435006251059,29.603608551920864,36.34414122217502
113.65713346058669,59.340200442743246,29.424139041891625,36.192440461709694
118.57366547777178,59.31966746033531,28.878685702449506,36.23350642652556
122.75031760174164,59.38286677689656,28.715398800213325,36.10710779340306
125.94122771412133,58.5062621655538,28.448576491601578,35.821984377372715
129.11931784416154,58.18968737973044,28.155205831068436,35.44466568242824
128.77314177908895,57.8576341953009,27.847631173602597,35.108845263676265
131.6718207350666,57.93425401568626,27.989016888190186,34.955605622905566
133.7417711226034,57.57023233744677,27.808055800815346,34.69391405745987
133.8855930115511,57.168093161029034,27.520412022919995,34.51540389510416
136.42801587779732,57.75882500149244,27.312506872145644,34.30932833052097
137.49777807340982,57.715018128227015,27.110697401135656,34.39694207705181
137.16858123684105,57.920850882002114,26.802167406868396,33.98527656950163
137.27652404061692,57.991857878892,26.58628179931669,33.84326257572185
137.8447390137132,58.34358265200474,26.399781139791784,34.08974231616401
137.4263873995381,58.506611365112065,26.285819835600126,33.76368488994936
137.49614112086982,58.94066116619437,26.146312392936668,33.83941191654132
137.07611250838738,58.5527435804648,26.043656729992883,33.67253420009179
138.42387024556044,58.481743659044426,26.163617190949555,33.81453404293254
137.4502491431336,58.540635502151815,26.225630060815455,33.69675035671776
137.47872862680282,58.612317201311285,26.168671093477002,33.553386958398825
137.0557616943198,58.69695424042502,26.075899329064193,33.384112880171344
137.49513776060118,59.1422166470045,26.131755459236636,33.42819632974755
138.40630860875652,59.128424813427856,26.181795329174953,33.45577999690085
138.48121597584213,59.18358888295863,26.03198059500374,33.345451857839286
138.5222793248336,59.17703953692478,25.94985389702082,33.358550549907
138.57452312033433,59.633033342794974,25.84536630601933,33.37872996663677
138.14691369603858,59.70270384340185,25.769810454087697,33.23938896542301
138.57295483608698,59.73692918310237,25.84514376993779,33.17093828602198
139.46774385396526,59.70813494568727,25.910756333386033,33.228526760852176
139.0909946703042,59.18327491489002,25.734711568655367,33.34870369039396
139.14610182402743,59.18669072786666,25.624497261208933,33.341872064440686
139.15154255306473,59.16639267167168,25.613615803134323,33.38246817683064
139.17056819565732,58.677968272975114,25.575564517949154,33.43226082161361
139.18799896570061,60.0031391064407,25.54070297786255,33.56350585548858
139.27505541559233,59.557687491061884,25.366590078079128,33.525780348558044
139.26255058242114,59.59032359673957,25.391599744421537,33.460508137202666
139.25031293071032,59.14987303166751,25.416075047843165,33.416784712373186
139.7224212787505,59.145547555672024,25.396215826429,33.42543566436416
140.592815611382,59.64776370870605,25.503757615176657,33.345168585301444
140.14484305858343,59.73216250847206,25.47500703698396,33.17637098576944
140.1068492158813,59.75199418471432,25.55099472238822,33.13670763328492
140.07587201216992,59.76428709638988,25.612949129811003,33.1121218099338
140.91803505420387,59.77373281938969,25.774457484931183,33.09323036393416
140.4139424612053,60.99527566798702,25.85738536835546,33.42591657445824
140.39501224453662,60.50955041035161,25.895245801692795,33.46567579781783
140.89193647531877,60.019504540147096,25.834312528385553,33.51285234996974
141.34984785204455,59.93080443814932,25.85113308514884,33.69025255396528
140.40135313134277,59.7465138391095,25.87687103377116,34.058833752044926
142.1722959754798,59.73229915368353,26.10165775119667,34.08726312289687
141.29672309371537,60.181491808949716,25.961265312956527,34.13464691324901
141.7712832601513,60.18905755948693,25.95634652315421,34.11951541217458
140.91069445934968,60.12004726231514,25.789743050510715,34.25753600651817
140.42081674907027,59.53815344569084,25.826225583441826,34.478050752139076
140.48532418658723,59.998573745538685,25.697210708407916,34.50443719291279
139.94652036314014,59.48528716569434,25.829300642660804,34.58549263996021
139.45746166425138,58.97601795257915,25.85850544039197,34.65511846614423
138.47601579277446,58.47464619308532,25.92049729741381,34.70741204216588
137.54229015186496,58.62583704943485,25.883428521524507,34.405030329466825
136.10738824345503,59.16199182966716,25.912080809616853,34.27977127857804
135.10460919395686,58.8154652022167,26.026417817804248,34.027213988074486
133.53157923502025,58.88004990951384,26.34160011873253,33.898044573480206
132.07173735697765,59.400510018393355,26.420919631510465,33.80391243682361
128.2876953348103,59.02485122973694,26.415889975434883,33.608590801585166
126.86971925007587,59.01566718992611,26.421134425025482,33.62695888120682
122.71154502351004,58.942395047801504,26.242062891419895,33.773503165456034
122.29679875283259,59.034281630938565,26.128290737846157,33.589729999181905
120.0811910794856,59.071518061001,25.866484543360883,33.51525713905704
115.33753280187418,59.26213122111369,26.021759843954207,33.13403081883166
111.53215845479872,59.30388790412215,26.193288906634894,33.05051745281475
107.29260340452136,59.31865292173772,26.28971239115921,33.02098741758359
102.58398655801055,58.72654951669071,26.381728794568748,33.272672498716425
102.10387425160849,58.25051107731035,26.40408226168492,33.28687823178918
97.77732629780688,58.14664713188304,26.611114215779885,33.4946061226438
93.11178332899931,58.09259064097009,26.49226320879064,33.60271910446972
89.28997419068742,57.57297418821628,26.578120700196912,33.69723191182512
85.75149613151348,56.81982375790187,27.02214621449795,33.30840974272627
81.45024264798205,56.073545263050676,27.085478113589083,32.903372272879416
81.98302965954596,55.65657902128258,26.963499040501883,32.79370980637498
78.82915865323534,55.14460471746179,26.69167500386942,32.87772040698032
74.54729732219786,54.59189050868603,26.823879947308264,33.046313522461176
72.51316312416658,54.51819902320208,27.1258932243554,33.19369649342907
70.61402809871659,53.90026012874087,27.12931331338329,33.48086179188349
69.21448975116533,53.770567719852906,27.06885058255937,33.7402466096594
68.20218512453907,53.55910747412453,27.1810964344151,34.16316710111616
67.69961050308464,53.98955939373268,27.221759890472683,34.26674904875113
66.70627296206686,53.7786983392738,27.274969480191807,34.688471157668886
66.19261359766321,53.69706279705066,27.328233572393778,34.851742242115165
66.11637733116548,53.233329122518256,27.480706105389242,34.80179096916822
66.13643290940504,53.710187786127065,27.440594948910093,34.82720487186347
66.54934594334279,53.22387367188993,27.593637737331445,34.82096424404091
67.04657309925042,53.76951067891905,27.580441736245337,34.710948540711854
67.15336146005612,53.75738428018867,27.366865014633962,34.735201338172615
68.18571916691303,53.23974416898693,27.25467525415879,34.79421873395674
68.24807426277656,53.64931684310264,27.12996506243176,34.95041625415644
68.32133568970275,53.60156220781794,26.983442208579365,35.04592552472583
68.37985098567793,53.569573695494206,26.866411616629005,35.1099025493733
69.41017411689637,53.5481956031188,26.753453656009853,35.15265873412412
69.47557818917912,53.558245191507964,26.622645511444354,35.13255955734579
68.97992020538538,54.0509061486444,26.643749721378185,35.11744940072655
70.3815907289717,53.605287879908914,26.751386754988815,35.03835991126977
69.84769669725671,53.61774817551864,26.848298227603646,35.0134393200503
70.37285848568943,54.06674258850052,26.770051434240262,35.087527277588634
69.90292837515176,53.595450890058764,26.737980590290267,35.05817960944681
70.84712878638364,54.109110985907726,26.791500172403317,35.00181962003727
