58.5,100.5,28,23
57.55321390752203,99.2519066594913,28.893572184955943,22.891818534987866
58.64681847099188,99.24695905639764,29.96295327574155,22.901713741175165
59.0983601279295,99.58236148263597,30.721181371818272,23.061564593674486
59.19147339870574,99.95947691968897,31.379777106019528,23.152155995322218
60.211055889818695,99.60215913355937,31.909582599213415,23.010468075774842
61.31414739221727,99.95784849276704,32.289517940300286,23.161128805987477
63.23242396443651,101.15673419459668,32.80434164172064,23.374183509843494
63.836166029993535,101.95596289243514,33.360016770947844,23.538885374507863
63.585882973745065,101.89056969258556,33.86058288344479,23.66967177420701
64.62809757626398,101.43430121770311,34.4834367374726,23.679781037616678
65.91580753519926,103.63073683901878,34.64400883047963,23.846896479781357
65.0379541856172,102.67528463865936,34.56534588524337,23.92343123609979
64.03069703720956,103.60416450734942,34.74533294116462,23.900198739613703
62.510981038376336,103.66767373543433,35.02597916073658,23.773180283443885
61.50048877132792,104.15070920130918,35.20351960861178,23.728831394805
60.923304981155475,104.64331510215796,35.43422723210681,23.667279549957335
59.84380679336026,105.64803945600444,35.74100528412372,23.510049165837863
59.059380607723014,106.07602098494553,36.38175354411732,23.58219021923658
59.608952809198584,105.58397769031927,36.221529619711966,23.627356329943318
59.449724593847876,106.07887989062685,36.539986050413376,23.57482256663337
59.114548311212474,106.0601484006176,36.26916922277048,23.612285546651847
60.918329122323385,107.3725148841472,36.41254378682118,23.800754719297103
63.07274828703527,106.73544980107152,35.87581208866926,24.131858227630463
65.3783172773926,106.25514087885291,35.02654382206181,24.15200864354088
65.20520026497755,108.07817580602722,34.444774104298475,24.21795375956603
68.31818829642322,107.21249670403049,33.74063531972244,24.108699537454406
71.77091003909797,106.9535656665946,33.190146927422546,23.71871088474767
76.94942838705038,107.15726411624806,32.657144775488646,23.311313985440762
81.14082576287991,107.40031230682547,32.179190652560266,22.825217604285932
84.76343957055197,107.57700042936264,31.838556057073635,22.471841359211595
87.36412414111967,109.06811912089086,31.749762373464918,22.04589170491853
89.58687703439473,108.84515693369269,31.52287111600637,21.648093173496527
88.90836570635565,109.80291940549421,31.212453516702922,21.40000848527511
91.14740348586103,109.49422571270537,30.859039748020187,21.1924635127872
90.31716022446999,110.38269703938818,30.88719185035658,21.047855279867296
91.53347568057437,110.49811321059269,30.897151892368573,20.81702293745827
91.5861176873341,111.33056466876435,30.791867878849143,20.773158964169763
93.55461403660172,110.6453286442569,30.89590902075736,20.52721747700727
92.65416152454043,111.93836909789547,31.085440094863046,20.358197494755437
94.6271067360106,111.18660267782846,31.168153007112192,20.250289000813705
94.61391441921793,110.81207629418891,31.194537640697504,20.194178900052094
97.0128780695411,111.24921206887763,31.224344909597125,20.12452977893232
98.44940484535215,112.17187461909792,31.566917819029854,19.88701790901913
100.36889922947519,111.47068668924703,31.753239948356402,19.67926940969187
102.65810057353248,111.83354448393617,31.19664666420268,19.75791570110578
102.8261713245268,111.86067018273893,30.860505162214043,19.70366430350025
104.86941031646582,110.7127981335613,30.7311540862309,19.625132257118587
107.05719849478842,107.49055958509402,30.296457435227353,19.76420182502647
106.83247125772971,109.01437093877962,29.961929173483377,19.852510061100887
108.31281337697982,105.46413708273121,30.1229660717855,19.929105215392486
109.76408357414287,104.24570150967583,30.35692194560864,20.013604160391324
110.52066811125728,101.81767213437735,30.421841992585687,20.135395547370663
112.44900183369647,100.1837352603992,30.525406460955367,20.235083764728515
113.35708809951723,97.13993182744562,31.095016114593207,19.960604803224133
112.71523531169142,98.03829690553658,31.579490450635795,19.76233712626024
112.32103903575596,96.91675646066983,32.36788300250672,19.595935857464426
114.50948415644059,96.48700845970218,32.86374217325513,19.643306957380137
116.94468329199263,98.04108219426462,32.91516757598035,19.816375270808134
118.1626149558628,97.99155798400797,32.951268151732656,19.915423691321422
117.3610881376159,97.46484087059805,32.90193260082549,20.142663324440782
118.94655924525566,97.450203278359,33.048128118658205,20.171938508918892
121.04268355309384,97.44071794750487,33.01566056161296,20.190909170627155
120.62399532836699,98.26693622680841,33.02124565026429,20.202055333624738
122.37117140316388,98.99290760717587,32.85514186957955,20.414236757344362
122.56904005239964,98.078145176971,32.45940457110803,20.577464297035228
122.96443078787715,98.89445201531979,32.49859281786866,20.60479005576896
125.52152602151033,98.4515925360297,32.370482072131175,20.659495727427682
126.79166859307193,98.48265165995723,32.320230417871976,20.5973774795726
128.40428120134294,98.4615250931346,32.40788615764693,20.639630613217868
128.68795286776412,98.42770375933665,32.670781685265915,20.70727328081374
128.6277262443856,99.25021395004288,32.79123493202296,20.73286161108213
130.80398636518188,98.83304559439804,32.62638678251231,20.729663903955412
133.53891548586347,98.43235294863614,32.166617316932076,20.6960343995154
134.76098880008226,98.83693777010933,32.205176568013215,20.714433383075267
137.01002091963488,99.22386472340361,31.849380357070245,20.76903308211918
138.79067182063363,99.13169367746478,31.58420070685245,20.953375173996818
138.42597687908426,99.45237231589047,31.490472563691892,21.13513592340479
139.29960261270622,99.34936143025963,31.392678792016344,21.34115769466647
139.2566180234881,99.36499322341422,31.478647970452613,21.30989410835729
141.2474843888095,100.46764987294368,31.634168653260918,21.58693285736907
142.48357244679318,100.8794370917572,31.665148964080345,21.59774389533762
141.91295688353,100.40488831389588,31.13631710017382,21.711809955843812
143.71748755894137,100.79101563073868,30.843011435840495,21.76849424378056
144.58833647926681,100.77003090696307,30.752195236802788,21.810463691331783
148.28632813869314,101.18995174711958,30.779039544070873,21.795380636143314
148.19169224019433,100.68355238517559,30.968311341068517,21.983263087865815
149.65837883237475,101.4269806469634,30.527567412817184,22.158159401696548
153.65724660603283,100.92922509741904,29.973508388652462,22.3265953315462
152.35550385474292,101.1057952796346,30.934154285267326,21.97345496711506
152.0340526508631,101.97255042627302,31.57705669302697,21.900340399228185
154.5786200364129,102.06121653947676,32.35889054789677,21.723008172820684
156.30775756577168,101.6878859106694,33.138395308411376,21.622113466589003
158.5877230358356,102.45162096185658,33.72400098260286,21.809822235654465
161.93591746645862,102.51318645197318,33.11412772627165,22.556193484694777
161.24791944996394,101.85890370670865,32.744628779028645,22.992011485107664
164.41607678606104,102.9348007825899,31.654574295446302,23.46334742765109
164.03757017291966,102.46359930721188,31.545988372323954,23.540151229002042
165.74083037279033,101.99003018374316,31.600287374035556,23.62208462557625
166.6062658765239,103.29173525161963,31.604159770833988,23.62078959622175
166.19876768308475,102.45735260631953,31.55174670853487,23.55473598846721
168.01605480171693,102.9204548034621,31.379296959010844,23.49406271611713
170.3451027647543,104.33531693449953,31.030771040820753,23.250080458773084
170.453147148142,104.83245615313238,30.814682274045374,23.108420291936252
170.63263954124284,104.08702881736342,30.455697487843672,22.905250974161625
173.24082917800024,105.56788227744974,30.268663222083408,23.29644072582532
173.27106709494697,105.40076094862292,30.20818738818999,23.63068338347898
173.11764576103823,105.60733828283743,30.515030056007426,24.06380162917522
174.74381057737287,106.06376732364507,30.69472758886142,24.008950338940757
174.23520098555468,106.48315684443433,30.852081543287465,24.030036526572548
173.70455688623775,106.03710291280085,31.050755333909795,24.059529981828
174.02338323339916,106.21421927256009,31.279233525646728,23.705297262309543
175.93215690034134,106.68270384357328,30.91705407847904,23.63217009196235
176.05510831906017,108.96747141787053,30.6711512410414,23.34826321370823
176.5354298009279,108.25280225076315,30.559251348111367,23.08011540631207
177.92298955382063,108.3376367777422,30.31210912638192,22.91044635235396
177.6873419343165,108.86294234423998,29.94728261925231,22.695956965496315
179.05443461273924,110.11509381246492,29.694273825037172,22.672830591676856
179.5586187555758,109.417815442799,29.508729027020912,23.244563843351813
181.8339682725126,110.02284182076984,29.104504903694924,23.693101051629174
182.54567156739913,110.91811681352887,28.511464160520124,24.39364860590576
182.48839349076425,110.28109571853958,27.793500087989415,24.835170570083868
185.02298769666567,109.53097763085322,26.86666443864586,25.506936192964744
185.561738443444,108.93226092178793,25.78916294508919,25.879657992639377
188.13449497125865,110.42750375829787,24.712059426908567,26.14389994957845
188.19037095263312,110.32888914345607,23.7995055747929,26.34112917926205
188.17650068703753,111.81798634450303,23.037883462878405,26.520385349590562
188.07471128510008,111.05596669674888,22.461498966469208,26.48449804453056
189.99050285266398,112.55854370841824,21.710523513038684,26.55995170288913
189.56073734764738,112.18167249168214,21.051643882316924,26.554488815983824
190.27906280509796,113.91142078798764,20.363442671462977,26.837240743609126
190.17272782717166,113.34319243708373,19.834544696700277,27.232129514801628
189.66413615947508,114.30474483955702,19.373897731293386,27.525770161055195
188.57333032620778,113.81117012937432,19.34816054751434,27.777136631316075
188.23909281197436,114.15498314604937,19.277478650531055,27.828667523416073
188.6063059122436,113.39792485142618,19.281819497070604,27.86525001850633
187.66601247800145,113.77242858790625,19.6836243333176,27.85563356166488
186.94497354448706,113.5882399600533,20.379822891522494,27.478131508546923
186.59961755714116,115.27536424258679,21.070534866214327,27.110255856987582
186.7439428152738,115.3450711618583,21.53914511622337,26.970842018444564
185.3088603941063,117.00072323174787,22.121094039930142,26.710492436836468
184.25821211313746,117.15810258695862,22.686086970310264,26.39573372641495
182.97765583298553,119.21005258153488,23.702419660274586,26.153783413111277
182.5752764522768,118.81797814974568,24.507178421692068,26.15303252069171
181.16804620641798,120.92865517492423,25.726252246734532,25.92014513702251
179.06531500512526,121.89271365196342,26.678404010349322,25.61868350242946
176.96666889940894,122.8442637651132,27.58156058449446,25.36265109477365
176.92158986876137,122.55891089435447,28.505302677264954,25.099772804815732
175.50880918201167,122.73901040679479,29.64336721621014,24.739573779935096
175.11843495594528,123.1545858289277,30.424115668342925,24.7639763223518
173.92800057547325,123.57661906213676,31.069063780053707,24.78787018055032
172.18276335483893,124.91672086929117,31.92480249379799,24.742402293765856
170.81242587602057,124.17232541312907,32.88427125263954,24.449987007294915
169.1533581224865,125.03155170792486,33.50103881205715,24.532446382803677
168.99803908960627,124.9300947575912,33.811676877817675,24.735360283470992
166.60775060398106,124.05814103270843,34.915347456994276,24.640814537199585
164.03852243876128,124.08490601709843,36.31621764117556,24.587284568419577
161.4711117936609,125.05349566058167,37.632424969407936,24.559412262437355
159.50680601847276,123.64650870229396,38.639112944416624,24.451462603645243
157.15019277970077,122.17380067220128,39.403331760368175,24.435122917636264
156.16334711225326,121.63210039516568,40.37862565946272,24.52012603590697
155.0228909049054,120.03633109244366,40.63079674001303,24.66855264013285
152.8327577333398,116.4174435109571,40.92855767594286,24.76194334050352
151.67373512007896,114.30562653632968,41.19333446305036,24.879040410929974
149.77872393607282,112.11253814296262,41.88570754443103,25.135018148821988
147.91307630346682,109.89410371484254,42.47549031707309,25.38320368163552
147.089488941488,108.73410287008767,43.06253289710239,25.582941083288702
145.80283775387184,107.14185366228214,43.4913680362937,25.55073864483817
144.51633268821448,105.4689487316386,43.908255610942476,25.662364671126358
142.52787378669427,103.84491848069747,44.626754323050484,25.652006082076173
141.0593695202775,102.72054049672572,45.3705207885714,25.7075199827071
138.73753335499535,101.66343223314055,45.57987428735794,25.604577093988567
138.4413365514178,101.14247403062782,45.062341876088084,25.536567480589028
138.13807807839734,100.058577308386,44.56774681610847,25.502136913031627
138.3226048950257,99.02800592635086,44.19869318285173,25.37687338310451
136.60269171314906,98.52552111630315,44.381693061716014,25.29623417490356
136.07587931796462,98.03131564387124,44.348367104398186,25.197694372080647
135.51650030008128,98.02950973706595,44.382342065813475,25.20130618569123
134.10277779046976,97.93305659457671,43.95374477096286,25.394212470669714
134.893355122844,97.8691043423844,43.454862054868656,25.522116975054328
130.7473050518212,96.85599618784609,43.13068211120789,25.39426326270436
128.99225047657703,97.56857845445145,43.43061744293391,25.039156669081063
126.32277410008521,96.98337229463496,43.42709344410628,25.14107363835179
125.28945577729992,96.43793002845383,43.35338804275161,25.161787147251424
124.4438811775344,96.30658879588123,42.90567959629704,25.42446961239664
123.28916481355171,95.70605104529426,42.013436433309266,25.558319816586184
122.59653439127774,95.68018089082764,41.286288118791006,25.610060125519432
121.84172856083268,95.14837505811514,40.70344078339236,25.62744229280007
121.06048755244518,94.65036384159163,40.19029530069447,25.585650976110635
120.04663953463493,94.08171175790969,40.159114344360574,25.69351664749732
119.51124113308205,94.40407853600863,40.19913594351631,26.07955829524952
119.08487335002746,94.75960160596216,40.014050582056704,26.406333082911207
118.95901089594317,93.599133748604,40.2657754902253,26.646292936580604
116.03059087731535,93.60406288546051,40.88130468409109,26.63643466286759
113.10440223365549,93.64671101881963,41.44698778848891,26.55113839614935
112.93412164322322,93.14581809040624,41.787548969353445,26.488530475143406
108.68120211603937,93.1575910034102,41.74583417395702,26.46498464913547
107.64201085290826,93.1459269272696,41.68936445440849,26.488312801416658
106.87912779501588,92.57104158305125,41.08118741979732,26.57111191465541
105.74970228544396,92.39916521291663,40.162298643979554,26.914864654924646
104.51241483748205,91.2798693722375,39.48336218576843,27.051115433526277
103.74322136828567,91.16560367468789,38.935340809313246,27.27964682862551
104.50805356227099,90.55437480111829,38.444385443685036,27.463395553422288
103.62336468064558,89.81430195088983,38.14514311153201,27.909231206177285
102.5436513142572,89.24780237236706,38.23037129961186,28.005131090874354
101.0706613133059,89.03911503030552,38.05645099480376,28.42250577499743
100.32900690359611,88.92644892071394,37.45143819088408,28.647837994180612
99.95871423652308,89.33560055518461,37.1534007361605,28.868157514108894
98.24020857207836,88.11191707328958,36.43976875337805,29.240202822063022
97.57651095872129,87.61521387583903,35.70161282848059,29.200833641158326
95.91032348195026,86.16657515631644,34.9507749483117,29.0357014549203
95.71141915709077,86.21330853927194,34.341999514673205,28.942234689009293
95.34099630538489,85.80383721656423,34.08715048254879,28.76548259888854
94.46568320788558,84.71700171468835,33.8599409199355,28.961317845028354
94.38482942806276,83.69369279974063,34.02164847958113,29.03081778456143
93.37334998955606,83.1227990067367,34.06025880145639,29.180431093000234
94.34450689146107,83.58814997986067,34.10829475290685,29.244904024382535
93.25001224577434,83.94237529696332,34.303378106913115,29.533406358860805
91.64515382379585,82.74368155006378,34.49928944421973,29.921590181559644
90.20638184995133,81.67670111834818,34.33524886582403,30.027828027601004
89.75919681424583,80.69564526367274,34.21659479256053,29.963891447602897
89.35532297883691,80.71316064885741,34.014181003702575,29.928860677233548
88.31265919671375,81.65773365290151,33.08011926235484,30.052640872874708
88.35440297712955,81.07400794178506,32.00270083532028,30.226161428904717
87.90788041086603,80.48909213315746,30.93598148741026,30.41611080594138
86.54819347290372,79.45894983803677,29.790691322616446,30.54406337582354
86.04534669699528,79.9338946327936,28.896114675657714,30.544308885697678
85.5535194561891,78.90958662748284,28.00780977014605,30.720965509195157
84.8475776232676,79.29593818662057,27.57046177076362,30.872878223532418
85.13042595250423,78.40188463043448,27.004765112290357,30.82098503909063
84.37391482044413,77.99987046976005,26.697495720690128,30.714867532579255
84.58945602854651,77.58138642652983,26.266413304485358,30.648257452830137
83.75432274582977,76.74626867748995,26.14542048383432,30.527233564825387
83.00417042762379,75.94143531606687,25.862093966961943,30.35326913438719
81.78188944174202,75.2254512878379,25.65293181744439,30.016087776657766
81.01375434628937,74.50926360527014,25.437193916053477,29.69645504949708
79.69104294053983,74.22088540273876,25.479821295179537,29.40561297710216
79.21939570876806,74.34276527669755,25.559331144267016,29.161853229184572
79.14493710226468,73.52534711601022,25.70824835727378,29.074121669589854
78.65253707398216,72.70745156276165,25.830741111851452,28.985298172112298
77.66778299163363,72.66534639123205,26.07447471740896,29.069508515171492
76.29479002867808,72.61283742888338,26.216193911064913,29.17452643986884
76.21679931895204,72.09836652517221,26.372175330517003,29.331484517618243
74.90075439659495,71.72973087064514,26.373524811259244,29.19184237201506
74.0866007809144,70.99052079881683,26.25230461242033,28.92073508547164
73.99192568479572,70.598897287275,25.57304212606063,28.83536942995828
73.49689598160069,70.10993569828933,24.8502210623994,28.956852372903978
73.78284151146144,69.67232185439528,24.278330002677873,28.985341774406706
73.27949047624449,68.74383781486003,23.60907457933115,29.166352359696592
73.19685621393127,68.21917842656816,22.94438675475921,29.385714787081938
72.67500227595231,68.15236003110688,22.343026933519088,29.519351578004517
72.8192894491825,67.6265111060961,22.054452587058694,29.756276138132232
72.93552286942011,67.13162021449536,21.8219857465835,29.932397794321442
73.05087201197648,66.2386043524571,21.591287461470746,30.09338175626752
73.60305533430305,65.76470236466642,21.298094815612153,30.230011733054344
72.68553182446193,66.13762309007474,20.70790363052268,30.292583017161608
72.45065929474367,65.51149100905923,20.37804510559018,29.945640010454603
72.18598514462,64.96612030918598,20.11848326581809,29.458561130162245
72.75165488684704,64.7791266707905,19.764413089270626,29.05527909904663
72.54531293254085,63.75928921653505,19.411771458493995,28.79897738939058
71.94433240478587,63.13769955966552,19.102496929398743,28.53092111852441
72.89291388476339,63.5643164935137,18.69823364021884,28.424137086215637
72.34772763680891,62.90359216762949,18.312361262866645,28.269340864722906
72.13553637332679,62.653410995420515,18.007375345330267,28.04033476464025
71.91465942507419,61.5426206942596,17.728284445376012,28.099380977583714
71.6920925294764,60.8777538140703,17.456357771783924,27.994993808387
71.44584888487894,61.0377745502536,17.23790216340898,27.674952336020397
71.5174336227748,60.21839314807754,17.094732687617267,27.206219949302827
70.79816949261792,59.39653316522867,17.147071353022024,26.770655522637057
71.5115046549021,59.19714099233313,17.095309121554877,26.481985821877522
70.55783792806955,58.937306674046305,16.95584802206474,26.31938960739943
70.2597194193053,58.23999167373388,16.874585174562437,26.359019877962687
69.9285343848918,58.25329620659424,16.86021925418159,26.332410812241957
70.98311495956025,58.56799708479026,16.779350408582186,26.37910649042909
70.68388331365061,58.37150772562714,16.70236934408573,26.09664085243958
70.0920128193573,57.71730855074661,16.546252787099125,26.06518165662741
70.55884234532543,57.00311867916909,16.279440933998252,26.15986700211161
70.38669852080007,56.25536184660338,15.959936604149277,26.32779670944368
70.83806669142277,56.603258915815864,15.718126075406737,26.292928383521556
70.9790976231124,55.98857652259994,15.436064212027478,26.209631844530755
70.75365580044533,55.455879813822435,15.236619638097423,25.97436882355739
70.51072035598392,54.58482394041858,15.079029591553832,25.786097763965888
70.254247685993,54.035826369452394,14.953975876587233,25.608094796001346
70.62816448767447,53.80260720413796,14.839382352220145,25.44129304763435
70.38857015269924,53.49660742505156,14.689746645860676,25.424468229497236
70.48664173311624,53.15859034334831,14.493603485026696,25.474462842392846
69.93991523832726,52.8922396665359,14.340153829902297,25.38371287366649
69.70924736274971,51.957325420745356,14.18199005669569,25.395042792162442
69.02037636121281,51.88865983013207,14.32578223528625,24.91539906114741
68.65540784716512,52.69859108736823,14.443399161149587,24.52017675113922
69.13894513680542,52.323228236420206,14.693220489005146,24.05400654589912
69.35719742674439,52.27991121837477,14.862440460185596,23.534916030931598
68.94342691414272,50.29052805941622,15.089166937674607,23.30798051484853
68.56807945959946,51.93493401507489,15.238655357636121,23.02520104915611
68.21510677439095,50.83396980736507,15.345147584064556,22.829316888621307
69.101277084868,50.32848550892634,15.36763898885571,22.643730801668593
68.52729191294071,50.6621659510601,15.323896840181352,22.572226163665533
68.22284301659607,49.78167335549075,15.338740649659831,22.55104940517179
68.89346633497573,49.810215822539476,15.185455968849524,22.49396447107435
69.55398482653013,49.84560613199072,15.045578102721208,22.423183852171853
69.01075915365838,49.00508703277356,14.95764398904348,22.34264386147434
68.77153969194364,47.74312032112727,14.851562118162498,22.528494107525024
68.51217753172317,47.15372285795584,14.78473600376888,22.53618816419875
69.11780336165624,46.955895615182726,14.742590934722397,22.347289354335146
69.12585211479632,47.346200335630684,14.72649342844224,22.147695070317567
69.1826310511673,46.885759145714,14.612935555700263,21.91308085059619
68.30735361170805,46.364867400268636,14.646489732115814,21.810197206484926
67.66615088710539,45.891170935146405,14.78620848977374,21.614903445181984
67.40155734798581,45.22176446133173,14.744677003020296,21.812279262826102
68.25435362954858,44.56148933782342,14.758096574183368,21.98682142031701
66.76035551655598,44.23423234042779,14.866823109238052,22.06548147692217
66.67279324319553,45.097908894916586,15.041947655958946,22.07465570799375
65.67432207615484,43.76402432577623,15.29323668144524,21.83300266528265
64.66917667022055,43.620648500382764,15.556348186303701,21.53736121373287
64.00875012701384,43.5019518705301,15.712698435109271,21.192503054634276
63.36050936732696,43.42066950448874,15.850019212834082,20.77548741589252
63.89419542196058,43.31323079847808,15.933595592643789,20.414890583375364
63.565602425249324,43.19806949395317,16.0194530855845,20.073884691943395
62.24931138516338,43.47994226500589,15.81452630117542,20.077640922754146
62.35041963213339,42.36000032172704,15.612309807235409,20.060591451603862
61.83522691815675,41.981136254717676,15.521325214137274,20.2576345750969
61.618590862176305,42.502055856541894,15.392384704126478,20.34022061539186
61.96202383126264,41.62865889259842,15.266886680836217,20.4029107986315
61.305089074332884,41.3372762972474,15.460213308682912,20.425404546327133
60.86431069216742,40.81153140081216,15.777996200735608,20.349346594641126
58.600072291200505,40.66129517496478,16.331909801559842,20.082024303320242
59.24667496942529,41.086104874336534,16.756765517878744,19.805091928832883
58.497155546965274,40.2995772211441,17.105250833730366,19.652316941615137
58.30375728119774,40.071015288743105,17.49204736526543,19.5309290078105
56.58043131648863,39.85696985621768,18.02460965854977,19.37620194563456
55.04545528996205,39.36957509599266,18.73898970419748,19.173205462381894
55.046527516414095,40.35878742182024,19.333877905100838,18.985878772149057
53.832097602045756,39.80999066071857,19.95237419212475,18.87656326654389
54.16407867102468,39.22863419372595,20.511253358764097,18.81643489593193
51.71451376044042,39.34849196382099,21.076054010668297,18.57671935574186
49.87251762258009,40.11161174381663,21.639331587081198,18.298765675473675
49.05324520979126,39.347142797982244,22.021084133595977,17.942515148548114
48.36050395474078,39.13895734076992,22.14951043889454,17.73035796057156
46.43423675796052,38.677035746280616,22.239656516763908,17.400071710986435
45.407473090854,39.99292248160354,22.423933380225115,17.260632201343032
44.334272486867775,39.49226023428484,22.69944468997579,17.014696763832585
43.60739988839368,39.58043943669317,22.905558537806076,16.83833835901594
42.518973847618355,39.65108390548886,23.210223928186878,16.697049421424545
41.79605721711874,39.72489906001683,23.40332722487571,16.549419112368614
42.360082309906886,39.80306266519557,23.52899361252829,16.39309190201114
39.60678885659782,39.523302154006736,24.026153511256062,16.3264345484025
37.49754388476552,39.20124275332104,24.449192809659042,16.3379782422303
37.23929137902402,39.204535940443094,24.965697821142044,16.331391867986177
36.380747931579684,40.178505565802006,25.389215754144917,16.323806060097052
35.19592175643178,39.821045142603566,25.79984355972609,16.38571872492238
34.473955164596816,40.1003960856636,25.923394604142665,16.487207908429003
34.08751265936914,40.73116617787352,26.03254187749521,16.553143198214766
32.68183504531909,39.993364068500114,26.178000805698705,16.695799267013278
32.74851623962654,40.952671639895655,26.04463841708381,16.7902952356822
32.51666096469805,40.54379339885482,25.83773039887315,16.93743314969624
32.40639944463019,40.19739599213824,26.058253439008865,16.960258729069807
31.650943036737715,40.477126077057,26.22184912410455,17.07445712457692
30.268606221282035,41.75420172348735,26.274456453602387,17.232372133129758
29.912049623891974,41.62905938700788,26.30613205185833,17.482656806088702
29.53709495959057,41.516129524559915,26.36996295753575,17.708516530984618
29.275678699540396,42.45662739465563,26.202004671660497,17.899893208719995
29.446454171559427,42.73671073006504,25.860453727622435,18.031161276064857
29.29625932699867,42.31992097262429,25.47239152863076,18.17628890283316
28.477865814794082,43.0062671059989,25.05425104353666,18.173548309086108
28.633704077891515,42.590748028823484,24.74257451734179,18.325993092872224
28.472268886798616,42.503033445802885,24.389084200765808,18.50142225891343
27.98551339626871,42.80667533882384,24.014898776500978,18.567986675533824
27.794843933228567,43.49270662815779,23.72701400603419,18.53437148996008
26.934585353037313,43.41617396332147,23.454701663196914,18.68743681963273
26.722247072112978,43.72727108153729,23.2167849449024,18.727835863344268
26.956982665722986,44.33761623930762,22.747313757682385,18.826343228577105
26.56490720684267,44.604584955653685,22.223514878783348,18.946380694214806
26.20008099106606,45.196425275683296,21.657505103717195,19.058362260774963
25.885396161177027,44.79963726859835,21.00513863179594,19.211070209095187
27.1322214586357,45.70064116104518,20.410993704217297,19.308568091540224
26.481036464183852,44.99930144984009,19.837029668621923,19.46035816428435
26.056431462743426,46.28231458246129,19.448540883360106,19.369729475327276
25.994996546860605,47.21155418392898,18.960099685871125,19.34518336015576
25.892838681975384,46.94593210068476,18.561190232391752,19.273202343394388
25.780028537785856,46.665921054206116,18.191019692369032,19.237433607949892
25.65489371543037,48.42027830166201,17.85192246772094,19.264920329192556
25.874439703859785,48.22597223919044,17.412830490862103,19.653532454135693
26.326587423333194,48.29462580691177,17.09199060258005,20.0996808693578
26.170083212482353,49.28513841795277,16.819782409363437,20.459522106948953
26.02907019534121,49.974418967439775,16.515432733734933,20.840088137707347
25.88128156748867,49.71827685351039,16.223720460431952,21.35237236556611
26.29907767115901,50.14990079416766,15.978498195774364,21.669864369617756
26.360134418423836,49.47874141102356,15.856384701244712,21.82980008572703
26.80117605521152,50.35099921779494,15.565917915825269,21.860133936652023
26.30806444129229,50.316207837629435,15.377542749636895,21.929716696983036
26.44793358929242,51.17003324143544,15.097804453636643,21.97780471511814
26.270031274660628,51.44284407645568,14.872259841799057,22.01353228617883
25.747507332311027,52.32318863741372,14.76100655716609,21.987294918261007
25.481521937518185,52.41947030422855,14.717067969976958,21.794731584631347
25.83792003696074,52.54608585580404,14.576553627085534,21.54150048148037
25.620606979248056,53.25464983026133,14.445041577875665,21.256648861836236
25.95380250021922,53.87763233183894,14.338317762508662,21.13001831183169
25.456402295861874,53.59316726798126,14.221137160018749,21.142957933944764
25.510848162878013,54.2429586128484,14.112245425986469,20.951858283326885
25.31943465226988,55.145721444296825,13.945514365946275,20.795006864199422
25.39260318841831,55.18576961831046,13.799177293649414,20.714910516172154
25.369426121718583,56.08399480776016,13.845531427048872,20.54084285180482
26.988312083429896,56.96444908791919,13.84143184344066,20.396770461393967
26.08580294927657,58.0001066945564,14.036326331624407,20.472286954950096
26.894569642364754,57.33497261410333,14.042017114686052,20.72040566969757
27.370687250290395,57.20765478842217,14.179598391764625,20.975041321059887
28.079046798096407,58.352650745926724,14.415952918211389,20.889147568795842
27.387390205021326,57.60361746170103,14.691976975965177,20.72628044465266
28.659840070244215,59.42982914804183,14.925779085937592,20.964039648556508
27.95535432075055,58.87685265033964,15.208369314182308,20.943611373218257
27.53079714019485,59.81406045795454,15.48995502088377,20.771781721218275
28.009361636885814,59.25712130092263,15.671895037773378,20.74659102501055
29.487304579063867,60.87004634787331,15.576638090982495,20.953495656187446
29.1620147199119,60.38921494774734,15.653500136710319,20.767723111287165
30.346721163684762,61.00050251410615,15.572675957579822,20.68944233277715
29.75886278926813,60.78917632717348,15.609124815596815,20.54246076123436
30.337406855384458,62.088607098914096,15.588015753689431,20.783546893566292
29.989154472213063,61.70902733298849,15.713202820059031,20.400071025471124
31.087405734563962,62.47911984456409,15.78675758636377,20.562428970574828
31.899579337720887,64.23705285086511,15.875985406985604,21.044904687489385
31.299036393191848,63.4563066804193,15.917061122194536,21.44638685453186
30.632467423549727,63.252508750590195,16.076623513235912,21.267194940068634
31.684516812060586,63.14755791782666,16.319203597959064,20.890426890159482
31.95320200668366,64.72094570091865,16.36670512982538,20.66801092953781
32.5058118073043,64.5927947920472,16.42596482794518,20.342073097600185
33.87794488768549,65.21229070718718,16.572711545861715,20.259486418791788
34.14559247047274,65.79037624982044,16.61672409485017,20.26193076265119
34.80212444239375,66.55690388694518,17.043829724534643,20.469045061928195
35.541961658742174,67.33463556575425,17.33456918867131,20.683995601143558
34.87262578356535,67.30244790902816,17.476968138340848,20.748370914595732
36.22885856164083,67.82395670296177,17.77161489317365,20.908198251122023
36.11006141960465,67.46480593383036,18.009209177246,21.017869765831385
36.7309583388481,68.88472565652148,17.99570117663134,21.24874491512974
37.231133727183746,68.19507581901398,18.230333872813453,21.393061117291314
38.05730779371867,68.39367994781857,18.448465728307667,21.61934618920349
37.96018004763352,68.34803478582505,18.642721220477966,21.710636513190533
39.48144081496365,70.18052052850106,18.775332908177,21.855824894669666
39.65223237605744,70.7083788153148,19.073150628249998,22.078910005563344
40.830259275936506,71.51186757278128,19.307623365617427,22.414827393474553
40.033313822335124,71.38304912944962,19.58833268854714,22.67246428013788
40.813381268351236,72.20281560627126,20.02344125321561,23.028174783195272
40.23586282138505,71.80459287594488,20.500912885732543,23.14705498243262
41.72301258832499,73.7178547294721,20.961881901860473,23.442853535387545
41.54817067459912,73.34861522224217,21.311565729312207,23.4823182976028
41.81333172932929,73.69587571483792,21.486452005907566,23.493005698467023
42.13847858727978,73.70245090080344,21.544319977491437,23.479855326535976
43.21231941534859,73.70853447576009,21.523273280845636,23.467688176622694
44.17988012921914,74.75536963248513,21.71321276836924,23.49907877843735
43.606113768342766,74.3861084491453,22.148879772489117,23.52573542748413
43.438786580809435,75.07516871925135,22.48353414755578,23.586022029389937
45.45115144540021,75.5016428476605,22.81152172031288,23.458526656228063
45.73376909678247,76.20600244933523,22.974930786997252,23.50709619177638
46.09587133064264,75.54622444613882,22.98271475058082,23.362675335561388
45.62447402717267,76.33864378625398,23.195666826838895,23.23752171669476
46.72532261157765,75.94683390638582,23.187663382164303,23.28991023505263
48.58217079745154,76.25888823498755,23.133616262414286,23.39773142824874
50.69503096542671,78.0780609325485,23.304540994017877,23.423256922755144
52.264965421755484,78.68843400728812,23.10815303983426,23.67425125251285
51.935745004813086,78.34997352361329,23.029876582161727,23.61445492830517
53.77182462149628,78.62711792175482,23.030427247222,23.79470811170746
53.68373277312472,78.95552574011693,23.206610943965124,23.875271624697884
54.80772252142879,80.77331644280895,23.182916274464375,23.946831597826147
54.76644696644109,80.00321045664197,23.265467384439784,24.00269081171159
56.11204940763719,80.07454761777039,23.55169373985783,23.86001648945475
56.2700262813196,81.66181023652157,23.98237715150432,23.672039887997727
56.375430122012354,81.35909559486161,24.522028752241273,23.527009889195206
56.16467487533882,81.32405802317744,24.943539245588347,23.597085032563548
57.91846333177415,81.73015883381741,25.25769110760364,23.54922916626081
58.48952595165986,83.19752530164534,25.652556236929676,23.68847696879987
59.833488771303045,83.08208106762808,26.07211150599149,23.919365436834386
58.918366887250045,83.3529063705341,26.328185578501774,24.164799678820216
58.3662098080315,82.83164384999098,26.6375170980509,24.412342081018473
59.18979711621586,84.03791767714344,26.59783016036034,24.411025944730756
61.00460422580147,83.7215521069913,26.983738455298724,24.240652582213134
59.96566550760068,85.04705503744306,27.44882766863698,24.008829055904577
62.041291356136696,84.34623729948531,28.156999853360922,23.79065657122144
61.79437845484038,85.64034276285297,28.650825655953565,23.654497333754623
62.051407788769495,85.55917336501432,28.959532835180617,23.81683612943193
63.489816732814546,87.2031158814305,29.403262453418385,23.84949860292742
65.77452621753866,86.33080455533,29.021269553507228,23.91915082731358
68.37506904274389,87.26148270865481,28.816617312025727,23.7232723236403
69.77687839576149,86.83443307444762,28.49228048854509,23.750944297869836
70.30743465105107,88.52569090061185,28.253048443273173,23.65595050677042
71.6767641630233,88.09386179093978,27.964377625445707,23.702945990742215
72.22057957446201,88.08974512003988,27.689713266827916,23.71117933254203
74.3765265867017,90.10082272633879,27.422101513592654,23.73330639118834
74.26761595983287,89.76139438327905,27.639922767330326,23.607089889790174
74.17751286584183,89.40285438422053,27.8201289553124,23.517755284478522
76.04182669293314,90.59143617047424,28.130304006764426,23.563873335351907
77.76206798867219,92.25395648143412,28.756256886852345,23.49198109068499
77.87051700622163,91.83996145645304,29.361120986195672,23.498209006204913
78.71635068610323,92.5515828232933,30.16290157212444,23.737264902985697
80.3077350921357,92.4384783710154,31.216694043948053,23.96347380754147
79.96701809576716,92.68043892920552,31.89812803668513,24.34665289429318
80.13311926612172,93.12808755151822,32.449672221050974,24.33510217474275
80.59686211258675,92.72314188174877,33.306112259162624,24.253030648760795
80.20187547941724,95.16011326643599,34.09608552550164,23.89726738708859
80.83929811613027,94.35526255230532,34.640727495829545,23.687481571595978
81.83999408100443,93.99883292781115,35.382825220975896,23.485844268952757
82.78595916389241,94.57121515844545,36.257856965614934,23.263400444489164
84.25209949948652,94.64332676457425,37.05254209779985,23.11917723223154
82.97760905220848,95.14155137787486,37.71909598953973,23.063941507038443
85.56323137766645,94.72566141886983,38.24924412257236,22.945489294390406
87.88207372263793,96.47344509055173,38.39222461266438,23.27445409505458
90.76470219451808,95.3433093757743,38.409801167242684,23.607114358496602
90.80330804932274,96.21728479446094,38.33258945763337,23.79849198884352
92.94069978209919,95.55402209017589,37.94471177850944,24.15329095080636
94.69528136215067,95.45035583435278,37.35116811062935,24.360623462452583
97.40227704781122,95.23678730214405,36.76938306471776,24.787760526870045
97.43437104162217,96.61156433936709,36.70519507709584,24.932612771361573
99.36990122240492,96.10414822666343,36.69908585844954,24.9812072110391
98.83807308713884,95.57361507025188,36.79579101697687,25.075322411857364
100.96365580657714,97.99117083371824,37.39446469843242,25.090050005256774
100.66394815753173,97.36124186682031,37.993879996523205,25.370681091710637
103.73298473895956,97.77344381065618,38.80613830382529,25.539181699775703
105.09671584998793,98.32727782752521,39.10241519317698,25.439426703173773
104.3866845153128,98.8737519447497,39.51178053227791,25.35717579897416
106.91264231057767,98.87491504685181,39.53716638401299,25.35484959476996
108.65382683188105,100.36063412236076,39.10220228512402,25.43081638746984
109.79296988824187,99.48325501340747,38.84501728323253,25.164473494546254
111.29952745172329,99.10796786145414,38.8386558871412,24.912796554829082
110.74637833534659,98.6770404611038,38.947000320384376,24.776697556019474
112.58210673306795,100.16524868262445,39.264746039427806,24.792182998842765
113.90240673439109,99.8294138561962,39.63108564050394,24.461539450458442
115.46991646523495,99.43454211149964,40.50502672118371,24.249042804259673
114.16991655865725,100.52826949446005,41.08165873467218,24.084955838005804
116.96223019537837,99.48365983678772,41.601923279136926,24.139211214048157
119.06263234623978,98.95315262753421,42.53172769385823,24.174103889266338
121.40875237455629,100.48219418139271,43.04195261862452,24.23749977038891
120.6371490642878,99.4907390956569,43.53603738321812,24.122166229973807
123.44744485728188,98.91377716571014,43.187749343612445,24.221629380590816
126.3166793713067,99.98549175687174,42.70432074298051,24.180216369234742
128.18521804269054,98.90536471222012,42.09669867166111,24.25416694423912
128.53255137331604,98.86261882281235,41.40203201041008,24.339658723054658
128.1613180702109,98.27876923691215,41.11795055694255,24.480809835177265
129.4486379142011,99.20846405738574,40.592733998134634,24.670843323402543
131.97467814098704,99.17677501619222,40.64114282007818,24.734221405789576
134.00686505730684,99.25168757055582,40.66431280678462,24.584396297062412
137.0215065455872,100.30343597322853,40.75327914197686,24.520315928967968
136.8132180020455,99.870468156246,41.169856229060244,24.366298727904763
139.85490469628303,99.87581118584347,41.22777735220542,24.355612668709824
141.67468479375643,99.36964373000703,40.66090476776684,24.343718376879977
141.50775322826425,99.75147874137335,39.979167789000904,24.59564846389765
144.25334341493132,99.2106817508908,39.53641906154812,24.66755611568647
143.4361346165878,99.1056686580149,39.162266846483384,24.877582301438263
145.80929367712176,98.5900590707048,39.42699686137077,24.906591848867407
145.30438779277853,98.00018298976966,39.43015335117841,25.079688731858948
147.79020669622227,97.3795084674713,39.506512445954684,25.311438396122902
150.1025494260152,97.13629621848739,39.954912845447595,25.7978628940907
152.5031058160095,96.55675193691894,40.30109541344125,25.927492387631148
151.89352804349122,95.86410747471386,40.48344001619559,26.27597036975908
153.16374666941374,95.27362255830519,40.033723626219974,26.411579771641712
156.57911235804914,96.19273516037639,39.44821670295319,26.655096052167295
159.4609924072577,94.78107143850261,38.86501563906641,26.37008807519663
159.18677294017502,93.78956722695548,38.390852058198675,26.30789146822468
159.52256874503087,94.800126595363,37.71926044848697,26.315624805560635
160.21173900727734,93.86599947088817,37.34533769407855,26.17504351434131
162.47927534263272,92.92702823967666,37.79249829796977,26.060092666923502
163.02332615796635,92.94668621575198,37.705696713488926,26.020776714772875
165.51849917420753,92.31911757273049,37.71205061295413,26.276574014426323
164.92372429060737,92.27960595099982,37.897936492594155,26.355597257887673
165.9455608967038,92.1430263218435,37.86981696214238,26.628756516200326
167.76050612288702,92.05051219542418,37.27551146412567,26.813784769038946
167.50649341110045,91.20893254180388,36.777623938246165,26.485118177374268
169.2476066836581,90.7234900134781,36.274282958944234,26.463041378754703
168.83550544876658,90.78216958748327,36.113521056661156,26.34568223074435
168.59220070477892,92.19403107543378,35.619532678053204,26.463752854593224
173.21542458372687,91.04987002755313,34.173308356739625,26.802019091208958
171.71554283939042,90.46890863943447,33.33912939517426,27.005456254886706
174.70598680540868,90.25451932360946,32.10323609360092,27.434234886536725
177.26657827799525,89.98603963328306,30.729560850935535,27.97119426718953
176.43107695562801,89.39024023321268,29.628065031756996,28.23862691269261
178.28469477358587,87.82175384106407,28.65449183204921,28.64193726078197
178.16657760917198,87.36056920762825,27.98842019632629,28.66200056310294
179.95267748739488,87.32721478342886,27.092570973655008,28.728709411501722
182.2242064463451,86.37173190186407,26.065436558106512,28.881713423455327
181.1943476115522,86.93244233334529,25.53007846063273,28.6253178161794
183.89934950051736,86.0186591100579,24.38253754077109,28.747899119526753
183.5312384401522,85.15047583528356,23.44677277108281,28.812278778656832
184.41191072518615,84.70877777622138,22.507320258831776,28.873782838964296
186.01355025900324,83.49661732086653,21.726831854928363,28.875313085943233
185.87163143465818,82.97643629758245,21.2157757188152,29.120781347708125
186.04552156642927,82.06275603310057,20.867995455273036,29.367633565641626
185.6902405909763,81.69332422696623,20.790281126491497,29.31822089822276
184.8741325993366,81.76457400793085,20.850000993027308,29.175721336293517
184.35675048328613,80.73692350421541,21.099690949569506,28.875799517048065
183.80393407008668,80.24216384218357,21.420693585214206,28.296058459603323
183.22689193046014,79.67804894471591,21.79371078161102,27.862154088826113
183.17186728675614,79.82910488924588,21.903760069019015,27.560042199766166
182.28508963309721,79.15150202210248,22.12194891260384,27.359881470319916
181.3888941795121,78.78105486149003,22.358041436630717,27.322626599973137
181.13991862022252,78.3858492808929,22.855992555209923,27.331642242122626
175.41254468355666,76.26329643847092,24.04632559682578,26.839325696943902
175.64857247132534,77.14858735332447,25.17636403671019,26.670837882658542
175.10675345643898,78.43727495921077,26.260002066482915,26.542682368933583
172.40265212723588,76.12860451524473,27.510527932117768,26.170811105540075
171.37695281551225,76.7783748439354,28.71661695734616,25.716580046377665
168.34027494066777,76.20604428616097,29.64863175885057,25.147460845864966
166.6551182148866,76.4435378248446,30.432337884417155,24.67247376849773
166.15852792078434,76.9858867083948,30.55891211783485,24.45438235618422
165.18229462668984,76.07883061063079,30.78134545084382,24.53846129653226
164.11872795671047,76.96923703554822,31.168898562913864,24.49722867458611
162.95853410917442,75.67680529660672,31.739173309281554,24.456922729412526
161.7519398347876,75.64817999613759,32.38612526335346,24.514173330350783
161.09969566951733,75.5212900277773,32.79669228172212,24.767953267071373
157.07497063432837,74.60181437421573,33.61155961529666,24.798258889993633
155.28142375867398,73.8757668351631,34.44699882857505,24.415917609411963
154.07856792854375,74.01964933627045,35.005502701373416,24.128152607197293
151.3571331753982,73.25772425222958,34.8846223188475,23.797419479006685
150.6696003586137,72.35759958971846,34.41970032205911,23.757681173671543
148.43583095719092,71.35254277053083,33.41329110908851,23.943145473441398
148.4689358218026,71.78222107874811,33.34708137986512,23.98395657277543
147.67779343669787,70.95333317698933,33.12969453649197,23.842060762710364
149.02153104271022,72.23195982938823,33.124841960464444,23.96743009390974
145.16503052581245,71.46459971589393,32.7720892625137,23.709760602732523
143.5789914701487,71.6391704579003,32.39772303657191,23.360619118719775
142.90827825564818,71.39542862990503,31.988757243074765,22.972906663461234
142.98536732821088,72.03141797992345,31.83457909794933,22.563549745698595
140.0142127386288,71.34036586001118,31.802056220693526,22.23855911226028
139.7403919357612,71.57930167067164,32.349697826428745,21.760687490939354
139.15824276976736,71.75472678198523,32.665953035761945,21.409837268312188
137.54493122138473,71.73482449436487,32.504726270600514,21.44964184355289
137.24839547346454,72.15421436283975,32.25259340214289,21.456066470901092
137.35447584549414,71.39668567252872,32.04043265808373,21.288078774580683
135.6259125374779,70.53417975189691,32.1553969660801,21.34200946182625
134.45945827068542,70.42172928964561,31.973809789545328,21.566910386328868
133.3124438173142,70.2770252626598,31.75033001742688,21.856318440300466
130.27196002484513,69.4769722748366,31.947119975716877,21.775230808333106
129.14260648140842,69.98267459687605,32.52138412113444,21.606047634982133
128.0593497365623,69.60643785284333,32.99178483814564,21.51046473670707
125.28980052073935,68.73783970476163,32.55618178355539,21.540603465374442
125.41914222828098,68.34581535281778,32.29749836847214,21.477161289176756
122.98823063107744,68.41452932620959,32.10403205426654,21.33973334239315
122.19005932969024,67.62481398325015,32.02566393898516,21.244453310256244
122.23708273414317,67.94951784587325,31.93161713007929,21.429638773984493
121.02517074044738,67.49848259701764,31.846672605004862,21.49545310087367
121.66486983514973,67.40478718675702,31.403344428684047,21.682843921394927
121.29632606189979,68.41844641058883,31.307940123201977,22.153001029677178
117.54244927991232,67.06789224248723,31.26637845422669,22.33767095489697
117.19762533289914,66.99378994845232,31.114800812105404,22.48587554296679
115.14839084353288,66.1680429729916,31.006438859387423,22.45463712130802
113.85784985889748,65.91756428527358,31.069892246054742,22.116384969209534
113.4344218627535,66.98100662915945,31.082141381292423,21.65871399553844
111.86148501177017,65.4965605597504,30.91904069594673,21.318631747044204
110.68635289360208,65.1114095096838,30.811825140404128,21.269773916551166
110.36783278373409,65.52482843503377,30.632131350627848,21.2596700753635
109.25473169647488,65.41510101712876,30.416769738797036,21.4791249111735
108.67471832713346,64.83851297350083,29.948351481983003,21.81807850068094
107.08002772712908,63.896994300846984,29.886925201485187,22.07571210573533
106.69843034706368,63.397740712269396,29.834125423508596,22.258224744783124
106.36351793535104,62.89766258519008,29.685770007223894,22.440200759231782
105.5224556192534,63.60866166352775,29.730101707890412,22.655995534085225
104.84888361021976,63.559182687149445,29.431055117287038,22.75495348684183
104.53987414301363,63.53700094724639,29.228930101439985,22.799316966647933
103.53292821000218,62.20072745982091,28.789491358718113,23.018533332754153
102.07525112311157,61.23323141436275,28.44641353012706,23.324309422484298
101.40969864173229,60.76707240508617,28.14894092893475,23.442338659062038
100.64428072833029,60.79746653870796,28.056545904557787,23.38155039181846
99.35114926908005,60.325939245106426,28.21517303677957,23.515393050261956
99.3424097120339,60.30922152767246,28.232652150871864,23.54882848512988
98.49428626136256,60.26816743349353,28.299655117989637,23.630936673487746
96.68291468673272,59.840505357912086,28.654486534407415,23.669282891440176
95.2841548795661,59.86628882620193,28.982823580039177,23.617715954860486
92.62812011692097,58.763666730053785,29.331230892034316,23.341129040509195
93.34413742669214,59.26535543221692,29.555484109803988,23.165895554838954
91.83325374206206,58.557614330558316,29.262322846144425,22.923913441696318
91.27735983445469,58.30172243021857,28.7334833704835,22.615383596937978
90.4849822182463,58.05071121579358,27.896616573851837,22.310198682771823
90.07838666549864,57.646670790800414,27.13093976549523,22.328845575832183
89.99941706433711,58.10661215123669,26.510903046256463,22.186938776521483
88.386859224034,57.25001180186461,25.90532371637093,22.367861471068935
88.18382449915663,57.54410096869201,25.551695983116495,22.539380320423305
87.54366166187783,56.676488186150536,25.31808512407744,22.760669351909595
87.020063273,56.704956056463104,24.85152608641476,22.70373361128446
87.21260946665915,56.27300600110787,24.466433699096477,22.818922970009446
85.87859442711995,55.40053811493963,24.156310655138675,23.074782180827857
85.18322238224604,54.913252707397405,24.059558775086273,23.30560501101221
84.858221289531,54.482107642684774,23.963676494490926,23.422010674412054
83.75517218035985,53.75697339968051,23.93111739678013,23.379840949718513
82.64403858206107,53.43743332634692,23.918259141777803,23.27387927918573
81.770351817836,52.656189861473,24.179300746404195,23.350034285109828
80.66716029548888,53.09522900770581,24.14028884201364,23.220420975672486
80.65771917391338,52.3767504814188,24.159171085164644,23.165772469586713
80.22032326859961,52.27504981393701,24.28872924339422,23.369173804550297
79.49415485100494,52.76041171041151,24.24009961708033,23.14893324235292
79.05920833663549,52.486159802728295,24.363758123857252,22.9512025357574
78.62064981720643,51.838220513771,24.495840690170958,22.757012168583135
77.53462090241844,51.57146666877287,24.43585817696374,22.54650641098499
77.50957761492216,52.03456733248555,24.485944751956275,22.36003526173254
76.81603880036164,51.017684928537506,24.397938317495353,22.18117397425565
75.9077375654492,50.73968541815488,24.01457591813113,22.003851371957886
75.07982553149694,50.339185961578664,23.496819957856452,22.080323609050573
73.83172721276107,49.88123104226604,23.122362087820445,22.27856982079888
74.42491583119356,49.12387400391007,22.650929285511985,22.36339502839778
74.58228354063509,48.74490897441605,22.336193866628925,22.412441705795413
73.70402216748168,48.64536263828507,21.978608612977535,22.61153437805737
72.84204411799918,48.60058236938755,21.59599683864488,22.701094915852412
72.94993791238961,48.19061816764728,21.380209249864016,22.82348559567251
73.04049304487403,47.799212004770894,21.199098984895198,22.910269512346616
72.27501883070829,47.14408111565528,21.341037338794052,22.83152121614523
72.12669796390263,47.086632661927744,20.942147236773696,22.946418123600314
71.12304438427452,45.697298172605116,20.87651946665963,22.961173863085175
68.52749420862847,45.4226332274341,21.23648439696136,22.820341550428598
68.02440892025078,45.19102214328421,21.54895878709938,22.589867532111057
69.28492001611399,45.26362116656142,21.808141810766553,22.444669485556627
68.09126160033486,44.94556511307534,22.104828714136076,22.383904949799216
67.30445681834736,44.55804687714119,22.27722521247358,22.458334888848768
67.23932058470696,43.944574689447784,22.40749767975439,22.27628813196641
67.15197432253996,44.38220231412562,22.582190204088405,22.10471379050367
65.91960194710053,44.12071326816361,22.935772769227643,21.92397115384781
65.13497671987466,44.27165609833882,23.092207752431243,21.622085493497394
62.61419700385201,44.145415489314125,23.20529857259658,21.170499766992506
62.32711382565439,43.961233071760304,23.08081715103304,20.840216824141372
62.419397339812974,44.05515839689609,22.89625012271589,20.652366173869787
62.20833497380499,43.422694626903095,22.63279750645829,20.546139017308647
61.68581317365066,43.18047804462189,22.318271666068256,20.3507874615217
60.76492971689614,42.507389097138194,22.14471334557176,20.35341520048541
60.33351601231197,42.4946239539426,22.338427532928034,20.3789454868766
59.65563500682427,42.15790715711151,22.349114389433105,20.379841503303624
58.664115871681645,41.711935956829244,22.313997879436563,20.59906564377422
58.384062973292494,41.268945529554294,22.198442322656817,20.80938514476607
57.75016309706287,40.5306999426495,22.111841471350466,20.931475714810034
57.13385496376576,40.280726315989014,21.988890150925467,20.753639174621405
56.38172732278027,39.713456903574325,22.14706458950194,20.542097156056258
55.98811229197797,40.81931394046143,22.262143180022782,20.346837495533332
55.32597274634682,40.5980956256263,22.244746129158592,20.118436054140343
54.55902234280457,39.9813057776701,22.44479372350119,20.01816253731085
54.07671293819764,39.700994043644144,22.740977597593496,19.910351070241212
52.94487589694983,39.40865426391763,22.9907379890371,19.823726066010224
53.568892625739714,39.44803276040743,23.090268966399538,19.744969073030628
52.727587600620716,39.195124175245105,23.42476662666995,19.57673004837149
51.56299499546832,38.971804456951375,23.724419621991213,19.346858746631106
49.70183036133291,38.740330001553815,24.059691559859562,19.13239619134573
48.57939385288272,39.52367032098437,24.267315689967454,18.92388147701294
48.12087153618488,39.300560934640885,24.505486550881592,18.69122647721837
47.476223790305475,38.74477983383061,24.437340235494883,18.445346871693406
45.890028923709906,38.44620270077385,24.241391267280765,18.36883339752588
45.07841725095359,38.84529508860495,23.85631849486286,18.240080661173867
45.56359198528759,38.943618916118375,23.54742783442763,18.043433006147016
44.68895968842414,39.62091307754051,23.33607604511089,17.995922271998502
44.04995488257549,38.68654777287516,23.315009634664754,17.91603884811407
43.45442107164922,38.412610316087154,23.21024787004408,17.815999068453486
42.77658814600822,38.79047194702258,23.276543815088104,17.7049607597016
41.08721193345641,38.84555164514394,23.435870228830435,17.59480136345889
40.05369755545422,38.602274458033705,23.569358883697866,17.436842370633716
38.946026775057305,38.06655058174519,23.852823274715234,17.220372010026434
37.91137086411885,37.85959610776508,23.988004324665688,16.989570700677845
37.17172756628439,37.94967997850542,24.18137291877415,16.80940295919716
36.450845437302256,38.02263940201801,24.337319432776653,16.66348411217199
36.539898033886864,38.41197965968125,24.15921423960744,16.527652044887294
36.103806065397194,38.465212327303746,24.39348414026947,16.421186709642306
33.48566683932944,38.4212604384462,24.512338764408206,16.509090487357405
33.58836706535966,38.09790363761039,24.94986404904732,16.512878352329434
33.40183151492782,38.75187204673252,25.322935149910997,16.50407809135643
32.368332339319906,38.13498541752803,25.42486539466143,16.42780594545517
29.6623135963542,37.771317313460074,25.59467207435825,16.499863302811754
29.345652561361845,37.37319786178284,25.568967527216433,16.63707558903969
29.017669401321502,36.98293159666614,25.564003129757317,16.756677401733285
28.303600601627465,38.67755552726274,25.66644163547724,16.681677274710474
27.839735109381948,38.02545059223546,25.26789974376382,16.659614268560567
27.385995901671734,37.67815167227421,24.861803223669014,16.69742464072546
26.095742998474567,37.8786760834052,24.185753618558657,16.947686900764406
25.737005330462885,38.79612434654214,23.61271163305481,17.048566356781333
25.34330391605379,38.11480544104288,23.123623080934806,17.134712786841664
26.19951563009014,37.350747402762394,22.675666302562735,17.398362213702022
26.368578001168192,36.565278639227856,22.337541560406628,17.709864658264262
26.524115645129143,37.12971027857521,22.026466272484722,17.84022992935984
26.042495864909277,36.34957721880975,21.735793679549086,18.14658389551539
26.56527907571163,35.82544922819499,21.317660026498515,18.567407108190775
25.459086171294018,35.003728994848885,21.01909435102489,18.955371832728567
26.19483764506721,34.499621000839014,20.806210182771206,19.33427843110195
25.728844441601737,36.016629062254246,20.47414174966703,19.46039940835932
25.19736510737079,35.65634768557288,20.2794209131035,19.552122409209353
25.656774314387675,35.84796354709314,19.987844755558466,19.79613294265758
26.091872994420484,36.06334793204063,19.744164910767932,19.991881688037687
27.419570841510463,36.11079102029593,19.591815110337564,19.896995511527077
26.974981332404685,38.597685906410646,19.23726134725799,19.898136864462124
27.742896819647374,40.13132876782586,18.93399740173613,19.912268714040486
27.039137331586964,39.881468377354125,18.50640520464451,19.80028577057981
27.289468573391034,39.842309902493696,18.005742721036366,19.87860272030067
26.907169244404194,40.739979292232654,17.57749822071264,19.87252867826886
26.822792301193537,41.42138392191053,17.156764829555403,19.688693974070198
27.006874597008355,42.3220015635039,16.788600237925763,19.627161236850423
26.901776740107742,42.53653109014805,16.42575511394908,19.771143021340038
27.066089311123662,43.10909585119096,16.097129971917244,19.7648553597594
27.53846109598587,42.80897164635245,15.716403186728606,19.801086984900657
27.164376324912595,44.157681787838094,15.34776259523224,19.895692036036632
26.805365346398695,43.87270070617688,14.958067444221767,19.911795645339918
27.162132527970975,44.53234757281075,14.792277710520679,19.68799117095912
27.015629766766594,45.636712192935576,14.54365695242711,19.645767052718778
26.85676834696294,47.02419759349832,14.324464559548185,19.555372414024504
26.690801568083618,47.84726815702334,14.124449577542059,19.505076906268755
28.079560020313767,47.6101301201237,13.98644000784264,19.451451513115863
27.932527590993892,49.114992055796534,13.755685088569976,19.590646309244704
28.263203012975804,48.26780471561364,13.617459608373219,19.715644898309282
28.591670108643527,48.220263426560805,13.483255434577519,19.810727476414954
28.64252844236406,48.99939278997032,13.381538767136448,19.81829518486009
29.256664205161726,49.20766624483008,13.194006504897756,19.922117906818894
29.10032513942703,49.32658277977178,12.987868654527011,20.203100818775617
28.88093829139771,50.617580144488514,12.907046662542328,20.21908452955881
28.663269307716412,51.14974265491589,12.823900191571315,20.191728385371302
28.149472390403886,51.214969270745925,12.818125283248737,20.061275153711236
29.233146951869603,51.70097289874625,12.709317171357261,20.118538403230563
29.268089258336758,52.039262153847204,12.639432558422953,19.955631607498326
28.736600155316317,52.091832573890926,12.682280309544169,19.850490767410882
29.76725019143717,52.320488357016984,12.65781422654226,19.902387698468704
29.51527517500781,53.50222281386582,12.652188087656903,20.086799643491357
29.54061770699094,53.25390015777052,12.601503023690649,20.071204565120023
29.022995426101275,53.48270933284431,12.614431417409488,20.1247442990027
30.27870516006708,53.7299977665905,12.663886441066047,20.14234232982795
29.950412166453482,55.32614021736066,12.807205735061206,20.02965758767985
30.158703388170082,56.13932385423604,12.90460262109127,19.945228302318895
30.354324298693257,55.667064453163576,13.027701921106992,19.86106486233967
30.790825059207137,57.19387807467612,13.184962217772679,19.898223072394927
30.53289932403818,56.77156615369566,13.182507193649535,20.22454041989479
31.59284890515539,57.45365768904776,13.15526796145479,20.429852296720355
31.570833362625514,58.26535019341597,13.19929904651454,20.383833208692266
31.552704035235777,59.072776808516544,13.235557701294011,20.34648172172824
32.09918084338344,58.721324634343766,13.194361365741955,20.523507429702175
31.837045324791436,58.67082998535463,13.190787708693968,20.624496727680445
32.367189010937935,59.82097204429592,13.189095361744691,20.44140266048531
33.21175638739738,59.61932952554273,13.079540189100516,20.31816117123346
32.413785071682476,61.004893793464475,13.106931179293436,20.161285370784782
33.16485361874709,61.628085969625324,13.167662188490393,19.95681308734721
32.91784719235246,62.68257331352256,13.142776156113285,19.9234339402182
32.68014958027108,62.43913109144628,13.10018802455133,19.89233502864603
32.47634140506693,63.634831568920404,12.990996960924615,20.084971143872814
33.75714284434331,64.05235594581265,13.018782506584856,20.28567775977352
33.49320677814278,64.91507304536678,13.025305565580869,20.645639854285513
32.95063395049256,64.60025991337673,13.056760710915158,20.748420863282547
33.16518050921191,66.07365965983601,13.156576406767453,20.975074250109937
32.83407188789289,65.25963027599038,13.284824518364111,21.00122562467705
34.12713505230084,66.51539235124615,13.381239714679776,21.172242999297083
34.63980091001906,66.99460152122244,13.437268451370079,21.29518511147126
34.6588789124319,67.5147933046345,13.39911244654439,21.885172326162238
36.002695415296785,69.27773103050697,13.469608407601552,22.772303221276356
35.64902864776465,69.79579935049867,13.610923179763986,23.43422286999848
36.1883944682579,69.23969806018638,13.688666989526425,23.96818772524859
35.879246936917575,69.03060275165613,13.71949048719512,24.386378342309087
36.47152766139596,69.22265628206641,13.7233000016387,24.596456763188723
36.40014480042103,69.51362512796612,13.866065723588557,24.61187563360984
36.62717885091827,70.7359111163785,14.012012887539804,24.567364716567965
36.87474030718756,70.21503842222963,14.118727431218048,24.405435192432076
37.150232880974855,70.9020583319201,14.16899070413532,24.23389221403485
36.522636707728665,71.20112134491751,14.225073762570423,24.235320832068687
36.77606459309538,71.3484155771659,14.318742839426944,23.94073236757192
37.04311257229449,71.47899839315042,14.38237581134624,23.679566735602858
36.71466053505093,73.05227509262298,14.44436643712686,23.507580580190215
36.33705105992681,73.64489264239847,14.606192785863538,24.102523285173955
36.27140059210552,74.49497710566517,14.737493721506118,24.217302290320855
36.593745819589955,73.88249376470448,14.701706446501994,24.833365792277487
36.60957500853691,77.19562064995306,14.670048068608091,25.61671966076391
37.237611195246096,76.51230505383307,14.67108542786971,26.3547959866639
36.89006473907528,77.04745896762887,14.726684990174382,26.563474859146258
36.84318698248221,76.95377858704981,14.820440503360523,26.750835620304372
38.69777563809839,78.35375716027315,14.99860813162721,26.54244176685707
38.64162328848843,78.2014303335264,15.110912830847134,26.847095420350577
39.283601296995144,79.62135861252415,15.135480816573601,26.62428686783489
38.94351486672118,79.0863191307096,15.164271227043198,26.39160093130732
38.885906688981535,80.29081985495361,15.279487582522485,26.576297709816565
40.13335036460517,81.50626526244554,15.397067017211686,26.757873680769197
40.78019179712139,82.00195455369571,15.418989460973396,27.082100407062995
40.754648227669165,81.58330835891547,15.470076599877846,27.25641458577286
40.387045531964425,81.60168553049189,15.538854843657305,27.219660242620026
40.39357506819814,81.76253215446536,15.525795771189872,26.897966994673098
41.680167021599786,84.18404454751627,15.600862631685779,26.68938105134486
41.30874792541974,84.35154587639775,15.683460795587514,26.354378393581896
40.59409692884391,85.16646261198545,15.79944388219476,26.03786382895089
41.536873849286415,86.21993655229939,15.875603434623775,25.892629341637054
41.11440909100736,86.02055876092821,16.067511611905072,25.638363585102603
40.99294684241649,87.90390391757619,16.310436109086815,25.786358652021296
42.25103186050495,90.35398003886122,16.429183748077232,26.814771178577747
42.20940383672365,89.5483205654799,16.512439795639835,27.750010693700222
42.19673884786343,89.96171269773834,16.537769773360274,28.306041256832223
41.40811181890162,89.32008440415746,16.714831879912534,28.889201868308312
42.887458325537516,91.00325250639978,16.603127966054434,29.08160203809078
42.117066841934076,90.72579081087878,16.718503900685583,28.923821912844925
43.8238252456003,92.27023029565854,16.866601616892257,28.684234562116686
43.052314939308744,92.03084076918648,16.98707209141988,28.451738546033067
44.36675406923766,93.23105906939468,17.19761299197121,28.180866315923527
45.369653091155314,94.71223240700293,17.319923294330863,28.05599743563365
44.914777619495474,96.77299233359602,17.520110794211273,28.191858243083104
46.2167774471916,96.99467971568431,17.775920750384124,28.46343588179778
45.7518789624326,96.85199764360871,17.982417926717595,28.748800025948967
46.400165980320104,97.81929683470781,18.14789506541172,29.007278405454443
47.041009808437124,97.14901401861272,18.34153115531911,28.87252029150322
46.61339558604796,97.99906001571327,18.457869544189798,28.65020840911741
48.832358424174416,99.21774339790248,18.44497825732551,28.425358839433322
48.3956744249701,101.40981984984947,18.584426062945727,28.44472709226979
48.73098439745565,101.13180063739156,18.650341881427394,28.264229753732852
48.56867862300442,101.79642805198051,18.974953430329847,28.40482242686089
49.468312027332075,104.13835735513342,19.402990179781774,28.91800545613863
50.86289529455144,106.05574357312763,19.64287699580015,29.62681304583587
49.91296963021644,105.72525561182648,19.998912688497633,30.28778896843815
49.76061501355931,104.61471128669021,20.303621921811896,30.933354281102773
50.81968960676095,106.68853825547,20.593058827750436,31.60087252822685
51.173418409936666,106.44310085083083,20.70297009722455,32.09174733750517
51.097374332929746,106.84075071321894,20.855058251238383,32.12301018505532
51.00344911487656,106.65264464168257,21.042908687344763,32.49922232812808
51.749598006218534,106.8247069645102,21.227298726402886,32.15509768247283
53.66883883139417,109.65258833559979,21.57007962087851,31.516849994085902
55.07319024514247,111.08141404752911,22.09072818831418,31.15621211642647
54.359810085007354,112.97639483561925,22.681997790616087,30.708213412119544
55.393502228538495,113.13705672138641,23.129850057069866,30.3868896405852
54.81789916558097,113.2324657112475,23.440212272684164,30.196071660863016
56.9148139568451,115.89421640630201,23.461328349551916,30.773494193908434
57.800094790528625,114.55382535599445,23.395064323729866,30.897829832206106
57.870477186819436,114.73083284079706,23.254299531148245,31.39677766069893
59.987122506214604,115.99488908445137,23.31228625283046,31.443431589673843
59.11648949871714,115.10312747600767,23.33372309232338,31.50712563105923
60.8907030520936,116.95472088044588,23.230232533455364,31.24887537006778
60.582795975264574,117.0170364605947,22.990434449007125,31.124244209770136
60.24719957880432,118.85748019362052,22.811837615265905,31.6923048770272
59.88383112166974,118.68745673100273,22.6830945704042,32.03235180226279
61.415007329157305,119.8855591164799,23.054782569884075,32.2116773421497
63.5012167492993,121.67388854197735,23.219094982637237,32.97174974419196
62.95795946787248,122.32708168726649,23.42405273792967,33.42847706873614
63.36130828116666,121.53541263954529,23.509198269888948,34.11997200563087
62.8132960843161,122.24906495526912,23.701530670015057,34.50005136133319
63.23148748260054,123.35984458038044,23.77775576081995,35.01631577323194
64.00003822852591,122.8259767228676,24.083958910906883,35.162399167288775
63.76506984375572,124.28243888255858,24.553895680447273,35.0362549678335
65.45866289408808,126.86626035578111,24.90587256214929,34.54256574934684
65.40567555673783,126.09018552517334,25.01184723684979,34.22848388243151
66.10672644699575,128.16316600377866,25.469928703235848,33.80288941902465
68.14678233437014,129.97837658148677,26.045423149887878,33.89695324072906
66.99669500328574,130.3328299278844,26.46170223654347,34.1299943356904
69.43192295766852,132.32473672494461,26.352684561288417,34.907618975080474
69.96533353059901,131.96021357785628,26.248237984978097,35.636665269257136
70.03344859813026,131.1390724743025,26.11200784991557,36.30718985243027
70.9996014003807,132.82317255116772,26.139094273509258,36.85777375488892
71.60172471629583,133.2524640544528,25.92332773920282,36.987670845842594
73.07348785698336,135.28789700610034,25.940460671447706,36.864350560707464
74.5319685292743,136.5036925971163,25.97941378416425,36.403369016874464
74.0735572287148,137.1242695734,25.91726511765434,36.14118633193593
73.99625127507872,137.28649650354632,26.07187702492652,35.81673247164332
75.25095071580509,139.72415908877448,26.477273924937712,35.7994002702935
75.51667357277766,140.75109612422094,26.923812492746897,35.70149476290925
76.80693068291502,140.13110109080768,27.294699731535395,35.95768434338133
76.13792040834346,140.48969524988803,27.638958067175377,36.23425823872377
77.99868919265357,143.67635771333252,27.93181234736682,36.88611904725518
78.31400060682165,142.95678593830905,28.319506398652084,37.306945717680655
78.5710404935464,145.06378718134096,28.836488347906084,37.21719012243085
79.8971345527424,145.46085258359395,29.298660680206403,37.46117946815563
79.67389417723183,147.62728808532566,29.74514143122754,37.32578705602776
79.49600288730295,147.11176225864466,30.100924011085322,37.30229157264469
81.86311671979666,148.7132705219129,30.666457960400876,37.27913201469006
83.59572441382952,150.64769411420792,31.476209285438856,37.685251543203684
85.40842322030264,150.55559030363523,32.20304775367734,37.86945916434907
85.13869117246473,150.48181399466995,32.74251184935315,38.01701178227958
87.0716885923944,151.8328103716458,33.33071295324988,38.655665986144996
89.23707947181167,153.84872637435575,33.53140364338992,39.155306429699664
90.28495665002728,153.6460415314761,33.72328072823636,39.56067611545892
90.20459792787864,154.62888688501752,33.883998172533666,39.901310193924374
92.58457164091554,153.35760479547616,33.768078629874054,40.121860431299964
94.85755083631605,156.19636890713903,33.872300548303215,40.257057594512
96.38317591414575,158.56138013980294,34.31997573441409,40.192268918211184
97.38642913156514,159.05178824295754,34.658488918987224,40.38396252160794
96.54604403174062,157.8407958821575,35.15834845112467,40.44412590818483
98.64723726715913,161.8013046009443,35.71541178061224,40.85214562117932
98.7038568451633,163.82773987813644,36.80728237079434,41.61971405155679
101.38522217902971,165.3049928431785,37.61699857086025,42.368676242151956
102.13391621683225,165.77428171535493,38.63773275965747,42.68915963000025
101.17039403329129,164.75594659902802,39.284436025144025,43.4454887610587
102.09349391132504,167.19658778182688,40.04307909363505,43.77389204457804
102.96307757655438,167.009234493111,40.94316249046213,44.148598622009764
103.86889936438894,168.60676058544595,41.81109894746412,43.63312647001099
103.97852807051277,172.37345880322778,42.93734340333411,42.82723937503562
105.39120697656178,171.86925811260295,44.163854809008285,42.485017683694565
108.0815888960484,173.39026349322776,45.605516672930705,42.171977203603184
106.61710367894102,172.90040425140182,47.152428779456145,41.769637359565785
109.87516069211094,174.796477711981,47.63484441436219,42.176608235154966
110.27615301799636,175.26277146444232,48.24656020277742,42.6577211704184
110.68144987360881,174.31651392571388,48.86685343103376,43.119349308394
114.50924128688386,176.9177025123275,48.45074321577821,43.70855022420242
119.30937329214534,178.15964085928033,47.55556137720729,44.126367587614155
123.41174840170534,178.1918729669786,46.5685981445071,44.061903372217635
125.8654013594021,180.31107205287276,45.942638750662375,44.10485172197808
126.79121793179564,182.8007250244388,45.50900248628879,44.79753330050004
127.71832654371444,181.857787017781,45.076924398372704,45.26127017789418
128.93895519660305,182.72070131067662,45.480963078542985,44.95808958507664
132.06336607785732,184.73890452389583,46.353296811200785,45.19437645573804
132.85069124363048,187.15670635802937,47.66198000321106,44.683773072805835
132.27741607601774,186.4664991883979,48.80853033843655,44.610112669211915
134.54350917686034,187.09361637873135,50.15949716890498,44.826666546583375
137.70176550980904,187.01592959422882,51.319262537930086,44.98204011558846
139.17783434465167,190.2126009060297,52.91432927647917,44.65163670296582
140.48297416462174,190.61333861885169,54.90933109778335,43.85016127732182
139.0735219431261,189.94433590477473,56.17540768272782,43.635338847428955
142.23684809541973,190.11743890401593,57.69234691199614,43.289132848946565
142.2123796948648,192.88759323200435,59.32749406095493,42.50745523651662
143.42681573557687,193.39062650124444,61.69328742426468,41.50138869803641
142.0016098531327,192.93497935131418,62.92638225915254,40.79536606789644
144.2925461191121,194.86924442943268,64.84087506887013,40.175018582497685
146.7144603167584,194.32525319122004,66.56644496700993,39.62065148556487
146.88974424766465,195.49863546372922,67.87460018887418,38.93261002422329
152.69152713139982,196.53596758789413,67.93649068907118,38.52443952841738
155.6449087751219,195.8588120986161,67.0111601545821,38.21827292265503
155.3880268977597,195.8902484325496,65.8833492272457,38.15540025478805
156.8987676913765,197.8478878086344,66.10945411092001,37.48770797352645
