225.5,135.5,61,71
224.72733220122507,133.9931785661166,59.46808726624204,73.01364286776679
221.08567219030027,131.63511981998215,58.417013794904975,73.56256361344236
218.23544032951742,130.8863903791901,57.892494453408034,72.98502814067227
216.83482892880613,130.548436168466,58.6360828236361,71.60330213092601
214.73426806481038,128.74464235348267,58.74026280350974,69.06547713871579
213.53914800392772,127.21898442244552,59.119456818974285,68.09470078818867
212.88279112296956,123.52485473799483,58.43004491128818,67.4744574786803
211.9447261568846,119.30757577582834,58.324706143531216,67.98314060330571
210.88033038974365,112.79400476996281,58.46585211017778,67.09676364158922
209.00481815421392,107.27918991010574,58.26448492804395,66.2692184017235
206.684473503395,103.79464522321496,58.98487907901334,65.39771747416826
203.89973969981125,101.81594177230512,58.67995640002415,65.43886418521677
201.70003623459374,96.24491346391468,59.17155845183255,64.85750616611773
200.4604572167991,92.74362169064295,59.69801605833613,64.04928799631841
198.1136867549274,91.57795395088255,60.49460651454471,62.48367300830439
192.64997906248973,89.34093895352406,59.802406967454644,61.14789553703867
191.4551790546397,87.85893612966464,58.38260756469317,60.302501766295954
194.08370175677885,87.02433017053298,58.732549269991594,60.102717981367036
193.586671704291,86.04669139645235,57.855218942178894,60.186605096739925
192.7605679328101,89.10159476890361,57.64859076639161,61.51214122683377
192.13730529931462,87.6986929268543,57.01881567954146,62.441644557091294
194.4579685678031,91.76263330046375,56.13905404192444,63.717676058272275
192.445043383422,91.52511745050242,56.39177638073515,64.19270775819493
194.5800772788881,95.91235205362096,55.91765771584017,64.90811136705088
194.90316170501043,96.75290444082123,55.27148886359551,65.12845729271429
195.95641012661127,100.48056351534885,55.059464963812935,65.25103091733558
198.68178116510626,104.51841713170887,55.287582610501985,64.74713664952088
201.57181508083252,104.68738525039063,55.17404226226606,64.40920041215736
204.5136264661419,108.11292807554659,54.935808057530615,65.08529951635644
204.55331829992036,107.15752975661798,54.85642438997368,65.10769026286594
204.6481267861707,101.27153936022547,54.66680741747298,65.55483029186021
205.7266425210197,97.24799017303842,54.4010879718849,66.03668056979458
209.78967910913977,89.75091866745504,53.852789343401255,65.87527448544843
210.21589479889474,83.57856277105674,53.000357963891325,66.9213660593145
210.64611504695776,80.46054626093158,52.13991746776524,67.50135722417923
212.70903344276672,76.22596125129967,51.774536646492905,68.44961530275197
215.51230886475116,72.3521410213749,51.83419207923953,68.64231406031413
217.39186412743067,70.07004585253236,51.860373783684196,69.42121216819557
219.3463575614541,69.89790149439928,51.761255593344174,69.76550088446172
217.9533742261031,71.12537444371296,52.63867296197466,69.21910428790586
221.32000339743382,72.47885313161106,53.56371072319651,68.42672093808049
221.98744042768436,77.47401105098723,54.146377800406995,68.02411078788607
220.80601018747646,82.21728899103667,54.58839926574659,68.14174998316798
219.88119833415982,88.12882815792055,56.4380229723799,67.89752983251964
218.96776793395304,92.95177405284397,56.30892376385721,68.03143808735406
219.38739138602432,97.61368192767875,55.469676859714625,68.48731829581658
219.68599056335813,104.37041139143064,54.872478505047,68.6195593118616
222.63980856068625,109.93783540798182,54.790067685426884,69.13516162883151
220.60086228907306,115.46291553813293,54.97134640874697,69.77484282824808
225.13378378463284,120.13913559062986,55.71073225591026,70.2276315615371
228.357216960232,121.14958244024578,57.183804152260905,70.18672242419251
229.33717671053245,120.83811506776698,59.23032525599241,70.8096571691501
231.57516971991458,115.62111882095812,60.891868410272764,71.01443437436006
233.32962037738542,112.87796980021008,61.534436877138326,72.34926263404888
234.09543004392927,104.10258112109724,62.10950187889232,73.0465653135414
234.73328018891857,96.50250201327599,60.83380158891373,73.35983002110541
237.4969485470636,89.73168246801625,59.528430223530336,72.12459038345156
236.45438046880025,82.70419384834656,59.54266419048136,69.61235010618526
236.3120386896619,82.34106250746422,59.82734774875803,68.30622159930796
237.37560210409657,84.5678293459392,59.716967643973234,67.88618137052713
236.28828663347858,86.6165346449928,59.88312996087388,67.80570802109057
237.66506882925782,93.05883313303428,61.149325496359396,66.98039082613958
239.27437261328976,94.94878467849232,61.96525465983529,65.21775610099345
242.60709453096547,95.83445525244645,63.31068409362252,63.446414953085196
240.04692515197422,101.31828999856319,64.43867384753513,62.45961797102625
242.5455627332286,100.38527977404418,65.4364113001945,62.32730088167492
242.88699348089722,101.05056040707072,64.75354980485727,63.00861763713243
242.22817991456026,101.59621977914588,64.05922121397046,63.92925461654285
243.62447846048167,101.23478715198814,63.28219041084574,64.65211987085831
244.88588637233616,102.1483946580629,62.77405925809916,64.83958952967123
243.2137864819071,106.07906770835206,62.099063143389444,65.01663522022851
247.94731730619546,106.11847315882653,60.638762284586235,64.93782431927958
249.092417321605,111.87489054777595,60.32585655584194,65.2887553538295
248.98095648209556,114.04029892741505,60.54877823486085,64.91353228481677
251.52097094279455,114.85117489034266,61.39520576415106,65.26726584252431
250.04592866643836,113.5739764614193,62.35083874714024,65.82721113064777
250.13765649954664,110.10382756116425,62.167383080923706,66.71240985347936
252.37463251908133,103.37273672408418,61.75200603316685,67.99886655370176
251.57445570561876,94.94218445953813,61.309630955795754,68.51814144842362
252.89226652301397,84.6707989576664,60.717753138611755,68.62347427610214
256.653284191012,75.38089457735026,59.30347263650095,68.8800185350787
256.11366428941085,67.19150111811872,58.3654836620243,69.12097523211025
255.4812663794642,65.34621572094423,59.630279481917626,68.7997984990766
257.25162098097957,62.441021394909534,60.13203381912968,68.54649184078185
257.8758983399731,60.67675578122749,60.90882915168207,68.02432296706696
257.4005659924991,60.00517168129562,61.859493846630116,67.33782097774429
258.1030723028715,63.93543472570992,62.48862728121573,67.61387911023725
258.8404255320545,64.08485930781214,63.062381703996486,67.31502994603282
260.57701375048055,65.12454018764943,63.695034287481576,67.28858269652682
259.32189218972565,66.35847264822482,64.14273736592082,66.88325781844658
258.9779477013445,71.61101943640868,64.83062634268325,66.69460754507796
260.9614726552164,73.7232115290423,65.00599948356013,66.61264640843154
258.63601454415806,75.8807423908458,65.51152375732474,66.44297663317661
256.4967245005485,77.9724279453778,65.63408247416558,66.41562689449093
255.43370663269232,83.24490527649063,65.68060433326407,66.26824161533469
254.0826719124188,88.21612939051028,64.22681491346019,66.71544053817254
252.93619471590375,93.43146943223861,64.45777965113255,66.59470873150454
251.90752288330967,98.04092566293275,64.45137319442092,67.69454687961525
248.6249802874192,97.83473883709313,64.77381411984503,68.10692053129449
241.1396022662063,96.61190566970453,65.09745229427534,68.46014145635803
238.6747835127802,92.37419073688449,65.8208847559889,68.52316123172079
236.62072360362748,84.31303062123604,65.69791004152992,69.83665059834205
235.68171112403874,74.16027312164312,65.44178126955804,70.9347820171835
240.17140912741792,63.89907791060655,65.05129263085703,72.13213086112765
242.81799402669998,58.54757252677711,64.07742142919996,72.03689513651885
244.86717578246254,53.3719298624784,64.26429016858137,71.67509983784994
247.78506405896212,54.34711546789757,64.84846070613858,71.8647109905304
251.54709695315825,63.90015854623813,65.93341250535869,69.97666000907398
253.38870118472784,70.5308096844742,66.53036266089394,67.4157542792881
254.25036511228964,78.0096406970564,66.91641095343853,65.11434914013253
256.2021986325412,83.9507286002219,67.17109621402118,63.62805408651604
256.18133525974434,86.37777581968045,67.21282295961487,62.89324006217933
254.87818884305713,90.85962797720055,67.77048374162013,62.12406395261574
252.68025274306797,90.89032018135796,68.07615552083567,62.062679544300906
252.58856407031914,90.03284163900594,68.25953286633327,61.728753219997984
251.61924348503942,87.6871559358604,68.15176041072604,62.327297373955716
249.19995047200737,84.71087114046577,66.82751711803239,64.17131408557312
247.80125739308525,82.60108214111906,65.49916788360126,66.32802438812882
246.3406236377887,85.4503850114945,64.26841835966881,66.85744419916631
243.85773388881816,90.00293872612696,63.03957710968274,68.07670468311336
241.62102976485858,93.26189689954413,63.38410061792982,69.81655781562328
242.13010519710832,95.42120298964065,64.46298634651751,69.6920188216045
237.01367906355372,95.81482216437638,66.24673462031484,68.90478047213303
240.60339585050957,94.04726965632503,67.58037067848883,68.18335067219289
243.86117912636968,88.00735962707205,67.47882239092948,69.57314029043074
246.8101403562353,79.09629396908329,68.05560680502631,70.12938660953355
250.3510477031278,69.89651654359646,67.50203320435436,71.12029854553921
253.01286708586076,66.0042338680697,66.54408029497029,72.35633511246985
255.62406899973172,63.41036735912786,65.69553506651243,73.1702095310695
258.5356129854624,64.5543424430998,66.43065702060318,73.06832933830964
260.4364072376917,70.04024829624646,67.02149375607061,73.07758073183163
263.3991202842164,77.22448166215582,67.71337540594273,71.94372948585587
266.5010560487443,88.12528102619956,68.10672055075278,69.93378077936593
266.2805276089833,93.50039288855527,68.54777743027492,67.87883129077524
267.0723633460909,97.73327974041864,69.11255003025771,65.85838980964294
266.7235804193952,100.33376841917945,69.81011588364909,64.90815677418334
265.3495755219091,100.2851769594037,70.43692922158164,65.00533969373484
263.1587268478172,99.95586711571781,70.55358598525407,65.66395938110662
259.9695953256627,98.77073854418029,70.4974110445081,65.88940386249668
257.2558601071862,99.21031523358197,69.48232939137011,67.15776784705699
255.38285729677287,99.4486724964049,68.92486559854721,68.83278802823592
252.9076787741527,101.19590248363086,69.5363991498136,69.67715154775792
250.3788588176465,102.25093275182044,70.20936086096656,69.75943011230852
247.16279331836046,104.8490205109757,70.02880161458134,71.1759448389553
242.59674775760857,109.33745336558454,70.26617893898359,73.31747137611457
237.03330230976076,111.87929726262206,70.08790883316487,75.01688018294813
233.57772334046524,108.08391418984496,70.14471123440183,75.75329079114829
232.87892484613963,101.12750806911308,69.2451263480913,75.88301178284131
236.50180626367109,91.80702619046141,68.8540178106688,76.24489741310366
241.70350890274318,85.67330396196651,67.5877368845122,77.09093643010891
245.65349824517438,75.05961502491813,66.51928380021295,77.82373750251631
250.5985794490869,66.40565865401693,65.71462142761665,76.96065017386124
250.93806132727957,63.73631862651184,67.2807667020661,75.56400313636696
253.7645589266537,64.86407281655221,68.37350614156854,73.30849475628622
256.63797419814466,74.90442106818438,69.31929824446928,71.07479197537587
256.6019080260725,82.93203600757376,69.39143058861357,68.2848861608721
255.76049235037664,92.47225725963952,68.90614847476525,66.54935137866129
254.80888249024076,99.71799246484996,68.67629143909288,64.85634150390499
253.45787632807958,103.49334447906539,69.27564277687178,63.61362043510454
253.21002970071424,107.94042751819987,69.77133603160243,63.088531806657336
249.88610867755258,108.12835635631929,70.14431933666475,62.7126741304185
247.86500148437034,105.8718050470583,70.00369844289773,63.04294146880896
242.54594814775322,98.69642504843236,70.1692767412136,62.73216174117509
240.75400614658435,96.63665661422841,69.5689274829674,64.75958197929103
238.89487800936433,93.35160255226835,69.05704252294821,67.09954886875198
236.4653812976565,92.51158087417036,67.4836072752407,68.77959222494793
233.31019329199646,94.83507191338447,67.35642460572211,70.5701688273585
230.50444847823198,97.87612665336201,68.62406437730165,71.00383413132761
225.7595815020522,103.45505846194493,69.31865953157018,73.03867871129832
223.27341362230675,107.03285683395264,69.80768233085153,74.84970788770201
221.18253823757323,104.19860262917639,69.43398676617295,75.96276996310885
225.68907502798504,99.05964399747785,69.57745533860758,77.08414507324768
224.8834578692178,88.91123871076522,68.87981461700488,78.90995533357506
227.8138902290062,83.02345979133614,67.67106502222093,81.38128292284752
232.70144853330945,72.5468721298208,67.27513750746202,81.23128278472113
234.76861229452376,64.56880622805514,67.81301110679745,80.8347106620783
237.8624816209771,62.87481698860543,68.64125972766892,79.54536429179228
238.54186136352618,66.34246169682382,69.61456787490903,77.27421014003222
239.26500762329837,73.38637123794933,70.48069806707798,74.748504616348
242.42919662368894,77.12975118893823,71.0128015503144,71.83539903704859
243.25818389347617,84.17315480515992,71.60439564799623,68.99643499088666
244.42566966648815,87.39172254575463,71.48351518430991,66.98748167437248
243.0782539655603,93.06588619086244,71.99798835205192,66.54094555472524
239.43098402764355,94.40814098935698,72.74865127285429,66.03772827607985
240.13091255022857,96.47813566987553,73.53376762678384,66.267685713242
238.21194123148325,95.47416178791474,72.97000194357588,66.07477931681427
237.49076771148174,98.22089794883216,72.22334059022657,67.14833217503642
233.7971724239268,100.62265849050061,70.83266842471748,68.92820814716379
232.5467062663286,98.82029823398301,68.93178553901836,70.33202105975123
230.72446528692512,102.63054143429045,68.19006130114437,71.48394705249838
228.45733302817018,102.36924311654043,68.32545028512985,72.0065436879984
227.22029472680916,105.13656374126099,68.58976431365095,73.10119016116008
220.17376849533076,105.16570891966974,69.29639177644346,73.04289980434257
221.1669805817222,103.6525037910994,69.5513371246366,73.8279405405072
221.0057442043373,99.00191674537626,69.87380987940642,74.09835356824017
219.87627390118732,93.81351417633061,69.86571634978348,75.4070221626401
219.0506909990454,84.08950274666479,69.22953860987707,76.55629666844939
218.80132671092696,74.26285711623167,67.433152219117,77.84866819333999
218.37685584826133,64.74501345636298,65.99566162921923,78.59289699124521
217.85460413487402,55.50750317196583,64.76534139973833,78.86932830999523
218.16595020507395,52.05354390077562,64.14264925933844,78.99954053754846
219.57317322849028,47.82440252738984,63.57937341929885,78.45314245714765
218.59872413368595,45.90087696652784,63.29460730991491,77.8328649808865
217.62984078068592,46.070966808534436,63.0128442444288,77.4926852968733
217.6406266256007,50.38977746129204,62.99127255459919,77.69404840071616
220.09599892834254,51.35030652870095,62.505508090967055,77.9854803368241
219.4497057782463,55.935267857006835,63.79809439115949,77.65194314068987
219.1966341732685,58.32319510177271,64.3042376011151,77.32586273427233
217.37571669788886,63.954125110176506,65.71803525434039,77.20418920513475
218.73422775658625,68.50949189327939,65.24993896598869,77.0891589551012
218.6135778529436,75.07297006829245,65.49123877327398,77.39993035683906
218.52899208333025,81.80058005280162,65.66041031250072,77.43451085635334
219.77893977722016,86.60364506981824,65.41207036855322,76.8346025976495
220.30166625593125,93.44465478789496,66.6049161797217,76.58237577304045
218.52088308158554,97.9560577400883,67.91293354545145,76.5737658005007
218.8570986374329,103.85790715830902,69.51486135087193,76.14186154963524
218.6896226926617,105.40327318637429,69.84981324041433,75.34434255058585
219.23960678213317,105.5544857647448,71.03595785724325,75.04191739384484
220.52443343205437,104.20795254938156,70.76652727316328,75.43476110880891
225.50286981012323,99.85834056557695,70.01801073747933,74.92562885596429
226.5152317547146,90.86782123725293,70.27553672775626,74.64866847693557
229.25918753869811,83.23905650545798,69.35164749661187,73.93211976164608
232.30362701418625,75.36590070908488,67.77506658074117,73.88538823152275
233.053696387495,67.86067075687629,66.27492783412366,73.2833671618315
234.78896671419227,62.27801421660344,65.00146267207423,73.46330278565165
233.594860245846,54.0278210426856,65.21014630942192,72.52745473872884
235.6143884501347,48.10377588253665,65.50775134914406,71.36556071412812
237.22926484137201,39.96434769357311,66.58798191047286,70.40448371684131
241.18373024040955,35.94287927117763,67.3076605229238,69.81881115110627
243.11347920336584,33.022048857032196,67.76692553629263,69.18232757047501
243.88939393944327,30.232939412464965,68.37174841896237,68.29058939513588
244.71324070670997,29.307304616878362,68.87621758977394,67.9896962809641
246.65629287904375,31.177991440081414,69.30082808246127,68.55903747191294
247.30982199992843,31.258477673176102,70.16478348839232,68.39806500572357
246.50628828784517,35.57673108572365,71.77185091255886,68.48974921626453
251.63276598560097,36.49411004645508,72.56236006118611,68.86368420362945
251.31976369939963,39.59566360857988,73.1883646335888,69.3415512105565
249.7596869713997,44.261904864014745,74.06415687227748,71.2308747862427
251.07609342613205,50.36340009265919,76.00734790922795,72.75589616819937
251.59147611047644,54.797257913783575,77.31917089677913,73.25853395091066
248.81364282271852,60.69826704034486,78.13266373059307,73.3119500520429
244.9730854352871,64.00548786876149,78.65982112443496,73.85146577623057
242.3993180811109,58.65043385198428,79.0044476099323,74.95575736407487
237.08269991540902,54.81179007619495,79.94024168294331,75.359963221859
233.04136136278066,49.90077414123958,80.68669903154486,75.40036874956283
229.23673001649016,42.21850169919435,80.92282692367398,76.01864403274956
221.9255205008367,35.665059144789865,80.71794071850279,76.76944144449348
215.8653292308966,31.567468136720272,80.43871639567028,77.52485934300505
212.0311731588081,30.38114156565009,80.6444998707427,79.89751248514541
209.38370879149053,33.21578115508693,80.88300095507066,81.81287478173249
204.5719668770841,32.52964151665458,80.25796752977084,83.18515405859719
201.21457313589357,37.472467252127785,79.25134233199032,83.59471949453285
198.43812321658214,36.795617649654034,79.67568845282179,82.38414184058468
195.9771709197915,38.616167290144524,79.49352463674211,81.2950767644342
194.305732827173,44.73493748744783,77.77227237472594,81.7178574879605
188.24279843284341,45.00033200966755,77.34082397483206,81.18706844352106
185.87798325727672,48.09630124944292,77.07781724981793,79.98776704011786
183.52968221302112,53.32540554219884,76.82768406036631,79.4230290105317
178.8244771341138,56.01507709488065,76.3958690622604,78.96479848312836
175.05479322800534,57.5299433304405,76.59561367537373,78.38160707837653
172.4588634284533,62.102122134572525,76.90638200023635,78.99943201859543
170.044888232807,66.67835703369,76.82402368112176,79.66757964117485
164.85900028487288,70.43943274497376,77.33846763825673,79.53842717265732
161.22695079885497,71.98771200379761,77.19124196250077,78.91231020427351
161.20072267940606,72.05430761957608,77.24369820139862,78.77911897271659
164.75408996899324,74.74112882005184,77.50803110582709,78.3195215608336
168.27349281969956,70.18943084280696,77.83113207012332,77.60704196104487
172.80952023481663,65.37872368667736,78.55045573741639,77.43707777577686
178.39527690858202,57.55443460763756,79.66134712634344,78.346770250107
180.29383031244268,48.057958985071735,80.84083087809518,79.92165453708293
182.5463275816729,41.65378587470286,81.39920101610608,80.07158906664228
187.13161215942128,38.572160302201326,82.3999342621661,81.14918901086696
192.1887413109066,33.739744609882734,82.5879076210027,83.08734664914871
195.42258651383577,30.243111046000493,81.33832953234244,84.86250145971508
201.441778665019,27.195485768068757,79.76870049174832,85.7233743846924
203.81817585330836,23.166346723660325,80.22741132313939,85.96439466155451
208.6113588614091,22.17180073360032,81.10826098413578,85.33668272237506
211.05534194306793,22.336312702692,81.46223232125617,85.0076587841917
214.56139602105097,21.302355209967267,82.31439749556279,84.45414932621695
216.72229554522914,21.44902621098899,83.24504301353227,84.1608073241735
222.88915053817624,26.65256517275303,84.0928467398862,84.29894037044392
221.69709475367824,27.772027204451646,83.82511963831936,84.71185497760956
226.92106259815654,31.67375696850933,83.99364955154292,84.87074465112927
232.58020235997503,35.11646144606749,83.3124613500473,85.96315418761901
232.33400629333607,39.0435361160588,83.80485348332523,86.10603289708033
230.41844812690184,52.80157611647338,84.96026917686295,85.34695928955945
230.36590800511067,63.2861229059149,85.06534942044529,85.83388066711815
228.83898066385692,70.69232869923404,85.42788444818352,84.47806735432607
224.99487671592559,75.80182593830921,85.08907085964013,84.96176818871713
219.60860588369343,74.15077677185892,85.1497493974421,85.58590073995214
214.17039881901184,64.66889020665263,85.27117071631787,85.72843645201179
208.75480079268942,50.22932778358273,85.3307475990153,84.9856085807962
204.71595386768888,38.56841568795277,85.36200355514767,84.16811909044999
199.5118557429112,29.431232372753932,85.0912031635324,83.754241598799
193.22413662170158,22.16002096324702,84.37182869283774,85.00185170469891
186.42437268818463,19.034111157918936,84.63486935841698,85.91907643477325
182.9202631607494,21.984855232592352,83.58547878701843,88.07519791169545
178.35471187650575,20.24779111307315,81.90423504300159,88.84623957260783
176.08832932086912,25.421361745519,81.06014371839096,89.25281117948391
172.05963731809317,26.97088407803146,81.07357407050839,88.83508439893717
170.85214742016228,32.260733437383045,80.81352498462043,88.95550120723281
169.50776349413883,34.11084005068315,80.82953364135147,87.92804717594848
166.8942219178498,38.78123429978057,80.74259306924355,86.55829426478267
164.11183149848185,41.113100478116614,81.03885060710395,84.52882355854832
162.85363461807196,43.95261639809415,80.94802423655815,84.06423198132435
160.13427777395376,47.08606053369497,81.18973320129861,82.9943484336187
154.92085805889513,47.696863080724455,81.27442446089435,81.77274333955972
151.54661630585147,55.35420314099195,80.31990115951663,81.86407683395488
150.9970132518355,62.90274930125888,78.86505781566228,82.0912812247386
148.94831057606135,69.3826652805528,77.89322677356621,81.80454025026178
148.12715855129096,74.36846667330576,77.02079393961704,81.89188499871557
146.01541213889536,76.50526520775465,76.23975089432729,82.62282379989875
146.02475567791015,78.06882390969197,76.22106381629774,81.99697431102291
148.66652040942785,70.01752041898195,75.91994943972796,80.66112848981305
152.55120924984703,62.80059645818346,75.54725515582209,80.3016096175451
156.22809067944561,52.682073777973216,75.5555742210047,80.9064365129529
160.0885888566259,39.63825939677801,75.22540312887853,82.35798106789514
165.27465389997627,29.56357258493653,74.77724308728008,82.65941460137368
168.14038198908332,25.763030167599524,74.00286790702391,82.8248779391107
169.92037280522518,21.893922007994867,72.91163746616132,83.15684068405673
175.9307136244048,19.566911284528025,73.17319098354079,82.89796806869494
180.06974744916207,17.283323698231385,72.26498460664607,82.55190239287502
179.86541243415468,16.46999922759619,72.67365463666081,81.74183600788942
185.40631026994532,17.613906914643863,71.31462489922794,81.88471211733118
185.64108018104875,16.507050868425544,70.8450850770211,81.68727226286657
188.75084254455177,16.337910803202227,69.42669396901057,82.0255523933132
191.29192700302139,18.80734761092716,69.11054653216964,81.85270025796163
191.57024861241086,21.56640396675447,68.55390331339066,81.08509929828287
193.60087641199047,26.014043589278593,69.20155386586926,81.60763235651025
193.26344812536695,30.03617167234445,69.87641043911627,80.68219011592225
192.94195909783247,33.95935987037362,70.51938849418528,79.94423700862995
192.4909336112337,41.27545926791661,71.42143946738281,79.52209922249115
193.32445101626843,47.50829485874224,72.13061232381713,78.93746637335913
193.1538835234163,53.84856976939392,72.4717473095214,78.14902173053193
192.0055534003084,57.6831692453805,72.39684821989329,77.59450078609049
191.88996067093086,60.22180857966695,72.62803367864834,77.24064992929762
191.7257613686389,60.73878967908066,72.9564322832323,76.2066877304702
189.45116241038522,59.658756700034,72.80785801416332,76.01786759577537
188.26117955745266,53.78977974733249,72.84424780184128,76.03794191024252
187.06839108400274,48.71647319547949,72.88535819890542,76.80668881460572
186.98355112460672,43.52363141426165,73.05503811769748,77.7637609708677
185.76469443294138,39.76427999904131,73.11794171278002,78.1580344365641
186.95549749437777,35.71397307829589,73.11830384923834,79.11274350006167
186.8547003420323,33.96373463380127,73.31989815392927,80.21634576034982
185.31153945815828,33.65161819751335,73.98893617796776,80.84057863292567
183.90886542065167,33.325150305308384,74.35662110952457,81.4935144173356
182.54823259696525,34.379206156248756,74.62419734860353,81.83909212374877
182.4492423255589,35.35905583223416,74.82217789141617,82.34272658197077
180.98233328308373,34.16785026166647,75.281666614037,82.25080836077663
179.4847652698113,32.99000985882137,75.79658324797137,82.12626977385636
180.90351201614408,33.964898282646224,75.44556436024014,82.66296753114098
173.391089269357,35.37809283692388,75.53491281567597,82.32582792894208
174.73644737759656,36.89349609648865,75.32961738249801,81.78044219311369
173.63233968520424,39.86285512122885,75.064180045797,80.78902958660453
171.52319050835757,45.73355548726493,74.37454386274472,81.31746519639647
169.54365769156897,52.81891895617615,73.43114326911599,81.85413694019186
167.16107868415884,60.13090262576549,73.30722538987804,81.89739728318777
161.33565175781297,69.31111280441777,72.74192327144326,80.63959528546039
158.05483606976458,78.24389009052376,72.05958559075015,79.67663517909146
153.41172255213593,85.91815282593653,71.79063675605302,78.6608735131976
149.88495490931015,94.35824564731995,71.73807961316975,78.36157020367867
147.59565709538896,99.14596603915163,71.59027805095772,78.2389238001242
144.2851031103325,105.05990786701341,71.13458358437047,78.20571087223418
142.07732961268002,105.13091157906402,70.84781759829121,78.06370344813298
