51.5,53.5,87,290
49.46589016697955,59.568130705178675,90.0682196660409,288.29931454998655
50.83440993897284,60.12156259919499,93.08165094959708,287.1924507619539
52.51927703485597,63.29058049102406,95.50215424998363,286.6446524704486
54.62954629789366,61.06240236338235,97.10843671178479,285.27418773785547
56.73231247013404,58.857770590948405,98.7395608904459,283.8467947595815
58.91124867207165,56.27886637284493,100.22771217258298,283.15857950977613
61.141641078583994,60.02047147364232,101.63016974602643,281.5386116946495
66.19051347333988,60.553108553749894,103.2634528743091,280.47333753443434
65.89986419048827,60.51694885756933,103.8447514400123,280.54565692679546
71.48963698742537,57.828079742032344,104.4478566403271,280.0320697607749
74.55436392912122,61.305625627858745,104.21324581985623,278.97182105204297
77.72779962724951,58.75726867140159,103.74179709966104,278.1931122888959
80.56145831903024,59.44449945633144,103.93024837422018,276.8186507190362
83.46543128538173,59.82633323964458,103.96176774335083,276.05498315240993
86.63878073837199,60.1003316065966,103.4441535509345,275.5069864185059
89.89632298977503,63.48068208430138,102.74097948278747,274.55819589775535
92.923813905693,63.82563447387216,102.47164479578683,273.8682911186138
95.8763664277777,64.19190748570995,102.33744762733828,273.1357450949382
99.13377015598564,61.65201405536294,101.58063184019299,272.4575402863616
102.50682467943889,65.09551560523943,100.56915986197401,271.30517425529615
105.79600358580343,65.47801348565048,99.69069373775042,270.54017849447405
108.64897974375182,63.25409872086445,99.65782659478732,269.31492285111244
111.68053065341141,64.16184143214645,99.24967179169852,267.49943742854845
115.08168631347417,67.64693152053354,98.06894260466684,266.1508393848681
114.98201617775749,68.54860214459569,98.26828287610022,264.3474981367438
117.64062880543314,69.25942566998785,98.50979215242879,262.9258510859595
120.39148135146185,67.17030000267457,98.55080276107176,261.56138671988566
119.8770724506597,73.79124412293945,99.57962056267607,259.3672864519874
122.42025185053332,71.44788072368758,100.00416961947897,258.543105393941
122.05918084555094,72.2113736997031,100.72631162944371,257.01611944190995
127.29718940848693,69.50765454557785,101.24566983190986,256.9258700859914
130.7717832969857,72.2698139069227,99.80216528120681,256.9072345895961
130.52416326379256,69.88125949051633,100.29740534759308,256.2047730309667
132.25424878673203,72.9794893717296,102.31558100148399,255.48665996830997
130.9739527805745,70.42564586611438,104.87617301379902,255.09025567499864
130.0024519274553,70.289631627847,106.81917472003741,255.3622841515334
138.20637182349316,69.94985279858338,107.1586264485766,256.04184181006065
138.67942795206454,70.63399522812165,106.21251419143384,254.6735569509841
145.20983065524382,71.01963482186297,104.2751527128337,253.90227776350147
145.63184388562098,71.22529676238348,103.43112625207934,253.49095388246045
148.95609410965716,70.93817212470579,102.2778513188043,254.06520315781583
155.39761331342663,70.91188459960901,100.36071455005987,254.11777820800938
159.49415084774188,74.28935243759602,97.6171113182321,252.8123143688381
160.8420403777903,75.01466158726595,94.92133225813525,251.36169606949824
164.69734823928397,75.01496254520221,92.52304691612078,251.36109415362571
168.15617089472482,74.99925789049973,90.874499058895,251.39250346303066
168.9399461381926,75.0589581893506,89.30694857195942,251.27310286532892
172.2422863386979,73.06009233260029,87.91190437883637,250.06119837094198
175.33925722818276,76.40905302674753,86.88496636466657,248.53028074744742
178.15424904978806,76.80474294150598,86.38147098434658,247.73890091793052
181.18311841774326,75.2142026623359,85.42977174841963,245.81394197628723
181.48197528895506,78.35108297993693,84.83205800599605,244.60144351763944
183.5373716623231,79.19347845803698,85.75435356324729,242.91665256143935
185.8356785290175,76.96829185968254,86.1835491730093,242.34121641499743
186.12969977409,76.71787904007547,85.59550668286434,242.84204205421156
188.35419146814928,74.06371693140815,86.16838276385263,243.1285068024393
188.00600610888495,71.7090677847566,86.86475348238133,242.80145458938995
190.83518972163728,81.95790383247353,86.25069351001414,242.48101150650592
190.1605037408266,80.44917935227915,87.60006547163543,240.4698657908117
192.2881958063452,78.50806744015577,88.36895957474357,239.32781138091315
195.07115969935387,78.47783232492739,87.82485236173255,239.3882816113699
194.8874748082535,76.485725801541,88.19222214393332,238.35963212090005
198.13725183085282,78.698015345263,86.69743489510932,238.9398198298307
200.83688978410723,79.21921442548881,86.28422515149917,237.89742166937907
201.23558709176305,78.9910496863574,85.48683053618755,238.3537511476419
202.11529092812006,81.9062781579325,83.7274228634735,237.4790635640434
205.83140509366942,86.56736162386893,81.206553774449,237.9796151163189
208.93605527189726,84.95644869120567,79.8698725612805,236.32882183835827
211.7136520845748,89.10537758099555,79.13938244367651,232.8556675665296
211.764050897431,92.81630008192866,79.03858481796415,230.19571422293723
212.38903718519146,95.44767396499485,77.78861224244318,229.655111117654
213.356345651998,95.44125272453908,75.85399530883012,229.66795359856553
215.95016732582297,96.4258058457896,75.32279157369095,227.6988473560645
216.48988614725755,95.2301623002308,74.24335393082178,225.4714352596332
219.38770853061382,94.98453251158517,73.01494976478004,225.96269483692447
219.95107879637308,97.73135895998655,71.88820923326155,225.02072375850082
222.72095871111912,100.90028314635761,70.86603575673166,223.20046173872086
225.12141354932425,107.2091279849583,70.53805664613549,219.5286331931476
224.9857199429008,108.5891977904447,70.80944385898236,216.7684935821748
227.7824468936125,106.4377535698404,69.59652109241809,216.69085088852432
228.21334777772947,107.28158232148299,68.73471932418414,215.00319338523914
230.9967334466338,107.55836967508694,67.4852812751584,214.44961867803124
231.29616322929155,107.71856425724006,66.8864217098429,214.129229513725
233.9220584055709,103.87729461468318,65.90550461582338,217.5408955402996
236.43410219617078,101.78908878324074,65.18249069417675,217.41623354363134
238.82225381414156,108.87541993856212,64.69209056290491,216.1012805469976
241.06106735543858,100.08803536874322,64.47266048026981,216.64326168679975
240.78303353423172,107.0023372212605,65.02872812268356,215.6000297859895
240.82215321468425,108.79307236541615,64.95048876177847,216.27590723365017
242.5414066036025,105.14311047044046,65.77744439343307,215.04490620461934
242.27950839121243,111.96856160951154,66.30124081821322,214.18407181167004
244.62990540568046,102.62395836599129,65.8612913502883,211.56905549365507
244.55727355204678,111.61068818728373,66.00655505755566,210.45819020862308
244.8845640605868,100.83211763000892,65.3519740404756,211.00244860050844
247.00307427340746,104.37465130097414,65.31316295675045,208.11559060049416
247.02901471682335,97.76894739949554,65.26128206991866,208.85731814915397
249.74701812320833,97.26378276191127,63.99139761587498,209.8676474243225
249.7519423631622,101.97553074475809,63.981549135967285,208.758086404064
251.89612604208014,99.76355210833003,63.834250775607295,209.04097467944422
251.75329687596482,101.9602433622832,64.11990910783793,208.78994236946124
251.33557765450263,106.73985972695975,64.9553475507623,207.51886928687796
253.47262543885813,104.48406431060585,64.82274802060668,207.8889640810304
252.87558468848357,109.55810642269974,66.01682952135585,206.02947396172826
257.1761534738856,101.01043800290216,65.69552146271339,206.5651517770001
259.1356651774401,105.96385270181317,65.91810492196451,204.94153611189844
257.3791867990383,130.64631914976286,65.30841271318712,205.04839080297137
259.73150987979926,104.55597781758621,64.71671662680895,203.7607224904554
261.74554034426626,100.92830811663453,64.77243413303444,206.93228345719928
263.99040558685635,102.80913999800399,64.41250586860245,207.30042191520852
263.92133613447237,103.39568700434214,64.55064477337048,206.12732790253222
265.80325358409914,102.51818419057682,64.90110405432208,203.76803934985764
267.6170290934781,114.11703828379855,65.36083021655881,201.0067170683872
265.5380186348784,107.82589140748799,65.46234289128587,197.3629778511191
267.7592775879783,113.90663072514091,65.02638247340721,197.22117168077662
265.7604468753898,108.40425626518115,65.02748905242703,192.23970121606743
268.0261562590097,109.00898721843615,64.42174437957624,191.03023930955743
269.8413756584352,108.63556149533417,64.68869007018304,187.87970626630363
266.64101642786534,114.03590893125232,63.37468669976521,184.79373322602493
269.0411017724586,107.23749363067974,62.36393608374932,183.23288353448763
271.63879750335457,115.67391215719822,60.917286438857886,181.35501374905286
274.0249466769281,111.49613736898964,59.84056344304174,178.62383727147713
274.21057943059014,119.78761663793202,59.46929793571769,176.58891041687036
274.40752847969935,116.73085572489205,59.07539983749925,175.49993429008254
272.2543035919738,117.73495329378301,59.80330499192466,173.49173915230062
277.0776356027372,91.58760380152387,57.28306024501571,172.3382935771847
278.3881135319322,114.7632717406627,54.66210438662567,174.9976091306512
271.45416169089054,110.23563288297683,54.56855604627083,173.58179782919433
274.8688682209883,117.0718923207576,54.67625693370023,170.31494987507006
276.0923115225779,113.95461961206558,55.65354309135393,166.2769770099551
279.3152810559439,105.04541827776839,55.97696966774688,163.78728274917506
276.1367484501993,113.45045085125622,55.6237795705438,163.75285587393006
274.4248742982415,118.17648540924074,55.69933438746405,160.99717373195165
274.98801718253384,117.12326783636445,54.57304861887942,159.79331916947893
277.43883838327343,117.99576958171637,52.944009083548266,161.32091854492322
277.17614518584384,117.41084181320687,53.46939547840747,159.2262154869867
276.7393328414177,113.17453632063959,54.34302016725976,157.96570633233114
276.84840020820343,114.22213710667482,54.12488543368829,159.11286268075364
278.46960191325473,113.03137694464611,54.13721263373015,158.23965239466654
278.8694723540422,110.50091020512902,53.337471752155196,160.05807409296497
280.62724798233,109.61830863651689,53.075722089307135,161.82327723018923
282.5535752626994,108.62908228581068,52.497184104157455,163.80172993160164
284.4674297084295,106.29835191458375,51.96107919297703,165.17158669377557
284.5109330571766,107.91715220139521,51.874072495482906,165.23515968065246
286.4472696952692,104.34667300309432,51.301870092583464,165.77517633068268
288.1836774723999,105.8882514211913,51.126618993266135,165.98958394943273
288.52828976022556,101.84045454088252,50.43739441761477,167.49045036024444
292.01669027068084,104.84903926877995,50.07230580380441,168.08499331154977
293.85279877221717,101.25800379310493,49.707582534731486,168.6520767949002
293.7523242460523,99.2356650416738,49.90853158706129,169.3880185768051
293.3660840537282,100.5012972607994,50.68101197170946,170.17963132456887
294.48199819225863,99.25910069331044,51.79761085886116,169.31559729533416
294.16951323918175,99.5343108157595,52.422580765014956,168.76517705043605
295.68445925763496,99.62985161026239,52.753339470054485,168.57409546143026
295.4912644283455,98.33262035682614,53.13972912863336,167.804510765317
297.0912829235016,98.42755376884419,53.29994546221455,167.6146439412809
296.8304521984827,98.91145512485511,53.82160691225232,166.64684122925905
300.1958867855932,99.49766650513067,53.803460862557436,165.47441846870794
300.4745732854019,101.42920804151836,53.2460878629401,164.95070492402436
300.51574282882024,102.21137538759524,53.16374877610336,163.38637023187061
302.31342924881284,101.11872286968676,52.86632722837166,162.27372397543405
302.55505515526977,101.54327324124817,52.383075415457796,161.42462323231123
302.18372127370833,100.17134408320436,53.12574317858073,160.91274152981174
301.9373892093138,98.91938728358996,53.61840730736977,160.15457047720437
302.11075717179705,100.54694276769607,53.27167138240328,160.15977358022087
301.9604759809102,99.77279642996501,53.57223376417703,158.45402161513886
302.23822234939104,102.53070377697404,53.01674102721529,159.40871916240536
303.816275691304,99.03363829570799,53.09932577257031,159.9254672665757
303.7935177097056,100.68620438745059,53.14484173576701,159.8678910042842
303.88069654502254,98.85506412832291,52.970484065133185,160.28260163892702
304.10913816302383,99.27079821967033,52.51360082913056,159.45113345623218
305.85249984971887,97.9251097949444,52.2569572519692,158.91243050945536
307.34878229709835,98.50985155191836,52.482107243602144,157.74294699550745
307.40871548629065,96.85352042477349,52.36224086521762,157.85040654086268
307.0845981676983,98.9048785288365,53.01047550240227,156.95222780547405
308.7150519584558,97.28924400800202,52.9531744821966,156.9798902858338
308.73679263815876,96.61416256348848,52.90969312279055,158.33005317486086
308.9586573761251,96.48593809745216,52.465963646857915,158.5865021069335
310.6315443282302,96.90548587702483,52.33709865917669,157.74740654778816
310.70016317572237,97.24478406525577,52.199860964192354,157.06881017132628
312.30957138846907,97.72181978373084,52.17148855178722,156.11473873437615
312.16729761234706,96.62332493925622,52.45603610403124,155.13538120700022
313.8888498271022,97.11072015263781,52.18053515967723,154.16059078023704
314.07768614954153,97.71426639010318,51.802862514798576,152.9534983053063
315.81281111332606,97.74519264675527,51.457210328733524,152.89164579200212
315.89788715214104,97.84422488361835,51.28705825110348,152.69358131827596
317.4892467452066,96.48983727248304,51.21581218049173,152.2908834250273
317.67467807248704,98.14945840405757,50.844949525930836,152.07607840107934
319.31989579288825,98.10010674973671,50.6491127973307,152.17478170972106
320.97049870114506,96.81378884814083,50.44032747255684,151.65499702117302
319.75674441015514,97.05351058423273,49.78663326759796,151.17555354898923
321.44078235393977,95.97162208569969,49.480967390545786,150.27692053553824
321.5024249876015,96.26683687140634,49.357682123222276,149.68649096412494
323.0831723399368,96.4665124681257,49.229558977434564,149.28713977068622
323.3030167777431,97.24167165986269,48.78987010182197,147.73682138721225
323.3752190877765,97.76218033570332,48.64546548175515,146.69580403553098
323.6400351340156,96.4919935013772,48.115833389276986,146.25839424426206
325.3350894631409,96.79307076413545,47.68758365692776,145.65623971874555
327.00983099113796,97.47616548860098,47.283545393018755,144.2900502698145
325.5857352597568,101.22926165393147,47.21312579108157,142.62108006855232
327.50245528698554,100.1694980652178,46.273270555319314,141.84702242728446
326.2780606946737,100.607088873519,45.85671161410649,140.97184081068204
327.4127773225823,100.94426762584541,46.43254220046758,140.29748330602922
327.30261392435597,99.51606770290637,46.652868996920205,140.3076493738782
328.6050941540883,99.35271409482183,46.89832098606554,140.63435659004728
330.0955871213943,101.99370791006645,46.77688852752365,141.07147591169817
329.76259097205997,101.25747834626938,47.44288082619228,139.6803842193474
329.5923541388731,100.11230978142855,47.78335449256615,139.11480044251655
329.6156795407075,100.21036934263088,47.73670368889725,138.9186813201119
330.7889911516337,99.19448631401946,48.24050438003898,138.1000234643406
328.9780887557472,101.1128060342311,49.0143914659394,137.11130172978991
329.10924248752127,99.78560708281499,48.75208400239124,136.9178516691662
330.5132346492788,99.4494768103931,48.784427508105935,137.59011221401
331.01042125829883,101.0708818463755,47.79005429006588,137.1978201124345
331.4477942083934,101.5975576380854,46.91530838987674,136.1444685290147
331.91893040115866,100.64959816482848,45.97303600434627,135.2444833132724
332.2529020047291,102.31971717585756,45.30509279720537,134.67014131018658
332.31945911733584,102.80849974010326,45.17197857199187,133.6925761816952
334.02960222472484,101.92526831744101,44.48085642540666,132.729874958827
332.71255756703766,102.02724450449251,44.41211962383123,132.525922584724
332.50378472552296,102.3067594250825,44.82966530686062,131.966892743544
332.3626922465516,102.46251113634628,45.111850264803344,131.65538932101646
332.1245484517616,102.67770622983885,45.58813785438334,131.22499913403132
333.7505133641058,102.87760014638297,45.03778581212748,130.82521130094307
334.1051919845223,102.88739091891449,44.32842857129452,130.80562975588003
333.1316030952536,101.94503998991698,43.602967202166965,130.01769246621
335.8841041011202,104.86697589430142,43.39429366608861,129.47014913309607
334.7919251505959,103.46442268921031,42.942097511502766,129.63870148764377
334.915751372822,102.35167698037586,42.69444506705057,129.23351467496525
334.7133430416409,102.8749994546778,43.09926172941274,128.18686972636135
335.7188618712169,103.07183098314324,43.701114542488384,127.79320666943048
334.5419131903834,103.47334002405324,43.436742074510526,126.99018858761048
335.91070853495614,102.29627354312558,43.30115531981361,126.74231761501727
336.24618660525255,102.42860725911098,42.63019917922076,126.47765018304648
336.67744607736677,102.42304801993933,41.76768023499236,126.48876866138978
338.5473158101555,102.54389577159462,40.59229950804496,126.24707315807919
338.6811255710334,102.90440739019625,40.32467998628917,125.52604992087592
338.63013612955234,104.73138206726534,40.42665886925136,124.39629172696
337.205993392449,104.83699421127723,40.764929423571445,124.18506743893622
336.8921926958178,103.54087125310915,41.39253081683375,124.26409470354344
338.091435097842,102.38313832947321,41.51988463807395,124.05372192552672
338.07144786636667,103.94850488773646,41.559859101024564,123.44816297840109
336.79478377898454,104.2569492713476,41.59590378578739,122.83127421117884
337.10406928853104,105.7965343729781,40.977332766694374,122.26126018454524
337.35059079239426,105.9450133186372,40.48428975896795,121.96430229322704
337.577572096584,106.17712198657267,40.030327150588526,121.50008495735608
336.40121872269907,106.72461601550152,39.92146274349925,120.40509689949837
338.90496399319466,106.97677507775872,39.80197466315337,119.90077877498399
337.5517614031733,107.22856552566286,40.07374156659378,119.3971978791757
337.75561124690756,107.49595372732351,39.66604187912529,118.8624214758544
337.92444125362266,107.84377347889722,39.328381865695036,118.166781972707
337.9719796315503,108.38468511743075,39.23330510983982,117.08495869563993
338.01566794710044,110.00584861616598,39.145928478739464,116.22679107017646
339.3672937725207,110.41004761339934,38.813020660907156,115.41839307570973
339.2987967087162,109.7902929595272,38.950014788516135,114.30515316019282
339.17774692668746,111.36103282187293,39.19211435257359,113.50306709022631
337.7364833627839,110.60991990617089,39.7422687497017,112.67292019095123
337.6439212719629,112.11912467835847,39.927392931343604,111.98504212738686
337.47381761136995,111.39778614312975,40.267600252529554,111.1036537706236
336.15789071084464,111.60365505210189,40.58182636902728,110.69191595267932
338.5339862325965,111.54748413802466,40.46447003697104,110.80425778083378
337.36590157394556,111.7931466558216,40.4837347882418,110.31293274523988
337.45971481341974,112.32961438374764,40.29610830929344,109.2399972893878
337.4932440144424,112.72840309462849,40.229049907248154,108.44241986762611
336.3006710092655,111.8719032963424,40.3353550944042,107.87657864100053
338.9039006924015,111.94052938310543,39.67419591809727,107.7393264674745
339.0723748037349,112.2643518587706,39.337247695430484,107.09168151614415
339.3925358049043,112.64481921452584,38.69692569309161,106.33074680463366
338.3931458020867,113.0211825956138,38.474761852492904,105.57802004245775
339.64855345915595,113.10080069544428,38.17010423651122,105.41878384279678
339.9099170019934,112.244122944308,37.647377150836334,104.93376984502726
339.91867004790106,112.77002694133935,37.62987105902094,103.88196185096456
340.1704791103715,112.83759951883005,37.1262529340801,103.74681669598317
341.3601068891711,113.0147700837249,36.90255988222395,103.39247556619347
341.3738680178324,114.29565683235516,36.87503762490133,102.97714603799753
341.6508743909247,114.72812061207767,36.32102487871678,102.1122184785525
341.9623326298552,115.93494989787216,35.698108400855745,101.81616618003582
342.0012624640563,116.23707510837346,35.6202487324535,101.21191575903322
341.91058762519907,116.57848181471041,35.80159841016804,100.5291023463593
341.76742034845483,115.62413434509439,36.087932963656506,100.35222942863723
341.8676768897569,115.02837306151939,35.887419881052374,99.45552246425146
342.04800883367085,114.37202230354649,35.5267559932245,98.6964457237658
342.0306049830444,114.56345325952361,35.56156369447742,98.31358381181155
341.98633776979847,114.58626292800196,35.65009812096924,98.26796447485488
341.8010573275907,114.69080937666493,36.020659005384765,98.05887157752893
341.940655763838,113.83485157894224,35.741462132890234,97.71658122905635
341.9583824465538,113.94563584822825,35.706008767458584,97.4950126904843
342.0596718135595,114.93859810961533,35.50343003344719,97.54953976224772
342.87891104534225,115.11758094563776,35.90252186002931,97.19157409020286
341.92497426510374,114.20709021006627,35.77073950182833,96.97289964266783
342.69044626181653,115.57894277345011,36.27394183750517,96.26334084500257
342.69655657324705,115.6374970682598,36.26172121464414,96.14623225538318
342.8197046413102,113.74922970604729,36.01542507851788,95.86046740183299
343.98781910541186,115.80775075393964,35.70181569701498,95.7886643994492
343.04819145039795,114.82697793854001,35.56512988629262,95.73426890949827
343.17643199268696,114.87298493671724,35.30864880171458,95.64225491314379
343.181757036916,116.075823201525,35.297998713256575,95.24333139325444
343.25072634287744,116.22842026308601,35.16006010133366,94.9381372701324
344.40072777841533,116.43058658028488,34.85404573631006,94.53380463573467
344.6298712652976,115.328863246401,34.3957587625455,94.75457492502915
345.84926273094794,115.41971214059237,33.93453058453881,94.5728771366464
345.9952368376112,115.43543299943357,33.64258237121236,94.54143541896399
346.0797256100208,115.45836269226436,33.473604826393185,94.49557603330243
345.18056540699405,114.64370271976838,33.314780620858876,94.16775136670661
346.0915332736094,116.96978329052044,33.442424788344525,93.41475002663508
346.21562159440333,116.22872223110586,33.194248146756685,92.95573495204528
345.3983101437761,116.2722504521792,32.8987919346132,92.86867850989861
345.2314842475774,116.43745885490915,33.23244372701065,92.53826170443868
345.08456944290555,116.60875841620448,33.52627333635424,92.19566258184804
345.0604911115616,116.9704089643593,33.5744299990422,91.47236148553841
345.1827937393977,116.12675180504004,33.32982474336997,91.24393198361821
345.23156375678144,116.43808653123786,33.23228470860248,90.62126253122258
344.28530208226846,116.75696980977857,33.22742659554067,89.98349597414116
344.31617663479915,117.00004617874879,33.16567749047933,89.49734323620072
344.22172535620075,117.35526260857696,33.35458004767616,88.78691037654437
344.2327427532772,117.32769232134376,33.332545253523264,88.84205095101078
344.0200911364376,116.45792885405704,33.7578484872024,88.70787277985144
342.6743572509474,117.69052731334685,34.56988409404401,88.12210802541057
342.4816469382977,117.0896539612597,34.955304719343545,87.43827111412384
342.4122254137692,117.18394543872287,35.094147768400525,87.24968815919749
342.50666084190965,117.08824463423818,34.90527691211957,87.44108976816688
342.68036824492464,117.22048215613613,34.557862106089615,87.17661472437098
342.8717977482034,117.1778064050026,34.175003099532084,87.26196622663804
342.9946121788412,117.06187501900935,33.92937423825657,87.49382899862454
343.12269733100607,117.0282893539248,33.67320393392672,87.56100032879361
343.32126732165347,116.0044321632643,33.27606395263193,87.74726283831532
343.3208292624821,117.26884237940192,33.276940070974675,87.07543300885999
343.32808506567045,116.7533626954428,33.26242846459793,86.25902515871398
342.38466383195856,115.9549193066641,33.3138841018405,86.02052510609018
343.289542829224,117.21729615619256,33.33701051211285,85.32865581183654
342.3512315684831,117.41258560552772,33.39027499789589,84.93807691316621
342.3634390445751,117.64490406235626,33.36586004571183,84.47343999950915
341.3861098921977,117.76347562190972,33.508939903926844,84.23629688040224
341.57794654977033,117.84425053240827,33.12526658878153,84.07474705940513
342.6560612245822,117.16756598459966,32.77057905986506,83.62657433431504
342.62371021722635,117.05626131418447,32.835281074576756,83.84918367514543
342.5650462451168,118.04393415119861,32.95260901879588,83.6669476040999
341.55306750332693,117.2899622710037,33.18397734282359,83.38230220493777
342.46657855706917,117.59097632828339,33.14958552659209,82.78027409037841
342.38180402376304,119.4066169696585,33.31913459320438,82.71569507069977
341.3957459351514,118.60822433972149,33.505804780084276,82.52703434023049
341.50135351401957,118.85798383665241,33.294589622348,82.02751534636865
343.3611612652662,119.07974020503673,33.12516353489211,81.58400260960002
342.30266723034816,119.24277715145486,33.47646590623852,81.25792871676376
342.48820579318937,119.35625508716653,33.10538878055611,81.03097284534041
342.5429625407975,119.38153914050912,32.99587528533997,80.98040473865524
342.4921345572146,119.55990098912507,33.097531252505675,80.62368104142334
343.30048899700483,118.78245054489182,33.23217272992181,80.4272315728932
343.4516286912554,118.90004499893038,32.92989334142068,80.19204266481607
343.4522044124778,120.73526388971496,32.92874189897587,80.00589302272839
343.2609498584284,120.34549183292111,33.31125100707469,79.04599828335279
