289.5,67.5,64,236
282.92782006373227,67.83707450903376,67.09210424829112,234.3258509819325
279.2854172272773,66.57459893511562,69.81647461888879,232.2903668274566
274.1714691437769,68.27269611353445,70.87966034844106,228.89417247061894
270.81012105227825,74.06043627787643,73.04841887802091,226.42656744876976
267.5449894935374,81.5814899327548,75.0197954219604,225.06111985963958
264.5084029922126,82.44570363478795,76.5173466144251,223.3326924555733
256.59271113548,92.07806462768228,78.61366383084206,217.803036966833
252.86530019552902,94.95394355139413,81.53099055087682,212.0512791194093
245.93826472626893,99.65511150560408,86.3697205704725,207.15661367045163
244.04824024971666,101.09276849864474,90.14976952357704,204.2812996843703
240.45693584444234,100.23021806909522,92.78359131782497,201.4576135271686
239.44620138983674,103.99215604568118,94.80506022703615,198.48776158466842
236.1942814850391,107.35834913601238,96.76283982503374,196.30143561560374
232.29174226142192,104.99127212957173,100.01977099784162,196.48744235405852
230.51617544257675,104.5362758941273,103.570904635532,197.39743482494737
220.28528031153016,112.40349513708966,109.98751848257366,195.70817275407416
214.4567898427707,113.5350279873266,116.87794597513012,193.44510705360028
233.02500277342622,104.25138977525982,123.38833630270364,192.6137985048962
235.73451367303903,95.12865451025169,127.86225285993976,196.0198615002198
240.29898385128237,97.7679289035035,128.87769808577622,200.88569829603938
233.92302910334323,99.0490562447008,131.3054494140543,203.4855226974449
234.78945455714563,97.39749288478788,134.8141742242416,206.78864941727073
233.304898787251,98.8511219356961,137.78328576403084,209.23102816145004
228.5819989444156,114.02474557730758,141.79332806083096,206.06256782258077
223.93310667248355,115.07148122213945,145.63649163241308,203.96909653291704
216.68142913489805,113.23775191262435,149.16703267787955,202.150148137095
212.0712911781876,110.22766603879155,152.87050637637435,202.65351766983443
215.25838104323486,101.43258222108776,157.66645521345527,203.48849245447894
218.4175295653478,94.14575388895454,162.70020535628527,206.7101019316895
259.1440691883818,80.67447249928854,162.54729379904873,210.4240453713554
209.1338183074502,93.46867055591426,168.78453146130934,208.2814652830046
254.3451706982242,74.08429050125511,173.2401859078276,211.47084068179805
242.6736815192639,65.32335896836238,172.3793320298917,216.89078762965528
263.33827653610354,69.51188170964012,167.77140680611808,220.75416375040166
259.04984908050324,67.88347465867953,164.1397146566151,224.01097785232284
258.15420249326087,73.41587568826549,159.83660472977905,225.13498199579237
253.24886259213176,76.01968206473035,157.56587949107603,225.9680717633433
260.11579493355214,76.66236984034211,155.8636995488062,224.68269621211977
259.93418955816134,81.10736036153023,156.22691029958776,221.76102268424756
257.7289822267392,89.12530758226265,160.63732496243202,217.58544313168596
252.45123787129216,90.90655444488317,165.25345261867574,214.02294940644492
230.87593833135543,95.39759814846818,172.64105564781426,211.00136134106407
222.312864411446,93.15408587817517,177.69908813676471,209.45432820621588
216.33254250505436,88.05607074320487,183.56795715696722,207.46680889099488
210.27159524228668,93.36042131603797,189.5346997881349,203.01325963969643
276.0436608313276,83.13692624746051,187.79044586852433,204.9174101684983
266.95712487477317,79.31295263801448,187.41480236791045,206.38245224948275
275.00812446607125,77.86639130069769,183.71226896508566,209.27557492411634
268.05198388041237,73.32226312308798,179.06801792736553,212.17832054298978
259.4643703141603,72.17599318229512,177.77572103505526,214.4708604245755
225.46797620434793,78.71005958452164,184.06500733622926,213.7434280038126
220.51036751222492,75.78539261421547,187.71988503706615,213.3324222610158
235.19547145372687,75.57595926242452,189.9124954534123,213.7512889645977
243.22367357567458,78.35515560915476,186.56436736332955,214.54703434804355
267.278579706967,77.72421754799393,182.64465212081035,215.80891047036522
285.8989934307897,73.96053223944136,176.7509404478553,217.0668579325323
298.3620783043412,79.55693018624787,170.40594663894296,218.2615126643797
297.1535957471584,79.00189794333936,166.71377443997005,219.3715771501967
308.08602835111043,78.68741163282117,163.04669957016793,220.0005497712331
316.23743824182657,74.57723166490135,158.77497430999955,222.2053624464408
314.91162689717567,73.7505585137203,155.44773155242842,223.85870874880288
312.25114795896127,73.44743226467972,154.81969757211886,224.46496124688406
310.3976491763233,69.70996506880698,152.57893577272065,225.99213627395534
305.73586325183635,66.4199333382292,150.03519055765975,226.63854120309352
301.7388917949052,62.70575707230009,146.2268865753933,228.16577028688738
294.86976193389927,56.2711928543049,142.38352669305937,229.31381898664716
288.18062013222993,51.936259369261364,138.32178237430918,232.17034331603793
285.00386801924503,44.30974114088214,133.1002144688136,235.848307641331
284.92744188800236,43.06465470486556,127.49945668232955,238.33848051336415
279.14719966938407,44.83747641770849,121.97572440096761,240.4875759938778
275.70696757691877,41.24512593548697,117.59360957186357,242.04098745130355
257.9917370679397,50.50429575801492,119.55533824030988,240.25701398100355
250.61503877869967,60.51668192843994,123.13660999086699,236.99042888203797
254.19939472523183,55.66089444619951,127.16787378966849,235.50202815465303
237.8633159000709,56.707610684981404,131.60365446195027,233.40859567708924
226.52808672869912,60.71539942247398,137.19794537422706,231.08507401225967
227.61818805485535,59.19375161133165,140.7701665455604,228.37594581089851
223.519046864606,66.46884770891053,143.19619580431487,225.37025985922915
222.11273967963484,64.73024504115256,146.00881017425715,223.0794471318507
245.86364911922752,65.1065093403763,138.9715187687296,222.32691853340322
252.0017640158755,67.81039271030446,132.34704510577103,222.5709079238843
256.9417801493605,61.15665311165965,128.01093878464496,224.79053522948604
262.1298373050542,60.33571041473999,123.1382445766034,226.43242062332536
269.28587656510183,57.34614607671391,119.71543635314902,226.96691415105707
268.9817689740424,57.29616937717182,120.3236515352679,227.06686755014124
272.1660077874073,57.55300371476196,124.76670593845452,226.55319887496097
270.28631686253766,57.35623668899032,128.52608778819376,226.94673292650424
286.69509837087946,69.43826011821167,134.51719682253332,224.9590700972176
292.48718358874896,75.99491852085276,139.7812437774468,223.07789821903708
286.60113144437145,80.1884959418457,145.87679598404137,220.36729545921168
289.3919643680148,83.97767932526537,151.7705738777864,218.52665056288822
292.033609608196,91.33430967209571,158.10271121103966,215.42881768284326
289.53012162817834,89.86199766209687,163.109687171075,212.50839963591832
292.75238180548246,100.28421973389857,168.47005294626138,209.37128468700683
287.59848809459595,98.96249869513153,172.83630512115025,206.0731915176567
279.27974932948314,100.10541815948784,177.55110894045313,203.7873525889441
274.35965256302336,98.12275236164528,181.38952669875943,201.7509084100159
267.0325646863142,98.41874538658001,183.9805480547558,201.15892236014645
266.57742645085915,98.27110817191056,184.89082452566586,201.45419678948537
266.6733322601013,98.3246313157347,184.69901290718153,201.34715050183706
260.92555477173244,98.25499704024993,184.03846049289626,201.4864190528066
253.09709724994573,91.39423496697498,181.48626560773852,203.06853658020236
246.47108716553328,87.58548870151823,176.57749686310808,204.6324328066307
240.68739156351734,80.59535074804391,170.14716729749193,206.61422820048065
238.25031151436738,76.19876534169315,163.168731267817,209.48110094919477
239.1677360551671,68.64613707449445,155.47672183547664,212.87203678211017
239.80025483414465,64.0357365033465,148.42854797512166,216.30970162200623
237.47237563740327,59.054514369044426,141.64633306059125,220.5531592366038
237.35133310183647,57.398565823607356,136.21842910168857,223.86505632747793
236.64021413468467,53.98010209487495,132.0122132067989,225.0735299557495
236.2119417575399,53.735022798893425,127.29330700443911,225.56368854771256
241.43940368416867,50.99234289842934,122.34104805633865,225.5463834434836
244.30345886200556,50.406391395448566,116.61293770066486,226.71828644944515
243.92500383442902,56.17850393728094,112.03301826363662,225.84772035014316
246.14991940753242,59.255188394369085,107.58318711742983,224.93929584519518
252.8489794075242,62.66520812508983,104.49386314090872,223.27365439548493
253.6901069137905,61.16612861875015,102.81160812837618,221.19556092948307
264.45389653506,64.68817185662616,101.35045270445733,219.16808040838612
269.53589239086926,62.84510273918701,101.10956451953724,217.89266687991517
279.19358780092733,63.67664697142757,101.54929685448515,216.22957841543405
241.62689516189496,66.52578768957659,97.92669382362355,215.4535462484439
241.35754334143186,65.78977962461852,93.61781584267561,216.92556237836004
240.4943200812809,58.35519420393416,90.55116614182697,217.4154445562769
249.9061405601659,60.06287255307474,85.96515814638886,218.74596551210638
253.2759361269608,55.01614616094285,83.90888392451528,219.47278447293778
258.8205271788734,64.14026305167572,82.13348993715763,219.8521269244071
264.24891249433864,64.35635560447449,80.53751025063181,219.41994181880955
269.06800297064416,73.14624087792583,80.09015844561578,215.62641499329925
268.82447172780485,82.4437139138359,80.57722093129435,215.1635499716092
272.9496335155573,90.35922399981924,81.39722944763106,212.93802793740483
276.92166194024935,93.57773072629155,82.48916737662654,211.01901187364996
304.6259196643956,90.5724959246827,85.71090313944904,212.51946215293572
312.94128172163335,85.93330858006541,87.43687225897114,217.20866353367092
284.2962719177097,86.40552227783355,88.47705698010486,216.26423613813463
289.1040910100689,83.72738903176727,88.24623430620359,216.92809487485863
287.91738365302876,69.54651054235413,85.92178089969102,221.80051125072106
295.99321373937147,77.17622401857018,83.94943058335605,225.44683077342287
296.17317041511694,57.82338546338636,83.58951723186505,230.9494995542894
293.4574784211388,62.724168658380805,84.20534857542545,230.77903845309245
290.52708878316014,56.51740871921241,85.2418757073073,233.5440540432783
289.0504966560269,61.793035785917965,88.19505996157369,232.75790446726052
295.6573310836955,58.55769143772207,89.7549904639585,234.30406004441164
297.16937531055316,59.434345168400085,91.7056515653367,232.5507525830556
279.1777202596527,57.52835393824813,92.79734673254127,231.37821862413148
281.1294757937329,54.86995523410799,93.8809822075587,231.707869489234
283.00368805512545,53.31606267810142,95.14377425942021,234.81565460124716
279.6790331114499,49.73436693167483,96.71459019792007,236.90055214524915
280.79129566617877,44.264630600760555,99.62658044401829,237.56699409596584
277.5858352239245,41.63986076132382,100.839634158096,237.61866660440856
274.80777230754586,47.3336082436134,101.17565227504427,236.6713870714474
277.88786785734106,50.48218591191349,100.22781810442174,235.58658866381512
283.64656745973394,43.548368513320995,99.07022124907613,233.91451993683998
286.6943912547139,44.79086612715655,98.10981070020432,231.42952470916887
284.42767404732007,46.89182901821212,97.56093209361407,227.22759892705773
287.02135798332694,51.200548006931015,97.38540410029928,223.62200082831887
289.2683281733654,52.95571869354421,97.84801333397247,220.11165945509248
291.6837861896262,54.307435157256236,97.9309185452667,217.40822652766843
299.19057296797206,52.76856872470108,97.54548305838348,215.60991336950923
300.0296105835773,53.44962569209227,95.86740782717295,214.24779943472686
301.2205261928119,55.997260228945166,93.48557660870381,213.94645366686987
302.81407113445607,50.745229413501804,90.29848672541547,214.95526207030068
303.58307677946516,46.49678647504062,88.76047543539738,218.74627820243305
306.8604710771565,40.388989982651,86.93891551925248,221.49541382873662
306.6552836761492,40.436091812800385,87.34929032126709,221.40121016843784
311.1249280250626,38.297891190636975,87.90251958901551,220.93135242997707
318.93438247897166,44.23656206468539,86.53177423322975,218.55278638323512
318.1700230411686,45.11904012079768,88.06049310883589,216.78783027101053
322.96094896653017,46.69605364641819,92.55625721763764,213.6338032197695
328.00715558873287,55.1077998632021,96.64395333235181,210.9904201453213
321.5396675450241,50.943495419508736,95.29822439206862,209.79855901424088
322.48473944998386,51.094641753088794,93.4080805821491,209.49626634708076
319.60168361587967,57.64519740091393,94.49244453698144,205.75865047818257
321.7333058857358,51.9143346893141,94.87568805835323,203.2809117181302
323.6940669953921,55.88389463990855,95.57130591505259,199.9589318929533
321.10334992845236,56.48850954278625,96.17187812675687,198.7497020871979
311.5835520498059,54.52226107422999,96.91682244238001,198.108536163893
307.8595175612784,57.80609734147595,99.78765565627889,196.11809939255744
320.60280471342617,61.29483845264038,101.88780214209126,193.7384039685799
322.56853613609417,57.265506039324634,102.5553501664647,192.59904705579254
322.421794381732,60.434633673344564,102.84883367518897,190.85449963024155
325.26140241341415,60.68632118816403,101.74266262573842,190.35112460060262
325.5626977315763,62.84463949323141,101.14007198941412,190.5811690246422
328.629195300988,59.90134331309568,104.086543191323,191.9280282145475
325.8549824001038,51.75163265238696,105.02492018306414,194.39730310588314
324.3888700388764,60.12675670579017,107.95714490551893,191.63456356529645
314.3522492240805,61.277795265408514,109.34340164462776,189.33248644605976
303.0299341268166,60.97353229927853,113.34324331931988,185.27981524836082
295.66480627081137,65.45181294325579,118.73652244555859,180.99174225329216
290.0750709494682,72.40714947116557,125.22138618139854,176.47028301116544
282.2989490236571,76.67697125856104,131.30586682445465,172.6645210406576
272.43136136224604,76.32218418216898,136.71350715939602,168.59825019748152
262.9355805247698,75.61279754324488,141.30056910565906,165.2155235657666
254.4729832755228,78.36348308377218,143.75571158568272,164.53750315753544
248.6980508599763,78.39065864060925,145.60107076156584,164.4831520438613
245.8864541901946,78.59214392809955,146.3433118928471,164.0801814688807
245.75006802138665,76.01938036537344,146.616084230463,164.3391450176828
251.04248627954703,76.04622479330614,145.82113548350145,164.2854561618174
253.67653745218928,73.84577071909447,145.43443685792172,163.80496059053598
274.16522597002836,65.0926216714046,143.3991642075958,166.70796954140866
271.91545271602996,58.99722835124891,138.1384568791799,169.13850234530747
278.1273635344762,63.09422324507571,135.38032894657306,170.61020626193954
281.01101931339093,57.81358831148097,134.42377479656895,171.54996131347826
305.4495420548328,67.48795636912334,133.64281052265645,171.43965768178202
291.69419751378297,72.12501326391109,132.3821700240317,171.75598708578133
294.78384235223723,74.7388203528298,130.98241294561439,171.3079055064352
302.3927478664582,74.75498658122143,130.01423066869413,171.27557304965194
254.1782240585668,65.53815805410729,122.30441217296868,170.7748908108787
248.60158253093138,67.82157030098026,115.05923494307221,170.8076813884246
251.8438183783191,56.495362567002275,108.57476324829679,171.058152360502
252.77724640672392,58.316675731469076,102.33180935714623,171.79162386590934
255.80367123398068,53.146619579240934,96.27895970263266,173.56750024677626
260.86032302034306,56.6356350582076,90.37140469497798,175.0009664189831
263.16376693919636,58.27399138425184,85.76451685727133,175.84987599875086
266.77159082878836,60.26248939925371,82.6072577161471,175.9312686068068
269.6618696811643,64.41514129029622,80.83131099504922,175.6351867920298
273.20895204627936,61.93993766429085,77.70640381014523,176.6163364987143
274.399523918562,68.31779702493046,75.32526006557994,175.6465056017891
274.4791195770008,66.94110715050346,75.16606874870236,174.5273185937229
275.9200759657342,70.2837477102556,76.13771643539562,171.69559793837868
275.1687228275464,73.31087170920823,77.64042271177127,169.47102139077268
277.2147834567508,82.65257474399318,81.19580570330618,166.0826238210902
277.96314236023755,85.83413805288183,83.53544473084051,163.55585403782067
275.65377465278715,84.8742017374733,84.31433037463266,161.63587689752904
274.6446971028842,84.16983420321912,86.33248547443854,159.21953055103836
277.25178435957264,83.80944845751424,88.76658121866487,156.1161669136465
280.1722146334163,82.67636812731425,90.5652898235064,154.5625429977821
280.7445940426669,83.44375960620086,93.24778032940033,153.02776004000887
335.3346489484277,98.51493112727869,95.7085210280238,149.83320850030202
351.03182936920416,92.86343389996108,95.06009238996913,149.6064783786254
352.7706398325751,92.14361474822527,91.58247146322717,151.04611668209702
357.11316008101045,85.31033461707686,86.6895572942699,153.33629796065387
353.3549785868659,84.44248206225788,82.97593202450024,155.07200307029183
358.5857552109041,78.20613398372069,76.21993303721243,156.42803644500077
302.3325726313711,80.5358754356244,73.24141379095013,155.37745617885986
294.0766340413451,79.84976203622354,68.50289824881538,156.7496829776616
287.38220631663717,81.31202151953987,64.4989366488877,157.30372742089762
281.3768068516075,82.22368687430661,62.847087679079074,155.48039671136414
283.7686396355276,82.3660261019744,61.42339141936521,155.19571825602856
286.29786636154626,79.40459897170913,59.69539630219869,157.78811418168834
285.65225734813407,89.04566296585995,60.986614329023055,155.1895246407675
286.27556863731587,80.2969137078152,59.73999175065947,159.39679280680812
284.4783815269004,79.68977360506062,59.973791366310564,160.61107301231726
277.93107157259277,81.14010808847291,59.53965633471955,161.09259278054424
277.4858241696429,76.63685862512192,60.43015114061926,159.9553170728146
270.17670233377993,92.59949435766703,61.52437412820322,158.4590921470438
274.3207453836671,86.96514000503201,63.37382279956243,156.21108782413583
266.98136258012306,91.41049093089148,64.53305702868666,154.08015166139876
269.3481873330857,87.22089590528938,63.16915746898904,155.71984182014756
281.54446158796986,86.34161827017238,62.36071680745535,157.47839709038158
311.5757276411736,81.2153914314891,63.13908002130633,157.59070154770504
290.3852128346247,86.02995922072374,61.377729241036064,158.14826913693608
300.3846910751216,85.99730472461982,64.98336447957927,158.2135781291439
297.7760178735322,85.41270180357816,66.76331178332069,159.38278397122724
295.0071373745305,82.56776632989002,68.81518758315156,161.58676972043094
302.65789083606177,93.16305066665282,71.28410095721419,158.1666213440305
302.03981906573847,98.29770156241517,72.52024449786073,154.99341056512446
303.25139698940194,96.18439419460913,73.62063837784613,152.1729258461118
303.0799909819471,94.21578767109591,73.96345039275577,152.60854299546895
306.937249234117,90.45876384360596,73.27676395727508,156.6086756160193
313.28631848127606,98.64283452773775,74.81975951189565,154.48166829669438
316.25332054295853,107.62795092060648,79.55420418933102,150.73603391202408
324.85023220622065,115.91285001784797,80.27560626702902,148.49841604091893
324.23386914709624,119.39154433585409,81.50833238527787,145.10349407654832
326.39238228623776,117.87772558462854,80.72468971740177,144.59774796859244
332.49979999740026,126.22276967310685,86.07266223981878,138.445344558481
331.0625975693941,120.95292716495018,85.43548167483118,138.45027331179432
329.8710460886031,115.30640589529321,84.31762370430286,139.24043305477738
330.83749351643024,116.16662317874608,82.3847288486486,141.01393541660832
331.6811327272253,116.94599653555272,80.69745042705846,142.94285746603117
330.3787344675218,118.29800153524505,79.81462271816858,143.72647169494343
328.6567782423298,120.60891680035832,79.77435874581174,142.5888175874578
324.769028729445,119.39791002803054,80.61650414387124,141.54415431825834
319.2476508589063,119.87654582084207,81.26262677718019,140.58688273263527
312.70117488625385,122.3176889062523,83.96860562781666,139.16692092670434
302.5836962819274,128.7799176634228,90.25571354256157,133.21638805931727
301.16887828954003,123.67667466843022,93.08534952733636,132.91402280123214
298.38296758276795,126.75589373019403,95.11196985515534,130.30078576342976
299.8060159648414,130.02515580925353,95.8048502250666,127.30123873936893
298.32055010390775,114.919672962152,95.27106394813039,129.47446044314464
295.85599036743787,103.98822812848566,93.14210736433711,133.6921599686448
299.0430343070707,108.47344581884855,86.7680194850715,138.95330464759104
303.8737873229258,110.10968143829943,80.63735030828774,142.7425071185423
295.6456848575867,112.5296381598717,79.67536776515752,144.86986866492117
292.2379850933429,111.71725240877907,79.49339517739685,146.4946401671064
280.7139671324549,122.84295403940132,84.94370164590566,141.84096635912897
279.46678710142385,120.50615058217693,90.9812624398516,139.42817180981
248.295304367602,135.69912133994455,95.59003869108447,134.30093807645454
247.15080989596808,131.21048406830982,97.87902763435231,132.45578485954343
256.867876843364,127.88445465452187,96.53033342450706,131.87366781314068
261.248993602075,124.51451293982201,94.94036273292797,131.4412884166974
261.9814803893015,116.73993152111295,89.92192785225117,136.3300673354441
257.7333906395595,110.98482278610858,84.24116484992634,140.75181355454842
259.59854093325697,105.92884878199195,80.51086426253146,143.8334708140842
262.6086287430708,100.93590477749689,77.98830986604366,146.82411637679445
262.4783037856606,89.69096912165205,74.75034274795546,151.8209025239408
263.84106335622783,89.41621723830504,72.02482360682096,155.88647169811216
300.88985770367765,90.69262613608888,68.48499931401153,160.38943034275349
301.2210910896049,89.87412629683513,67.82253254215699,162.02643002126098
297.33901751802085,94.55342042485597,68.50097881564405,163.29639306974082
291.17951164956264,98.15851932771267,70.10031915422147,163.23264286292016
288.483352586041,98.70139852633235,71.89202064867597,162.14688446568078
287.23987664527647,106.58120672251938,74.37897253020506,160.85321800220558
290.521119212034,114.35477277596604,78.74047597564929,156.2300744742716
284.64655828336515,116.93555243765375,83.19025356998344,151.06851515089616
277.897710563178,124.76040351825856,89.38756475567342,146.36938937171283
272.07601812792353,125.9817633969019,93.65995504446411,143.92666961442615
272.9083937156056,133.65286012983626,99.43625914093138,139.74605905630455
257.05240053565115,124.49444001941468,104.8754684342073,139.29662994383838
244.4724908589453,122.74657393518876,110.85695744468994,138.95669604370443
247.04499473609656,120.46457739802304,117.49548898553493,139.59284268632
229.6221760987797,115.48325642715581,124.02686407867685,141.46569543334252
235.53984707233442,112.39606400890037,128.90644103333585,143.4613505444113
228.02192525425033,116.14345593483081,131.07910906646666,144.54201709457536
226.64835435357787,112.74539131903717,129.4870553836126,146.99895084196362
240.55988846088854,119.07072969154669,132.1274720107776,147.404053314853
241.77249322438132,116.57604437516697,134.10268998676133,147.99299644464318
240.26352123218754,113.98040173482028,132.6795287875275,148.74317654171517
240.54985443666783,118.06421608768002,132.10686237856692,149.43564445237752
242.53247759416752,118.14434874136096,137.0048964779653,149.27537914501565
238.20998364948628,120.67791028810947,141.14256899364113,148.71557142520527
237.50436089284148,118.05357751636771,142.5538145069307,149.39993134222993
241.90046223184817,114.82234852376781,142.95637334266053,151.26500857055814
239.61904081370744,110.76933441688145,138.25332479020815,154.73809108996394
240.4925589341869,104.39096069956452,131.89407663910592,158.27041470431112
244.41848454605406,92.22257958896074,124.04222541537158,164.3479875788608
250.3806148265656,84.87251673866115,116.64844050062348,169.9871619869101
256.4230310679627,80.32143330645354,109.05797353742791,174.59496333172672
260.0231081840908,78.6885902726357,101.8578193051717,177.86064939936242
265.10944498279076,79.32525521655585,96.04932031597308,180.95149411972344
266.49138549401346,78.75094282846409,93.28543929352773,182.10011889590695
271.2072080332739,80.42962265585172,92.41384204368615,183.02278315547136
274.40383712693904,79.8614398798365,90.29909069806263,184.1591487075018
285.49647177019165,79.5593365530321,89.40643213905858,184.7633553611106
287.2238186010629,81.445593365335,90.20358556442166,185.2426888236104
296.9536459382742,90.45086527528885,92.10742018781275,184.32293644195366
292.58763677786845,80.3718847191271,92.25493726739747,187.31189507182373
291.2752858069952,89.30037023030141,90.54110204896065,186.80907269020838
293.9717512792141,96.35948785788379,89.44961089234364,185.5951567985064
292.72002390356147,97.12964262948381,87.68832446812098,184.05484725530636
294.30168990582564,95.28607294139195,88.73660393675696,183.5303751583258
290.4840356925326,101.55298472503287,87.92751048927956,183.66315440213918
286.4847872586122,105.26269400631696,87.50588019731018,184.6638629993813
280.29138297305735,91.71002629781017,87.2407546032757,186.4653300861068
273.40666560340316,90.1038678233931,88.29339526111616,185.43871567445166
266.6072189244846,92.38289890838027,89.16529029399484,185.12298627946348
265.21860491342517,92.2909800475043,87.6896141084577,185.3068240012154
264.4308966350457,98.5746883303022,85.0351441349168,185.42906702651908
261.73321744313694,98.10436830029386,86.2452233919427,186.36970708653575
258.3758592714659,103.1579793562117,92.95993973528473,184.70276419754256
258.4481137546837,107.96534594636307,101.44054528141358,183.71314552980425
243.15586786974686,105.95339180762267,109.80685380182882,183.29341715739338
216.15276851298657,111.26001767301004,118.01965608911081,181.83884471186636
207.45903551306455,116.81037576018548,126.01638732116676,180.12886330530358
203.38885596471187,122.8110038669282,134.15674641787214,177.73224742706017
202.37504493992276,120.81545625019551,141.0840069784514,176.8237041495245
199.4697799421247,122.2656137282641,146.89453697404753,173.92338919338732
211.43528508496195,114.13434914892252,148.2023576166952,175.04261979507714
203.68364210776429,107.01570986424214,148.44739430611514,179.10773218778766
206.87587023082955,99.05358553676776,147.21563396699244,184.72658902872072
208.9445066600139,94.21380602036933,143.0783611086237,189.18706245173394
219.77403192103276,88.70165234861987,137.07905743225095,194.99145418001123
230.37692727645248,81.51070403250986,131.50187904942268,198.95427592689043
240.5512064052562,77.39814210780692,126.6839007881955,202.00253977750285
231.6669207462908,83.32640751725886,123.88416337840891,205.57224050438705
235.48078272009175,76.6179042764064,121.40470400048703,208.69271784673205
234.00521132475842,86.28578485635995,119.20309886146104,209.9679484055954
234.95708267759377,86.14718804367511,117.29935615579036,210.24514203096507
239.36175558135577,83.6613423461677,118.70200681007798,210.1108351950741
238.26518591482318,83.46670567834954,120.89514614314314,210.5001085307104
236.41418880354172,86.13507050539717,124.59714036570605,210.33428890256127
233.80261394749198,88.49785933109338,129.82029007780554,210.83984009178093
242.6429346990758,88.38996442560537,133.44629008785637,211.05562990275695
243.33727657649624,88.29923326277996,137.44830658400377,211.23709222840776
245.64664171498669,85.03502209995597,138.28985988829962,212.30523097277904
254.14924821378972,81.49532469778023,137.7556585608209,213.89428855375468
258.11436908948747,77.80839475980824,135.33066402737282,215.76290121175134
262.6626908425473,73.68917169126212,131.72666109450287,218.50870677559374
270.6901659100426,66.95666936035975,126.61776117955208,221.0276612173587
272.37292662129204,73.94007017257299,123.25223975705316,223.33293782203432
264.59942854433285,72.50058892430371,117.19585245846284,226.21190031857287
271.54597116979704,71.44745951260191,113.98164008772687,228.31815914197648
254.28059429384805,76.75443052018348,111.3085361982233,228.33389073864234
259.64097291983273,79.11776366713163,111.12523598730729,228.87595296527272
249.24981441109145,77.01947389146896,110.81370109272407,227.79906953858162
243.57879287243458,82.7971540084022,111.65110056316259,226.74835291159036
235.2666428488765,75.27533411457333,112.52090499492176,226.03749708389114
241.50948746085578,72.99624000555897,110.54755643169676,225.33951497155306
252.84929852445174,78.739068517044,108.71498080886855,224.27738120076484
254.0693162348805,70.85245779959504,106.27494538801105,224.55733089305284
268.03847798319214,73.36059184858547,109.09282702786784,219.54106279507198
280.52448757993704,69.98025213466236,109.6295237864367,221.19999903250644
283.00031666650955,63.77311088804322,109.8131772386923,223.3436582749435
288.1641302451734,63.76467680221687,109.82524199460313,223.3605264465962
289.3082611682161,67.13305163629494,112.70728196309588,221.79407859301813
289.58627926074456,65.23038405552647,117.34848217301284,220.4021773595812
314.61021035864724,59.17671548818676,114.61044263138723,221.9962205711096
319.79055615638237,54.712390191577015,109.48277046802393,225.69185173222212
325.5489664710355,54.063889182653725,108.36279449447576,226.9888537500687
340.4840525211433,54.13104014542634,104.48196721808466,226.85455182452347
353.1627478460028,55.198197445268946,99.63720837002461,229.84839517525293
358.1737795196535,49.297203321324815,94.7015891497482,231.47749516909113
369.3003396997141,53.62902755488068,92.53850190771799,232.85886326102485
368.9728540893205,53.277087037103655,93.19347312850516,233.5627442965789
377.78050634827974,55.60743575710231,95.68082462135722,233.92771085927427
379.64862876307745,55.26311632255407,97.01983920505654,234.61634972837075
393.2435490397781,53.66495049455804,95.3750049889178,232.70368011691028
392.35583995126774,55.06405054660934,97.15042316593846,229.9054800128077
393.8226144812563,64.92445587059146,99.26016951429546,225.31455558984567
392.3501760285209,72.12296555224223,102.20504641976633,220.94577214540467
396.9617554943319,73.50000112453318,107.98898072473473,218.19170100082277
400.39451408017453,80.18745420381147,116.31210394623429,214.9425551043894
404.1461305250324,81.5063542619265,124.28429838162108,212.30475498815935
393.24449186177185,82.82730483023172,130.32224964653966,209.6628538515489
379.4543954717584,84.44295309027368,136.63234747254086,206.431557331465
378.0844948919605,79.98628360892576,139.3721486321366,204.5957897006395
368.7577950724826,74.36413905220796,136.45588057837855,205.0552449677182
364.4897824338303,71.53938455655197,134.29003766888104,205.35381986562913
359.4152916530163,68.17514425798282,128.48090156207337,206.76292790662222
363.4474117731754,67.13648738231305,120.41666132175524,208.84024165796177
370.76095667987994,62.98994045977247,110.92776169487482,211.99514531651437
374.73577226296067,64.50188788148579,102.97813052871331,213.99399741300104
377.8697498560623,69.54479460305359,96.71017534251004,213.7372872273192
380.3174291918109,74.69926357012056,91.81481667101292,213.03097106442118
381.4845255285253,80.36410546512582,89.48062399758402,211.11105514847588
382.3125528759499,76.47120314134264,87.82456930273491,209.62519413571363
381.2154250437479,76.76710194870633,85.43380747026629,209.03339652098626
380.4953061003956,74.11132098633324,82.3400418742979,209.8109549630594
376.22251592969064,66.60316151236357,77.41566916682876,211.35732086211956
378.47808256051235,67.2910273021114,72.90453590518534,214.4052095990851
378.8011145271024,65.95044689874125,72.25847197200515,217.08637040582542
378.0119681672653,72.06194765130634,73.83676469167932,218.09818096819137
375.4379092709258,72.54365730051161,74.53002146464995,217.13476166978083
372.81143187599764,75.69482422051736,75.32919690753852,215.28620717673707
371.96264662394316,76.66494199340785,77.02676741164751,213.3459716309561
367.38209328173093,77.67467118518235,77.297801570137,211.3265132474071
367.2885051819248,75.62090536291443,77.4849777697493,211.01299515768434
367.3400992817382,73.74376166192283,77.38178957012249,210.34733870727052
369.33776266938395,71.9493416238906,77.79501422052567,209.5276273576403
363.650754564802,84.70042590040262,80.36049151775819,206.04680608444454
361.0704365019657,80.17703098107741,81.12069034721739,206.29272133066806
356.78960097879957,79.0891606222351,80.8471986718804,208.46846204835268
354.72580247027196,77.38704699035314,80.53084309094699,211.8726893121166
351.88257252128614,81.97707200561402,81.73015970364581,211.66692585214042
353.1226520925659,86.50584204372483,83.75572563463727,207.11511084946991
349.78839079836297,90.76294523602124,85.94777618373199,203.0773765041883
342.6867098788942,91.32577246266922,86.77966514787393,197.49456442596045
339.0286629349611,96.39276552024727,85.31364280458978,191.75163642637952
331.2859060527003,98.98034675135767,83.67121556520928,186.5764739641587
328.183091744686,102.8687258002035,81.52079913790276,182.9777383881346
322.6255844356528,106.45628865699021,80.37179837919822,179.89061780015152
317.08928031038107,111.73034148865064,79.37536415344107,177.3885404543644
311.0893143393317,115.21346301278311,79.46771687615974,174.39149047922615
306.8915904979763,116.89349609931188,80.00858278021606,171.03142430616862
299.68193022359014,122.18298925729681,82.76427541277823,168.2281899343389
298.3100988926742,119.03569800600603,85.50793807461011,166.73291048219576
296.5570603229063,120.81573131250671,85.09354374911092,167.09331533422946
293.8330964873506,118.01481596170409,82.70425212169205,168.77653638656957
291.48871715653013,120.33673430021814,79.58919918653169,171.93651130634285
292.85943412085334,120.86173187455648,76.84776525788523,174.78023649948807
290.19702280469335,114.58573028624866,74.3988032116402,175.6715626582561
295.02418809101243,114.14693247098208,72.45754561663746,176.54915828878927
294.1810590892162,109.63163674118414,70.30905050906816,177.91024352606144
300.78915135173986,112.5924091747488,68.54098977796846,179.62078118823055
306.99138854972216,100.50244495084598,67.56329681281437,180.94714677441516
313.2609591968421,90.84295632405586,66.4552218698806,185.02470222625382
313.65321029817994,92.6789699049235,65.67071966720496,189.0500623180287
313.3564251496595,97.16212275763296,66.26428996424578,191.75955522799612
311.06130906491364,103.60352681809147,66.91313750239622,190.70090100110292
314.4049672225185,103.4520087033298,68.10198720766714,191.00393723062626
310.2878896330308,127.09025910284569,72.37215114696431,183.3673488283759
310.60067609466836,115.41232824810756,71.74657822368916,187.0661109374391
317.482709496759,119.72351766281675,73.8759328056778,182.41708745456324
