162.5,188.5,34,84
161.53135928362823,185.62540113264544,34.937281432743525,83.30094779855025
159.4479297316747,182.49893609530534,35.45881747414143,84.08589327946669
159.1816564909213,181.75332796681224,35.99136395564817,85.5771095364529
158.82236372737074,179.59101396859398,36.709949482749316,88.02750958182568
158.4220092583722,178.6721476464643,37.510658420746395,89.86524222608507
157.14435604273373,176.55288233700983,40.06596485202335,90.17756789252775
156.82394285433034,175.24531234784865,42.71955874923379,90.77994035044645
155.44528045965683,174.52648674417054,45.47688353858078,90.14957662350469
152.82474248724836,173.71660998006735,46.50458852540363,89.66264467271401
150.6203546503072,173.82623785108,48.796096507232505,89.4433889306887
149.23083253399295,175.35376228144747,51.575140739860984,88.54168427119176
147.0007942199039,176.63083196561104,51.66065420778051,88.17482648299392
150.9111763162988,180.5022692933631,52.57302541434977,86.98180337700907
151.80306058273106,179.1480494604697,48.60830750007033,87.50929366138098
149.98340565121353,182.80742369232323,45.88285766361035,86.55530489716898
151.7965858114142,182.09043264983484,44.3174029967294,85.9283813286254
152.21067781147792,185.85411102216378,43.48921899660194,84.47535417386682
154.24898367522894,186.55700122359173,43.39096850117577,83.06957377101094
153.2803909277565,190.20419629177522,41.394464582354125,81.6757177552937
155.54394016357625,190.14894267417935,38.779349974876105,79.87424112632405
155.70462066515248,193.19088983552314,36.617659351877265,79.31133566317568
156.26027563542291,195.67258037544178,35.50634941133635,77.93682618745967
156.75362813138605,196.2713085688964,34.5196444194101,76.73936980055043
158.84744765974952,196.66620697996274,33.77257247899521,75.94957297841776
157.7661174500691,196.33971678314214,34.2395402987751,74.90686077247797
161.82177700994666,198.7778317672864,36.26072111691748,73.40813078348859
162.29634651232013,197.43660006459436,37.01370134617489,72.68635572086382
162.67921682231372,196.8018979920489,37.95253277320426,72.25118781893819
166.93157590563348,196.38811464636578,36.305212954345784,73.07875451030448
165.81443226988065,197.94212350742427,35.14335714372839,73.36687987031051
164.83062450138158,195.26332322312368,35.4288638069135,73.6781538174726
163.68973631522644,196.03308893878284,36.01902087904642,73.83024168633166
162.94355322288249,196.32900581091977,37.51138706373433,73.23840794205779
163.1318873284183,196.9215650065991,38.8559730824059,72.05328955069913
161.98127997941478,196.23103036867627,39.43025624237179,71.70742728850362
160.71930025436632,195.61205542202458,40.222567222028495,71.2137287113668
159.89461264827028,196.41588729282233,40.13408918167141,71.34391822232047
159.2853382161589,196.7184266753781,39.61436402490885,72.47711347819418
157.56797046420485,196.63359147051477,39.556796911381156,72.64678388792086
155.67607432905285,196.00675849743124,39.84524886698193,72.15277967673634
153.51804947215746,195.59847025011186,40.67068578133599,71.22404977165675
152.4783749322493,194.98070040587828,41.00441299698718,70.71396759595878
152.93397479740673,196.04925656187086,41.83693585219234,70.32057786949365
150.14475625185705,198.40632514066598,43.91144783761081,70.86232837042485
147.35018678641322,197.2427646647569,45.91066663957992,71.39448925778377
148.2924518077669,198.20776205302894,47.698926425966455,71.3008893957866
145.04473309826855,199.91039614209942,48.60003802565813,71.62517176384905
143.96101718268076,199.0182631314318,50.76746985683373,71.5248278923903
143.6107747691034,198.59406002992455,51.46795468398849,72.37323409540481
141.80785370000788,197.12207870130513,51.18720531884767,73.37390100097775
140.5626227777599,198.62292733064982,51.723869699098536,74.27979867077855
141.37154968190453,196.26841948115145,50.10601589080932,75.0361234696953
145.81756948954992,192.61105944954102,47.0968008815721,76.46801892686258
144.34408201765234,190.6972281750406,44.24744379573112,78.36357079931798
145.61787651684946,189.95592360096845,41.699854797336876,79.84617994746233
147.68075246006296,190.9115787660774,41.354897059779304,81.71566376611385
145.12074274127428,192.17206575730472,42.651144617180755,83.01846166383514
142.37693479967865,189.32531026367658,40.325331896410475,84.80525834911067
140.70795744342496,187.4540439998633,39.78491396756111,86.60860455605881
140.45520059689537,184.98254972257936,38.33442280530032,87.63958339998675
143.5935949031903,183.69391020884285,35.94860286377101,88.2713780919295
142.3691852108058,185.42548362574058,34.5727333409951,88.63292016567894
142.49353570896335,184.6229338646353,34.324032344680006,88.34504295030366
141.45444918047806,184.8254786840064,34.51782102159748,87.93995331156144
140.05771816842514,185.97515078629826,35.42924994471261,87.52264220796842
140.48352842147824,188.78000944876584,36.46993333543614,87.58983657352229
141.77825281274644,187.8718470593909,37.70404892391794,87.49437916676305
138.2625431406371,185.56213525693715,40.87095432694158,88.24928883047546
139.1877487854169,185.9484706724763,43.01829310805624,87.47661799939715
138.89337348359578,185.5137603931355,43.60704371169845,88.34603855807873
138.9553341357959,186.43680306107274,43.48312240729817,88.54787688322138
138.76878876751027,185.61788400929447,43.85621314386946,90.18571498677791
138.76106208011603,185.02362799864042,43.871666518657946,91.37422700808598
140.425400004813,184.18468103478824,44.736502913964564,93.05212093579038
141.43417909576362,184.5997865029978,44.85523385078305,94.358199118091
143.99550538151794,183.8476292569953,46.20480566091753,95.86251361009597
145.4199747910403,182.1852249314372,47.76156279435902,96.98447428496905
149.06029561717932,179.64989970858497,47.21973960253945,97.56257909036783
153.58399256017358,181.6277957613202,47.15360024142958,98.09741424733672
158.93865247428337,179.86726908559032,45.45216305483327,99.36649693839064
162.0519741830388,182.32895091146588,43.707018221156076,98.9246318704732
165.80343721239737,181.28522394818194,42.81515015663668,98.8083997989752
169.80924621684701,179.6412606912295,41.362370232563805,99.91004695127126
174.53110008719057,180.86414615448984,40.62456132773601,99.64075073371535
179.70223489720405,177.55558180950828,38.92017070205825,99.77947017791655
184.17166466268733,177.13684762308324,40.63646547341904,98.4859076903012
185.2874068710572,176.45961707688224,42.6910380794318,97.69734027132694
187.75498127503164,178.3851422501204,44.25988845331271,98.1822893794039
190.67724107438733,179.02967608261233,45.02327381947241,99.09585670271036
190.45353933793442,180.13854295763358,45.47067729237823,99.10742147372268
194.43248767653546,181.44751888953368,46.462009139039516,98.72677674088833
191.97346909460452,179.42295265632572,46.881852501700024,98.27771540610291
193.27718922414698,179.35936115388262,46.52428277432374,98.40489841098913
192.6702349993368,180.7921136308725,47.73819122394412,97.78488648657614
195.0456667726565,179.69208723007978,49.760028273465615,97.72737242277464
193.3719169291395,179.35534322006373,50.81580697403951,98.4008604428067
193.69902774030572,180.36735094322952,52.48139010224557,98.69664974701364
191.83012739433428,180.3515244478424,53.86640973957074,98.72830273778787
191.4155450235789,180.39995073581414,54.695574481081536,98.63145016184438
191.02130890040934,180.53243971073223,55.48404672742059,98.3664722120082
191.5669273488804,180.1401129262589,56.79200868482131,99.15112578095491
190.11976365702185,178.53744338888728,57.25329387077547,99.92342265793513
192.12466877423464,176.50145864998953,58.14811294699885,101.54307748040617
191.6654484970585,176.39046719472975,59.06655350135115,101.76506039092571
193.13182834797522,174.70259397405076,58.644161286603406,102.630439345198
194.71045669754741,172.5992163960651,58.00293533541874,104.32116375320963
195.41338070929305,171.3822187328477,56.59708731192747,106.75515907964444
197.07965596344636,167.9240977440626,55.80651487525357,108.58744491394914
200.2259437833869,166.7593730217309,54.62454959705565,110.91689435861252
200.45369322818811,164.58392798267886,54.16905070745321,112.69879040480916
201.85293278839873,162.5952989461975,53.95768338327626,114.0889366815276
204.58892018931425,160.7091620539575,53.69311609831105,115.25750670757468
208.24352434288102,158.86636459490876,54.23222687810163,116.32699526336418
208.93942674597469,158.15083678205332,55.48151805321936,117.75805088907502
208.42789940601926,156.31066539650456,56.50457273313019,118.75464276920603
212.15865531473426,154.7605450988134,57.191403825457094,119.13876906133609
211.52864983694272,152.90235655787816,58.45141478104017,120.12146927164501
212.59452492145206,152.89644010230367,59.08959410506101,120.13330218279401
215.23434016942713,152.81513501523102,59.37232019203685,120.29591235693931
214.89140935795322,154.08341178132866,60.05818181498465,120.54781686408026
214.9358505032493,152.91428947235997,59.96929952439249,120.08203712183393
214.76057202802983,151.45796203667732,60.319856474831454,120.19902390396607
215.92673489476593,152.40401159826695,60.79097616060061,121.1103702000282
214.641468027229,152.28996856369713,60.536570587216815,121.3384562691678
214.71733533373515,152.06278232905655,60.38483597420449,121.79282873844897
216.42031843344333,151.78857021446782,59.80676927677888,122.34125296762643
214.97272789836387,151.08573553343678,59.87605564845668,120.92102763120735
217.7271039515026,150.66653405570582,59.97996587568244,121.75943058666927
214.66716589912204,150.34400245828311,60.45905337979508,122.4044937815147
215.96808737641012,150.30153196755668,60.69534334070636,122.48943476296756
215.85971854125714,150.27279388277768,60.91208101101233,122.54691093252558
217.26207534718066,149.13852305314387,60.95543225282392,121.96738773813456
215.44841517575273,151.9657352034166,61.742419569951146,121.99362948904636
214.32338987691242,150.62264570670732,61.138147228749844,121.82548554358306
216.14931343050696,152.10913790608572,60.32771603740254,121.693917060668
216.39078767929277,150.61788997031482,59.8447675398309,121.85095001675076
214.84580698298575,148.80871650056793,60.11534120783428,122.64990923163381
214.99110296035244,149.54913818914363,59.824749253100876,124.0048265152787
216.29892107728114,146.81088300846906,60.05961731726044,123.78032828059389
217.5916786567463,148.17854271198087,60.32541115767327,123.89631787291339
215.7579491026816,149.73139830197036,61.135249879598064,123.648227079139
214.2080441742621,148.36217213208056,61.367016528929206,123.51863621141078
215.64503699462387,148.50370441774157,61.36319327670981,123.23557164008871
214.32838600804894,150.28485355278653,61.13054145279713,122.53922716706138
215.82011550944617,147.5268449276213,60.99881690800456,122.35177550138789
215.9563654981124,148.95276856410632,60.726316930672084,122.34663891964078
215.82441450635457,147.70536213677462,60.99021891418775,121.99953454178019
214.59411140129583,150.43952152340694,60.609419548518346,122.21402692008938
216.22541594516662,147.62552029472846,60.1847626297165,122.16612503956699
214.78205425748544,152.1102816115965,60.24159393172847,121.6862786258821
215.02634218202382,150.7872313037912,59.75301808265171,121.50852012764076
215.26836345032513,151.51056780196208,59.2689755460491,120.06184713129902
215.54404516587232,150.91161642807637,58.717612114954704,118.47650636566881
216.30881095019402,155.2855724744232,57.188080546311284,117.98009345378173
217.65409890886883,154.03534142886545,54.49750462896169,117.76385022216249
218.24865797910027,153.76441348851685,53.3083864884988,118.3057061028597
218.65039170676758,154.80136792277455,52.504919033164185,116.23179723434433
219.89639067318802,157.9301987276374,52.622384681909715,115.19306278779143
232.72723012317795,153.95912927883657,55.52145956300204,115.34590519964611
231.69547562905447,157.881263550667,57.58496855124902,115.44945202950015
231.42125255922474,154.84945572913196,58.133414690908495,118.82647768026392
229.80016572739643,151.7706103006309,58.630101116223436,122.2386812989244
228.36181751463857,151.878851030001,58.70285164121118,124.82614574071224
234.31180917317377,147.0450578896768,58.17461690906993,128.807857728896
233.06915430239664,147.71369009298348,57.768321232415396,130.3621987404915
236.77944607975897,142.06962646547595,56.16177993676305,132.9292626068982
237.56744052596522,142.23480216508807,54.58579104435053,135.51472678401976
243.61984081545958,140.16881179571595,54.18139994514804,136.72160515281746
247.86293519419263,139.15385049821296,51.56572045216385,138.75152774782345
252.90409685545103,137.51023238302736,50.23571644602032,142.03876397819465
244.47406630915953,136.04477880038877,49.45340655043608,142.02927597877724
243.4745314328647,131.18886842993828,48.52643251730286,142.9629653625096
236.02325289351552,136.54507895913326,48.8166694208344,141.01793640921971
235.94769632626446,141.7538973591722,48.96778255533653,139.3003876910431
233.35345445656574,147.05815349742122,48.399727747705995,137.32668323508705
225.54740232997142,143.01610830395845,46.9731986912125,136.89145696717154
230.57901134298237,138.96051075358713,48.140416500440196,133.77221623266448
233.6902893193849,144.66221000188472,50.270718618750884,130.72167580718505
227.13575910630877,148.35988689521554,49.484838816442036,131.66328615760008
218.39763964586203,146.98245871762532,47.5124843814546,131.63977203336898
217.81739188842954,145.4001775896381,45.93055252412286,132.0619069171467
222.4437020090608,146.72420175786792,44.83717520783912,132.13360622234666
217.53800866918664,145.3018070219144,43.84518441692181,132.2775513265873
218.01803232537276,144.14162559790455,42.88513710454958,131.9131566598341
216.28947688024274,139.8400088960742,41.01830025334901,132.5304684513039
215.6747598281219,140.03371150993695,39.61138237793455,132.14306322357845
216.3065415140954,139.03563966486894,38.34781900598758,131.53439197875323
214.21396227681055,142.008259696253,37.3875356176558,130.73459377888653
214.12680247233823,145.00519839077816,37.56185522660044,129.82775784586565
212.76920765193273,145.51734951777712,37.743077796345744,128.8034555918677
211.29646848287942,148.57894596074823,38.16568660730327,127.7260017602237
209.62600662250088,150.686153044904,38.99112220146116,126.02707571851136
204.81211426230146,151.4930310619656,41.09875238991296,124.41331968438811
205.3435871233686,154.00198085106592,42.558389485798926,121.91800292420774
203.75715831343769,153.62179130977006,43.21757334129758,120.16470824243623
203.62303273014737,154.8675482716992,43.48582450787819,117.67319431857797
202.03448010223366,155.81374261805678,44.19313390244159,115.7808056258628
199.3206225252233,155.44988859842914,44.710041875007875,114.05311007439079
197.7887969671511,155.7764251367886,45.33383429758807,113.40003699767193
195.7829088002212,156.96766336746748,46.90399579278714,113.45917537497478
195.4202006100387,153.62123205960955,47.62941217315216,112.74074368276004
193.56011019630097,155.29932008491159,48.87666484177584,111.85749579100778
192.04398741850568,155.93285733151674,49.42671767596122,110.5904212977974
190.37520810943514,156.63049593977755,50.29077057497791,109.19514408127584
189.3065901001686,156.04047992148193,49.959615021682254,107.9067845460383
189.2579023886599,160.34588862377257,50.05699044469962,106.62753391864756
186.8726177583087,162.07254760231618,49.973692089863434,105.6011497693296
186.9210265763101,164.9205335268678,49.87687445386066,104.72622915095937
183.83095921976556,163.08866369621535,51.264843415168684,103.59780306048324
181.82162299515494,164.74745418782177,52.87979901370257,102.68393892795773
176.3088187909237,170.09346810456483,54.232482208109204,101.6648363085274
173.0823278837521,171.18391400809014,55.83246166977111,101.91044567781742
169.5777603515096,172.76137468660147,57.9265929964036,101.21302618972105
167.4206710559523,168.5699545414352,59.7579212612872,102.1473155013608
168.98746409738376,164.05706303144353,61.67983009951517,103.5898561397078
168.47261307153323,161.65249271170916,62.70953215121625,103.23566352574349
167.84172936499607,165.7374944543305,63.971299564290575,102.84692391691615
170.78823056317714,161.28079019850531,63.296624646724865,103.93284121037183
169.20334569060424,163.6073564745999,63.85236969602874,104.50775804986645
171.6586786588198,161.11126154082694,64.20559182274887,104.23605985426111
170.80928559359697,160.44230926383005,63.270547089221054,105.57396440825485
170.79683790298884,160.32255956031912,63.29544247043734,105.81346381527672
173.32790494361373,158.34122104166036,60.87531356890934,107.13413567287243
174.23528339742373,156.2102334090211,59.060556661289354,108.77548493100454
175.13357670247507,155.51385877626177,57.263970051186675,110.16823419652317
175.7381906502467,152.91243449261054,56.05474215564338,110.16385592637607
175.14147312474665,154.21394308169175,54.665467714811584,110.14354824004556
176.6588944760738,153.66307250196155,54.18901656199739,111.24528939950594
175.51616507563432,153.35393642909577,53.90823928323528,111.8635615452375
175.64313531703093,154.38297662612138,53.654298800442064,112.37586600950405
176.04757075235867,152.63077690142927,52.8454279297866,113.30682509074266
175.1466678588905,153.76208602632084,52.07433711963955,113.61710343804286
175.3722865110821,152.22228680485284,51.62309981525635,116.69670188097889
175.64082108613718,149.4678026892379,51.08603066514618,119.6049594865623
176.25856077523417,151.2226086019796,49.8505512869522,121.36204160203029
176.7436441431643,151.71338219204256,48.88038455109197,123.01730367007187
176.72155754245085,149.05668938530602,48.92455775251884,125.68732956226702
175.97262918307464,148.61114262949567,50.422414471271296,126.57842307388768
176.8862094359964,145.42143429757024,51.31740322953184,127.51354120953039
176.51350798543365,143.69293710171206,52.062806130657364,128.2189509647455
180.27030899212838,146.16450276871413,52.87430159914467,128.8258846186592
180.68006243307877,146.09408749092543,52.05479471724389,128.96671517423658
180.5410499125317,146.86921694003814,52.332819758338054,130.20211907130343
181.94269771655084,146.85733514545169,52.3379371929068,130.22588266047637
183.46427080321362,146.9778578916588,52.10363754002609,129.9848371680621
184.95877381062823,147.9311530410327,51.91582708882477,130.8794424329422
184.90353621965778,145.42437361083222,52.02630227076565,133.08228438105286
186.46194696778971,141.6756467983838,51.75385039492869,134.89099876509593
185.80025322366038,134.52688736328005,53.07723788318735,134.861194041374
185.58091144636538,134.26153366298792,53.515921437777386,135.3919014419583
183.16472203818785,138.17251437266003,55.444069201682595,136.28263317996365
184.49961511733136,140.37008304068786,55.725743548729255,137.79041685457543
186.39069273379306,137.93339035277162,54.921792633434116,139.68559791277966
185.75863479353853,133.58759075755316,53.19478515172082,142.3949503787719
187.30132103268724,133.4137256783273,50.10941267342342,145.74168536423664
187.82333236948077,134.40469599974773,49.0653899998364,146.75067982247353
189.27583292332966,134.76316874386558,52.13288702493703,146.0337343342378
186.3992484212737,128.91996090768987,54.854174775698354,145.59262499318694
183.76325297377116,133.9611721928042,57.05144356300244,144.73436874606153
187.90002189020672,134.02061605237293,58.083366262816334,144.61548102692407
187.06517061320756,133.02667556715923,56.63452629642589,146.6033619973515
187.04491619103197,138.9236877424433,56.67503514077701,147.29418654348768
189.10059433673237,132.0767451055799,55.695537735350094,148.4606362733189
187.896985300352,131.71771066996942,54.97177138968901,149.17870514453983
185.60769826811543,133.63309083131472,56.42212354229109,148.47616673372028
187.19333635193482,131.62168984943588,56.39512722669704,149.3546888454332
189.87696787394495,132.7586272207156,57.340654022196496,150.23720902263358
190.39928254658315,133.86934277697665,59.4820786209506,148.01577791011147
187.00087631788784,135.21374609390293,63.086434282632325,145.32697127625892
187.09657050187977,136.80268801444151,66.11263009338823,145.36667161392145
193.44180467108504,137.35987166639887,69.7791278432716,144.25230431000676
198.34513755428665,137.73334177997532,69.92997631388403,143.50536408285387
197.912921397427,139.1962696664256,67.48352553831896,143.89039139923767
211.84722944715074,146.51494140291675,65.8061326337003,142.34865952366977
209.47413639170432,134.0195072040492,64.10802660913981,141.56235937959158
214.3373888563085,144.50754377356324,60.7434546480516,142.8530516289842
215.6641932581934,149.31434422490108,58.08984584428188,145.8009779356875
218.7204304836055,146.9331721672212,58.24881865480005,147.42759842037609
218.51744578155683,140.7208478134193,58.6547880588974,147.20437960238755
227.7182789995205,142.18628606707918,59.249181709000865,147.43951310940633
230.08402343970917,147.4619975619411,60.87770125342938,143.24809854448836
234.14556877539744,152.15907406539904,62.200018023963196,140.15088383217932
236.76269192182036,155.59347968001083,63.21968785703152,136.40903066591284
238.0864192642157,151.7284792395248,63.6627198673468,137.95805815667308
236.1360770762607,149.13717429199568,64.4426311494761,140.01989495795058
234.82699435292,148.36096059452353,63.89638478517256,141.5723223528949
235.74680735640246,144.53401952806811,62.05675877820769,142.87141018966963
235.83406645518656,144.8741014621329,58.718382961921826,145.35510394025772
237.21406652755687,137.9579380548868,55.958382817181175,146.62535599901025
238.25755952312656,140.39727090733092,53.87139682604181,147.96547178272044
240.80349381793982,142.3918136986143,51.87050610131104,150.15834192994515
241.46809100377706,143.58068371159644,50.541311729636575,150.86659456070907
246.0713006714916,143.98101091629516,50.550380023833654,150.06594015131162
245.6654891257805,139.20909500569098,51.362003115255824,150.42798567428596
244.31745425576304,138.86848345595922,54.05807285529076,151.1092087737495
247.22425081941586,139.2416584431245,57.66240750393039,150.36285879941892
245.39323032480118,138.17366119312263,61.32444849315974,149.3052174304858
248.75882123517516,143.50641986879498,64.32482794537249,148.37126135210173
246.35503539333104,146.7119283243498,65.84888122241969,148.52728125427427
240.50006977421168,144.69717218291404,64.3082559904933,149.2441544196045
235.47997568183035,145.95077307999136,61.16500253950878,150.03281303438666
237.144207806119,142.26532867188587,57.836538290931514,150.90068802752435
240.49859720204387,142.26606282788424,54.33224190049851,150.8992197155276
236.55580321413808,148.00628505687519,52.794005746096026,148.84259938775972
238.8061399473349,143.99858258849787,51.37733356187319,147.606000478002
240.56486140310193,151.20205536114702,50.900499844185546,145.36149170808923
236.57679364012037,153.50469940534725,49.87690822665178,143.7561126675211
237.2581435919987,148.9766725466136,48.514208322895094,143.9370113921841
236.09362786502538,148.17472147167865,47.907125237756894,145.54091354205397
235.62198997568197,145.96080276475013,48.850401016443676,147.020920752427
233.15954053461633,149.7438115738447,50.7891387510143,145.42722542935903
230.59728460555877,146.9177004064134,52.91482802787156,145.081802601706
230.17607859259562,150.17431685318135,53.75724005379787,144.63342087546675
229.33634733987293,157.45981856006915,55.43670255924329,145.2684923993201
221.06930003694703,158.55282880678533,56.56805948559943,146.1630194417869
224.67369817472095,150.4299347857871,55.58665504791491,146.84032788912492
226.89213866151283,144.65618388891838,54.255566782524674,145.9646588500882
228.25425934170443,144.152826602136,54.600596130669395,143.90210271512507
227.23168249167418,149.47294585254227,53.599833349318956,142.39961365854526
223.59908004337703,147.35846043483127,51.845939781914204,143.62221833930093
222.8683703263533,144.3289189332991,50.31514705338833,143.6968770172187
220.87864456164615,143.66653878100902,48.363577259594265,145.0216373217988
221.89744213101955,144.36762527742826,46.32598212084747,146.56826571553174
219.59570222268485,142.31574243502632,47.99609517156043,147.73866463437918
218.42085038473752,141.95533629941195,50.345798847455036,148.45947690560794
218.25952124529672,142.07155441172597,53.70243562569345,148.22704068097988
216.84280299350002,138.81346597268353,56.535872129286844,148.55989075846276
216.85373447882455,140.6148232017544,59.66153472934619,148.1047018710294
213.47911598422317,144.09407476808548,63.213833640640146,147.540074894185
211.13622062966908,140.4968602400608,64.64776142333045,148.2307780973986
211.40831390616086,145.10186311912383,64.10357487034692,148.88231844423353
212.07312830657412,141.97416194661935,62.77394606952036,151.85071267810963
214.973141661592,142.28040601411112,60.28025885346362,154.5445640371051
218.49217118556433,139.8046125885832,56.54284087045244,156.1955098232274
223.18100761313576,136.99982271884838,53.679216493497364,155.2910410845093
229.23481058382464,139.26333164458055,51.14799291324033,153.95615068675187
231.8046014090333,139.1113914739213,49.1353109243303,154.2600310280704
237.20110913622855,140.29276517516612,47.6251124737068,154.99155596016976
239.19436840935754,140.43214043549796,46.71537506830544,154.71280543950607
241.07941770231676,140.94611234929937,46.00126510181264,153.68486161190324
247.23540447334722,142.4905768747081,45.80207463262897,150.59593256108585
253.13837965374196,148.1591157859147,45.91924403684304,148.20119456242517
254.9369677646932,146.23377467014438,45.27108782768407,146.15383676847895
259.02824333138403,148.29251856867063,45.812612492858136,142.03634897142646
260.74296317737986,155.29025002058242,48.10233060876147,136.61962277944536
261.82166914778185,160.47834641989124,48.769194200905,134.71625657967022
262.66296819667764,161.3885392888015,49.89576359129028,132.89587084184973
263.0162408714737,155.1877451995855,49.189218241698065,134.08370571023843
263.14933711866155,161.39242081254682,48.92302574732246,138.52061979297036
266.7246533566544,160.93392288424775,47.50503910558185,139.43761564956847
269.10974744725195,148.40238313620574,45.58844709419674,141.671925787174
271.491319464203,154.55357421699813,43.67558532775713,146.47123723036515
273.21327866589775,147.12767689806228,43.11463551106609,146.90818893474443
274.02543364559097,151.74499902739453,44.369046686426316,146.30970808032004
276.79601098955453,150.9089107479514,44.61498078177969,145.08834024756607
275.6568726070229,146.08551227470616,44.01245976659205,146.09274385330406
276.674150980839,151.77215217511727,44.86176673532058,143.371055201564
283.03638002762483,156.01215699105657,46.442376833821896,143.47408648492922
285.2674698851705,160.5129614553025,47.7633472949528,143.1472028207708
288.5939603828307,158.64339996771832,49.84379441835364,141.06404038345835
284.04058172526976,153.9209256993327,50.19247033737402,141.7509075241281
283.96545425976035,150.9619588562767,50.342725268392925,144.73334209597078
281.4428442502003,146.33276291235134,49.4263408219222,148.0301295182307
282.06805186549786,144.91612231311956,48.175925591327115,150.86341071669426
284.5013154081707,148.21993189444754,46.33779358617767,156.36937187482334
285.20189924909835,138.9207869736118,44.936625904322376,162.67798707000884
287.25115445827885,135.94013723732073,43.97344021261961,168.63928654259098
288.8917592988817,149.6029885652565,43.893336200494076,170.12353490844134
290.58127564208417,136.40496744320953,43.73475498400899,170.7559653931765
293.29947266341173,134.18655235283455,41.52469686819046,175.19279557392647
297.5404495086407,155.23606483608992,39.535798563759506,175.29863061659108
300.8654952361573,132.72553466256298,39.30549372389187,175.3811846574854
302.391478169238,137.39640317884493,39.460146557631674,178.86592242452625
303.98383063455327,143.05704999898256,39.53371580604341,180.5777255004204
306.5596436678857,151.8353401000225,40.94927895051592,176.15552372061538
309.57745828712245,156.0016735819667,41.411640411399894,177.56984280576307
310.6689493871331,138.08344734233873,42.50629710651813,177.35226743848295
311.42710295284553,139.7667386497351,44.28550514432921,177.28119999292622
316.23511167851046,145.2639276538706,44.65464091022578,179.6003596076237
319.36495111165885,139.23794308500516,45.130829286112295,181.54852788207972
319.43939838362553,139.8335291671774,44.98193474217892,183.76166651022822
321.36834781455474,138.46130203648482,44.55655341235578,186.50612077161335
321.19724038520667,126.54649609059005,44.89876827105199,189.55852553910412
324.930965691537,145.71446752661544,44.45561841141644,193.3683871852046
324.66987714535037,137.52988824180449,44.97779550378971,195.50961918159683
328.00510687080487,129.60595519187166,45.501221562673024,196.9697142618779
329.2960343493249,127.60494111707476,46.54676691730797,197.34434209979668
332.03358766088274,130.9982099536922,48.3769747607641,197.86311889313362
329.7117423344052,116.18588186505578,49.32582492797592,197.9290511844596
332.5069023286943,138.36473350261542,51.16311831345078,198.13702815365974
329.6459398958296,121.64465126536695,53.13349878940233,197.81329312015595
328.9566250438097,126.81006184206417,54.51212849344215,198.83494688614658
328.5967020403067,126.59171597908885,55.23197450044815,199.27163861209723
326.9718835309446,125.53129142715999,54.63750339009006,201.39248771595496
325.60254854134723,126.64043618722096,53.51334142362982,203.03703014148795
330.003380605389,148.4668664082857,52.44129883829495,205.7618989558502
328.00029388962156,116.96687468473378,52.564629444019175,206.6363971899822
329.9908851343822,116.39549173478287,52.480906420839936,207.77916308988404
336.5388742639402,149.4003539320596,51.12068043500989,212.1839523350465
