138.5,57.5,39,137
136.93587077787237,64.90984960147351,41.12825844425527,137.152717966543
135.90539104379604,64.49474070537235,43.18921791240792,135.2790885288282
133.69213658554406,57.38314228374661,47.6157268289119,133.21004438815734
132.97365944616908,59.711116038364636,49.052681107661854,134.08758520670628
131.05635320794565,62.32028398465876,50.08199389480499,134.47984869272543
131.27311579233682,61.615353092243836,52.47796204284704,133.0602171607309
129.540448254468,62.767873488759705,55.94329711858466,133.60731143338882
128.55597379224386,61.511220758354554,60.833983738633776,133.1988791985983
129.67743520200716,66.03123771341232,64.5951376853348,133.1649604378242
128.73743807374592,70.45796209548186,66.47513194185727,133.51303151292018
126.5125910506971,69.84503780892793,67.8199568810211,134.73888008602805
125.91593554259961,74.60988341125831,69.01326789721607,134.64743653432785
119.15492339785203,78.65635063219439,73.03926192394219,132.88518893430168
112.81199450258104,81.09373857821927,76.09966493366349,131.21889796919214
111.29818947227588,86.73573226559583,75.89139156789163,129.64256087358558
119.45117440522881,90.25782259317931,72.42128017221955,129.0163094535355
120.7554229056585,90.69144812228956,69.81278317136017,128.14905839531502
128.06477401019743,90.7284133332749,64.44453142152584,128.07512797334434
132.06346242835616,91.59875745555705,59.43727434565556,129.32455948922725
135.33296319743764,91.26321687069165,55.81952083924172,129.99564065895805
139.28631617069064,91.09538797297218,53.647499001515435,130.331298454397
141.5393321564271,92.66067504213882,54.80884174006956,130.03441167107724
139.77781798801914,93.02492561493725,55.481854582824354,129.30591052548039
138.2253585693989,92.9846980255163,55.73537844541672,129.3863657043223
134.4512223635948,92.73360356857579,54.712532604606324,129.8885546182033
137.0741703584608,92.5245822039314,55.159039448181,130.30659734749207
134.07417049922205,92.59911350143395,55.43873381617993,130.15753475248698
133.6179602569125,89.32667468624174,56.35115430079898,130.97651387920632
133.28516150567415,89.30487758702475,57.016751803275724,131.02010807764032
132.9610478010228,88.17791881955063,57.66497921257842,130.3707131065541
135.73504836658805,86.7451354890771,57.92762959851613,130.33095400896704
136.49865850476502,87.23434192769362,59.30978020773792,129.352541131734
136.12639420886984,84.61623300954565,60.05430879952828,128.74991432266404
135.72575582389712,86.21182797310016,63.779264475941545,128.48240330202287
136.56255513162688,84.60236902802663,65.09023671387777,128.7167503387742
133.94260238194988,84.0074469271465,70.33014221323171,126.89591584148955
131.84114949333159,80.11583537402528,74.53304799046832,125.45767788191799
128.23283545179896,77.12301195819305,75.50201608506922,125.19566472511809
128.868821423776,75.11284592834515,74.23004414111509,126.07971811661017
132.86585443373838,73.19243052553931,72.49188466830051,126.79259564866678
133.65710743660932,72.75481735486149,70.9093786625586,127.66782199002242
133.90609702713692,71.98058982239579,70.41139948150338,129.21627705495382
134.77583098778172,69.96564070881033,68.67193156021379,130.13671835462702
133.93122764322808,68.33381532673417,67.26792662438775,130.30715749384603
129.69117073187317,66.02886064005743,66.53333109388686,128.77392729839235
131.80532183531324,67.85478053461452,68.37784654993308,128.15849634074135
129.34737590906818,65.2707967075572,70.23468166068578,127.20835051138113
126.77152117590393,67.68252819142168,75.38639112701428,125.46169388066295
117.35414176773986,68.75225552031,78.52970253130606,123.3222392228863
109.06228777420398,70.59628019491556,79.3176926478612,122.79333344777851
108.43529253163088,69.82392849681563,80.57168313300738,121.17364893048592
103.17827691800579,72.90130714337766,84.76378295889249,118.17985733804437
104.22443990714427,72.64280528503235,85.85657032588199,118.69686105473501
105.38162617907275,72.78024074599577,89.96403456871191,118.42199013280818
102.94528462943504,73.03858664865997,91.56270716619139,121.1793088292757
100.00300491868904,68.11584343191568,87.42084088769626,124.34051146277287
101.58720384427716,66.80288159974182,80.93031358825327,126.96643512712058
106.63407544539726,64.26127263791017,74.09040588770807,128.7958175490889
109.35082473166074,64.81391068038995,68.6569073151811,130.85643044409434
107.18214261212741,61.419271295707844,63.683663070614635,131.43863689103645
101.65469305610608,60.54644066553442,62.63406700775785,130.15817435765845
98.97004761572174,63.940206837073106,62.02499592495529,129.34900397815233
97.02184525846592,63.09580969066948,62.95462542388023,128.07102305537285
95.09619435960019,62.480393745936105,63.84166566664426,126.33759338987217
94.5728325447809,63.41081211078028,64.88838929628284,124.47675666018382
93.44004455423166,63.85474824952809,67.15396527738129,123.58888438268819
91.77423167617923,67.21458261061888,70.48559103348617,122.81076321980717
94.88869327393446,66.54204389990778,73.30474448269766,121.13981509298871
95.34344832783796,68.81532227975191,75.43410007713548,119.63212403554525
100.55993211956135,73.03315049849596,77.20966070302323,117.30073170272442
99.83430896782033,72.38803854579058,78.66090700650527,115.54410954324915
107.260765709856,75.64040640545595,79.0306259291735,115.1284267866142
115.36610660447215,77.9050772647711,78.0418595276713,113.64346814552991
124.04968867834114,80.9164410679733,75.70280597964846,113.63198477901155
126.54496817191198,81.9804225164734,73.67890225096497,114.47067714046949
129.4755738993207,82.91941641224281,73.7087405526379,115.53821422717584
128.2246561171778,81.46383714108121,73.24856506043159,115.48736171300695
128.45445627847658,83.99407280781344,75.74251722122537,116.33399534632508
125.01121330219945,82.21140903413462,79.62110979642439,116.89142951632749
125.23613223376472,81.81628705685554,85.33275110475893,117.68167347088563
119.42191222860441,77.98347126668729,90.58736191314098,118.97347584928357
114.17015764923627,75.70279225030357,94.50568510851387,120.2422409003693
119.32348074569616,75.02959746389722,94.3263788322179,121.58863047318201
117.36711200407244,72.93308976512519,94.84566276829489,122.38819232355561
119.0802435517285,70.6812994212549,91.41939967298278,123.4776484487638
117.12650933963765,68.27628875189228,88.57731188152232,124.91289167966796
110.84338818115337,66.32110665773094,87.74413567206582,125.47340123638438
99.09411284061125,64.4330875218983,87.83056751275313,125.90485110227866
94.74352387412583,62.36039331682241,89.82667699063029,126.6977052848836
92.14067047022911,62.222465950428855,91.63493296140642,126.9735600176707
87.17128323234189,58.63118540550632,94.7109278975907,127.2933415679256
83.63906836570206,58.319758602746916,98.28865340052273,127.91619517344441
74.76997387731649,61.54660491033137,101.80830612236275,128.57177068574106
62.06680771206953,58.823985585244074,105.48319532677246,130.39510214823494
55.630279147888444,58.647945439201635,107.2279443128227,130.74718244031982
53.051967106799104,58.65730737259672,108.64150703368846,130.72845857352965
51.651053207454424,60.450313592457974,107.67774300178357,130.9080379644014
61.43191623142785,59.96952141508214,103.12722207408547,131.86962231915305
70.97176549403056,59.70254494362683,95.1289565424839,132.40357526206367
77.04583004438015,57.307328091886944,86.55197628089147,133.6228601264367
80.72200477640288,53.47167126679578,79.199626816846,134.3992660682074
82.00091851243519,53.148791237460344,73.30623626974399,135.04502612687827
83.59239380113343,53.36337665127424,70.1232856923475,134.61585529925048
85.32648359770388,50.40272904611757,69.8391031049089,134.16915649815923
83.94772117228734,49.1299185049476,69.42408231714616,133.54223194190334
80.53065218870881,47.00345141928226,66.78963382253902,134.63897062597928
77.86175411037915,45.05797758611757,62.74705588167503,135.40312692646756
79.18152911234523,43.62742772239045,60.107505877742895,135.19664234732502
81.66748191341603,44.19578183688523,58.1538910031876,137.07822484592177
84.72257422004807,41.75229983145036,55.05476610541858,138.95412914129645
87.73587635031777,40.76252756610059,52.01114313192953,140.933673671996
90.14378944864022,39.57763200254996,50.15204489767111,143.30346479909724
94.08475893904588,39.2604345757686,48.1839677280919,143.93785965265997
96.19376461777115,39.11959116273644,46.896046579494204,144.21954647872428
101.01445798029582,40.21840927813609,45.9861563934215,144.93240909425052
103.78282902587945,39.839173314556774,46.25719851057031,145.69088102140915
102.03095360515995,39.570147652176246,49.7609493520093,146.2289323461702
102.56521668136774,39.394822440648056,54.67547453313532,146.5795827692266
101.71001845948098,42.467186124676275,59.471521108060514,146.60615566347357
99.66722151914138,42.44017498330892,63.55711498873972,146.66017794620828
100.50803594310545,42.25112553433425,68.36587491862123,147.03827684415762
92.81182262736345,35.786495445642274,73.75285313649071,146.62693913672229
93.93065968356387,39.156564752381556,78.36074486669322,146.73236636584704
95.81716190244697,36.933295624894185,81.59504742661875,147.67525112197592
79.86693056137015,36.91504209521031,84.91256755408057,147.71175818134367
78.10902516913752,38.834782032747555,88.42837833854583,147.5021275664225
74.79239621605349,36.589308948425995,91.37542683847772,148.30686432882945
73.43108446744725,32.400726963653426,94.0980503356902,149.18840841101897
81.40903981841598,32.710086395729675,93.36872737136672,152.37633648126996
81.18459373037805,32.1260632875847,93.81761954744259,153.5443826975599
83.73924230333877,24.601115426893216,92.57529437952192,156.99336248494058
79.4267868369146,25.790995353814935,93.4055124134754,158.51094908054455
78.78656154954356,30.302579660070506,94.68596298821748,161.28956180633122
78.59235897077122,20.454846725860776,95.07436814576216,164.99762368624687
85.7477018825926,23.195068330191646,92.93902037230914,167.63407251104493
96.49430707031472,16.134336500092815,87.69039099881755,169.57210041977808
100.46389878530576,18.4257518187612,83.75095447342294,168.9890166870288
102.05384220514884,20.774223434660996,80.57106763373679,168.2152337071663
107.54395683273106,23.10678613982772,77.30411095071524,167.4067445829043
110.35758181501458,27.570337320269786,75.46470556446418,166.05533137865214
110.04737812251528,28.6197097117048,76.08511294946277,163.9565865957821
115.67694702658952,31.38943506973908,79.6912718676492,162.13346006129728
117.66003533724668,33.78129744688337,83.23015319726143,161.10226428247196
119.92197692117014,32.48646898889146,86.30343862921097,159.89333689855755
120.91406953605258,33.40771177539099,91.98639300274787,158.05085132555848
120.67593863187152,33.70478449675588,96.3657368400076,157.45670588282871
125.92184767964268,31.753824200772797,101.74653533136453,157.39047232807008
126.88546918305163,34.93156756168659,103.87660162650931,159.1496042101679
134.18524922601324,32.63946901596714,105.75390925587033,159.61458437278574
131.0691810432504,36.455231788276095,107.82858933627907,160.29797139840173
130.225887986862,34.100617375466,109.51517544905586,160.80499526478735
132.65203466687393,35.73398190775282,108.90069267636841,161.77607678755012
133.11978716350893,37.935223409288355,107.96518768309838,161.61583877515346
131.7823814712885,42.27442205340928,106.41569913028847,161.38604136141325
136.89378107760416,44.25410759980397,104.58305961030064,161.6217501149456
135.30335992905935,44.58119701702745,103.59582760776928,160.96757128049865
135.90866730674043,47.00185476540352,102.38521285240714,160.26804533421137
134.79016669216543,47.56306208448822,100.51112935114642,159.14563069604196
135.69007098278735,51.83860544442814,98.71132076990263,158.72041419761757
