163.5,44.5,47,164
163.6674574824492,40.743890275590644,48.85765615960625,164.12707719980943
162.66129658951562,38.265974292939276,50.869977945473416,165.85395831761795
161.56122895317318,35.75255052617311,53.07011321815828,167.5901102271855
160.8138394418321,37.00067071727565,54.564892240840436,168.44979814673212
160.57491487099344,34.38454420491648,55.042741382517754,170.28641954576443
161.10449170295212,29.091282575030817,53.983587718600425,174.01193523106528
160.17728141574042,26.694271119628226,52.37414804177942,178.80595814187046
159.13305419684954,25.090577793926343,50.9607278022616,185.51521947057375
159.9444424450395,23.35589683345198,49.33795130588167,192.5547211168023
162.14916925387143,27.238225814184005,48.567087238587106,199.34442135681545
161.76473062452953,13.582746466568068,49.335964497270936,204.34002523008797
160.8999244428691,9.99201499296133,51.06557686059181,207.71759874458223
159.97060484922832,6.7317646161190225,52.92421604787339,210.3539258880648
162.30775982205125,15.904789679704294,56.1628399482863,211.7902103760413
162.734129014001,15.826635830030071,59.34798613019194,211.94651807538975
160.944315703029,18.357114729743643,62.927612752135985,210.98546977063637
161.2162362249831,26.629879024905975,66.53683827849927,206.89914089112628
157.70993839769648,27.891009866403124,69.38760607302666,204.37687920813198
156.56974608467178,34.957695740831184,71.66799069907607,198.59985087929726
155.44653550576612,47.043282973060556,73.91441185688737,190.9773663428691
157.04747588988113,50.535887930948974,74.78094352420221,183.99215642709225
154.408705938239,53.23614978568726,76.07507979546247,178.59163271761568
156.12778223741353,53.4076736787498,76.56535007493777,174.3201620536662
153.49701419490327,55.40015854524796,77.95163703231532,170.33519232066988
153.19914699505728,57.142059094521045,78.54737143200734,166.8513912221237
154.86651219697285,62.431256003602385,79.01412426247859,163.87596387256576
152.76374747364386,62.13737446555511,79.4534300122949,160.6975032518187
146.84858512309782,63.505889087207635,80.10153354283041,157.96047400851364
134.98428371243793,62.768526117420464,81.63888245979068,155.7366576306947
124.22035367205032,63.82475534456469,84.70481553254575,153.62419917640625
110.84234287658644,64.74661552984408,89.17819636576584,151.78047880584748
105.88899366644682,62.162018709165,95.32242271389754,149.42472830291055
106.98661312675219,61.14087714895159,100.78852605369757,147.63634029313195
104.85288025725089,53.88850371745917,105.0559917927002,146.56199523516298
109.43767525360569,51.97823297393646,107.73336359503455,146.43354945719375
106.47145298151852,51.91732389772439,109.67479605357433,146.5553676096179
103.91369094024313,47.1551514299877,110.76566265401613,148.03039758087328
106.28615086798243,43.41347609083759,110.08569488869448,151.44879616901653
113.76768661609283,42.60058367549547,107.43989034210242,153.07458099970077
113.47866836369529,44.68324760147628,103.931103053307,152.99607694132965
120.98250968494416,53.89676198667851,96.97864137700711,150.67949010332086
126.17244530346584,55.01937721497433,90.47590878267053,148.43425964672923
125.21825813429186,57.98163811789098,84.91511440291845,146.24432219994594
126.22487897568716,60.91971404627627,79.29373897781218,143.97630408549102
132.10512258108582,61.54502001903094,74.49121281678563,142.72569213998167
137.81864452261243,63.42480805892369,69.82073133461995,142.3443972606399
137.8338246772706,67.06615389267849,66.49834980000979,144.93776926901174
137.21716464735667,66.03753994213476,64.4597516119141,146.9949971700992
137.84694791177438,65.77019261457745,63.2001850830787,147.5296918252138
139.76942831175327,70.44334781110564,62.60669569829254,147.93779567767228
139.14877275807996,70.40520746647142,63.84800680563917,148.0140763669407
138.62036226120264,70.46176354763116,64.90482779939379,147.90096420462123
138.0669590876551,73.40914161689003,66.01163414648889,148.58007969201134
137.6612953196001,73.04088823771696,66.82296168259887,149.31658645035748
135.5240827893055,74.24590678100972,67.75616787848641,150.2477682284736
133.43725987907305,76.80334886837568,68.5586864749714,151.87513850170149
127.80573520907755,74.58923894794825,69.59519926189316,152.89451282486658
123.9376159876084,73.87423542720106,70.4477659360941,154.32451986636096
118.41584126533718,73.04732839833605,71.0586304729455,155.97833392409098
112.66865177455085,70.67157325413253,72.01609940013799,157.21754086103797
107.20155848766036,68.08114548140347,72.30900695810047,158.85130340122328
101.52728878253828,64.97876965318181,72.92963093840685,161.48008324768733
101.30976723814139,66.98680097203675,73.3646740272006,164.71411182552623
96.95287413101113,63.94025906057732,74.71920253315074,167.12756679428986
90.62285519463705,63.552980059050896,76.16386319018005,167.9021247973427
88.0681285829082,65.68384142590193,77.49824590084414,167.41547257643424
87.74357952822929,66.24739940492363,78.14734401020198,166.28835661839085
85.59347431109975,68.49698859523969,78.66125466477202,165.57547801744778
85.84795699659927,69.22402772229418,78.152289293773,164.1213997633388
86.27838208637715,72.05052520111526,77.29143911421723,162.22320807156908
92.26183618320512,71.74085021413848,76.46090851976564,159.13043217912121
94.10015849403146,71.11876422984406,76.43681322247191,156.72205482335107
94.08977251638265,71.41504937448934,76.45758517776956,152.51252035877582
94.05573113867169,72.91062147373371,76.52566793319147,149.52137616028708
96.07689631800844,70.91276307309103,75.99642560858774,146.49091689343285
98.84494054528574,66.5232228209999,73.91982696464129,144.89152796579066
104.49087704344066,64.10713142867097,72.82864908938757,142.9232473364111
103.33740123985399,63.539098141313076,71.78306087537389,140.70677408993987
106.09956429090097,62.6127579643006,69.56072974393439,139.25745947331038
106.8425902315721,64.97486888596927,68.07467786259213,137.77559736851555
105.15381501243917,65.75806184046863,68.25728758627669,136.20921145951684
105.5543989410784,66.10815952833858,67.45611972899822,135.50901608377694
111.2501533133856,69.06989614969004,65.5178045205037,135.88767186515395
112.31390973106105,67.20843336027274,63.390291685152825,136.4876319105159
114.78666516401998,68.908843442508,61.539394391013516,136.1814253178239
115.60849914153468,67.53275047608054,59.895726435984116,135.87586968889775
120.87555148393703,69.49228232397917,58.434858683868036,134.98121830399668
121.37711682918626,67.5938182687584,57.43172799336959,132.80676011650425
126.3318393348286,67.64007592651173,56.33179713259129,129.7777400841621
127.00756014482434,71.37672005644862,54.98035551259984,128.05092411494093
130.34907144555154,76.30134324467096,53.94608154790251,126.67480069363187
130.94004518913556,73.9196671749693,52.764134060734456,125.86579370378824
131.45485642297348,78.5754600662985,51.73451159305864,124.81486019211476
130.45190001532302,83.05686851235018,51.020319651142515,124.01235757166255
128.96263742449383,89.20267997288994,51.30301003600465,122.50407383776813
128.1954676621732,92.81609579199875,52.83734956064592,120.635416321103
128.38001049304233,97.55139739261638,55.14745053922272,119.20237304081283
129.136337960533,99.77466314982722,59.032682613147784,117.45478503084436
127.93797145167076,102.03441619512394,64.17041200543078,115.67627531480943
127.99232923691181,105.41260757231134,69.66778485452409,114.52598098001005
129.83493538351235,102.81692667184367,74.61988347290853,113.95913550655503
127.77211155376018,104.58112678102353,78.74553113241288,113.38428488070105
132.51197836320972,101.49321512400446,81.31918986338283,113.53341201980462
138.24303101393494,99.30457197933757,82.0892564814094,114.85265532926915
142.2458550412751,96.91267082547341,80.26500721006268,116.54575824533067
145.8789021272418,93.96762734669522,76.08510151010766,119.34965673090863
150.3403281682738,88.10914339241509,70.22105024821226,121.8902221789629
153.61020856236365,87.21931873683447,63.681289460032595,123.66987149012417
153.2472710171134,86.60532429693751,58.58245327268656,124.89786036991808
153.93424142937596,89.1110460762296,54.366632257930135,125.5701771917965
155.82848551391126,87.87078916295354,50.57814408885952,125.2730592590738
150.97052434253942,87.18282592499983,52.17566494332168,123.94285190555405
146.51781166668056,88.22355830198268,55.650407291678064,121.86138715158836
142.1721138719999,93.29425305607487,61.59538665549383,119.95924632004056
138.97679154765245,98.75864378969976,67.98603130418871,117.49632445062922
135.35157833008637,96.3385735707534,72.34160770176999,116.54676481342024
133.80461605792362,92.93677484681771,72.48134704692629,117.44199186295323
133.84668897135828,91.18006087379514,72.39720122005698,117.9855268710676
141.57533760877973,89.29468352254129,68.84625050537691,118.77969493353461
138.9982811001889,85.64323016886355,65.21497409281665,120.22567535439546
138.09524232005066,81.39415351532624,61.24500600245503,122.94778301083201
139.70824521377156,78.41494926074589,58.019000215013264,126.04649575943006
138.652920046091,75.67628849104541,54.43215537095188,128.67506970911975
138.9562512644073,73.0713207091836,51.00179345252036,131.0613057910445
139.58740906955646,74.83460987369706,49.73947784222209,133.128679248186
138.01313862865757,74.50000735549884,50.08405869121817,133.79788428458244
136.13372410987765,80.29487940103581,51.02312945591355,136.30693155783092
135.9785130047231,78.23591028807651,51.33355166622262,137.55223631034553
137.14645450086616,79.29206947817849,51.893740893250516,138.3359901494556
138.28663167199403,81.642940088383,52.530782597488695,139.46904102203433
139.5718715174523,78.6476584703396,52.90541077930504,139.56938851265528
141.45418342224693,77.18141085529237,52.09407351954991,139.54859719291562
145.2412504702362,79.06426471096665,50.396706405881666,138.7212729727222
144.67257433049423,78.29069855490083,51.534058685365586,137.37250958894813
147.6600415080783,78.97098214787088,54.25044971028691,136.01194240300802
146.98202414632811,78.16508357569094,55.606484433787244,134.69746279199444
145.34640638112649,78.84873848612227,58.87771996419055,133.33015297113178
144.58672529664608,81.11293969590778,63.36666464458012,131.77133306298953
141.9201895826762,86.6994582903705,68.69973607251991,129.67470147642007
137.3860445801925,82.87693782470481,74.68113347911131,128.05906461262356
130.08975879896278,83.2591377554324,79.7787836106858,127.29466475116837
118.57239406342973,80.31620847653957,83.37672227182775,126.7015930389793
112.94575806512228,80.5397112233197,84.75794110210141,126.25458754541904
105.19977998976319,78.32178650200342,83.71525266537397,127.38350807056247
100.13843346649861,76.00225851894125,80.61170551187405,128.71600398667957
97.31322541278047,74.57545364404159,76.4381232128253,131.56961373647889
94.73658889918369,77.2995742137368,71.85093469032644,132.6150136302167
93.58626506762735,80.3409135151391,67.78320180833934,132.90071557251184
95.66399962186985,79.29874501535265,63.62773269985434,134.98505257208475
97.35859012279175,79.51943274275138,60.23855169801053,137.62055682173468
100.33349177254236,81.5371352236987,57.34448472466797,139.69662451215737
101.21965885316077,80.09407716579625,55.572150563431165,142.58274062796227
103.36385498387855,85.11544614425736,54.32816888341597,144.71764499672145
104.8695558402577,87.95854691943015,54.369476330324744,145.13686176571002
106.39366810230105,87.61492287893466,54.380713746810585,145.824109846701
107.50450549205166,91.1205737602247,55.22855200324358,144.95183415598936
110.33451984668241,94.16372641389748,55.713050835781296,141.93779261954342
113.85827879362328,95.24933706690373,54.74085974617239,139.7665713135309
115.53978759804599,95.17221231144629,54.366891439498275,136.93177152227452
120.22687893119053,92.79501682437743,53.81748813010687,135.80297625848044
125.75851989815905,91.42644864862017,54.41634653629576,132.709042439932
128.5002802828126,89.12699982797868,54.69612979122278,131.5446360569808
129.48186049712356,85.31234929733895,55.60279478956553,130.56446083736643
127.25273306342127,84.22255548377345,57.18931356513227,129.87231237265962
123.808357487397,82.94246016317285,58.29861462698133,129.54277796876107
118.48507669616723,81.42006808831367,60.23181579035116,129.68310864544955
114.82555322989774,79.99050048238769,61.67013294627391,129.6018789689934
112.78040521630524,80.22276447019155,62.79614483169583,129.13735099338567
109.41530964537358,80.52330003919236,63.57214892642252,128.53627985538404
106.34553001561096,81.070904352415,63.748166415390706,127.44107122893877
101.98720450521006,81.6433583965059,63.5584437365783,126.29616314075697
100.18368210817886,82.46425840230924,61.26800179279299,124.65436312915027
101.77298527721864,89.0335748526631,58.08939545471342,123.0559613043181
104.78367334910428,87.9507895377136,54.87446153384117,122.41508971131805
100.96219405168414,88.56719734407565,54.2948910800711,121.18227409859395
97.65099019328935,90.28803278815988,55.491764368784246,120.45337042446369
93.9347030431756,91.24619156480172,54.754840467988245,121.26021893818782
92.3538379334226,93.75905736323783,55.19459463179265,121.67843945271883
92.64070014749555,95.57823870019544,54.620870203646746,120.77584322981039
95.62601342630614,99.00561888950007,54.075424448418666,119.34626365359426
94.14993621710863,95.81051769847073,54.34532287804416,120.37195405811384
96.01301318181817,95.59722832745773,56.02294691154522,120.79853280013984
96.83973578045584,91.83993371391496,57.106981923036955,122.83816160969124
96.77850048028938,84.31357530972949,57.22945252336986,126.74641451470279
96.76142027278476,79.83480924461954,57.26361293837911,130.01378665895433
97.99664280961655,76.95760599610625,57.68625216160756,132.87510885908887
94.32436995486816,72.97079570125095,56.204835832181246,134.9647547561841
90.69096913362746,70.76252656192908,54.633704132308736,136.43531525404322
85.6171818090791,70.31108330789678,53.024427598997924,137.33820176210781
80.34173416244478,67.10389028605384,51.881716078480515,137.90578439890064
74.64123559843848,68.0715652432792,51.63866340159069,135.97043448444992
72.91150854625742,68.66750103974245,52.219232117633204,134.77856289152342
61.676948645666535,74.05720541135975,54.582956219313914,132.61575230521782
57.7333029608795,73.8275387694732,56.7037083281441,130.19181595861897
52.28201825349844,76.03881102328184,58.9488942360003,128.65506595330365
58.6853429328308,71.50259106391047,57.754089112602244,129.01862269559638
62.28177424820439,75.41390386119248,59.22306594122297,126.97055674061099
69.44464422744883,74.88654269714837,59.3135789479323,125.14202847565957
66.11890516396952,75.91248025323239,60.24867132225084,123.09015336349155
68.9804451052118,77.05004446869496,63.059117609615825,120.81502493256639
65.13659481721498,83.86482752169631,65.02737560793712,118.62434398190842
61.78625104810758,86.0376090450046,68.86686660963422,117.13997747180954
60.21242268203682,87.56529829481073,72.01452334177574,114.08459897219728
59.10123686436505,91.77616793153115,74.23689497711928,111.48668619513943
58.35468541327725,90.26337702361715,75.72999787929487,111.60223112466412
62.963747365801446,84.48520862875219,75.32155613479044,114.34888575385007
66.91229845035322,84.3216817918467,76.33771237032133,114.67593942766106
69.51109005871444,82.65697243739149,77.12593585256701,115.01245478708744
76.18716096788872,82.39867038628086,78.82909212524896,115.52905888930871
81.7782913973966,79.81467622425752,79.83517591212238,117.64996105188308
86.1355849426696,70.69940563806176,77.31202026970888,120.40192360394337
91.52605598340949,75.48506712677789,78.9113338149635,120.11579234656186
93.78222413519464,73.25877474547075,80.63389318690088,121.45092927142232
86.33314980032415,73.35182858727238,79.70120290354862,124.43098937843772
91.88558493969919,68.74227728245947,78.18231696973436,127.2594357581063
92.5463788110826,67.42574772830555,76.86072922696752,129.89249486641413
93.53330852437998,69.78959012907907,74.88686980037278,134.85201592563902
95.35722471234178,67.93177410896807,74.50808925287538,138.56764796586103
95.38366709305065,69.72549988040697,74.45520449145764,138.2975917929374
94.1854936826422,71.44663660450266,76.85155131227454,138.167829446116
80.57887987808704,75.79242686899009,80.60403189878932,136.17931949502557
81.2968670593425,71.13130739516376,82.55380623684992,135.3443123409636
77.56487490999973,58.256265124413915,79.79919970544435,133.8448213355536
82.19482561624835,73.32545158928083,80.55165124102173,137.08095823273518
81.16154689578364,75.3085125474453,82.61820868195113,139.91135262682815
84.29176937260165,68.69054260058927,83.30825190919231,142.72156024922444
89.57969776133507,66.45184481432787,83.31833993261849,143.67030755478288
77.96343251550921,73.88513345266904,85.29349396064177,142.97531458718618
80.13262490056914,71.2947718698003,88.08706220290703,141.02408474053854
85.20247700287428,71.0782210378549,92.28292323091308,141.45718640442934
93.21985487513072,70.63866121896255,90.89026838944481,142.33630604221403
96.52676568892764,72.62877305328374,91.57735110579381,142.0065345455431
98.83099345315281,74.71513281919835,90.62588743340116,141.49080686977157
99.67324730444008,71.87228281994547,92.57475297686086,139.90976037620885
106.81133845245918,75.92796189675664,92.8671798325687,139.08270679845953
107.64294007364752,74.28948877722289,94.83855884290924,138.72507078480982
108.74112516698351,74.7383810707185,96.30408728186379,137.82728619781858
107.29804412696686,72.69356768310318,95.51766606501702,138.24432967616914
117.96799865241161,77.07025039722248,96.1730728764773,136.82273620204717
108.70433104221595,75.53158563671809,96.424217375394,136.24482757876103
117.72802697052694,74.921499130344,92.9793818886845,137.4650005915092
124.59809703269161,74.02228281572812,90.07554494327792,139.26343322074098
130.60080072379537,73.0048466199844,88.84256861641367,141.2983056122284
134.5966339041136,71.4418506971085,84.45155529568409,148.02495049788703
129.04080233843868,64.6123410945965,81.05656376507875,150.8039787064447
128.41141883639494,60.02469650702173,78.70552139598702,152.75964913523592
135.51297467011514,64.58161689750696,75.29694838017001,154.44034700588884
136.68828801289777,60.683442081344765,72.94632169460473,155.10902516232738
136.94170331487237,63.00079153096843,72.43949109065558,154.00699844918006
129.70349490107196,65.57121888866511,72.88481688270022,152.3739164926757
125.30703456699288,67.6379193319853,74.69428064770244,151.73224405761334
118.56294457002215,65.37296999128748,77.64106981125235,152.74834579554516
113.72268782667615,67.10747628238504,80.16227065272945,152.85898953595748
112.95919346449122,65.43688439754435,81.68925937709929,152.57546683689978
112.9526835499235,64.31346370386004,81.70227920623473,151.17556773620674
113.48355462205744,63.65175065161435,80.64053706196685,148.87265413352304
117.48522488180046,63.731851659186745,79.7856510948763,145.1382248421805
120.29398524216944,59.96357517045709,77.67266045728098,142.16118757021195
126.51458792583739,62.82387895351469,78.92948767841183,139.86508815121343
132.80893645751468,62.2896453744639,79.9888425580111,137.52154232357657
135.54126413258473,63.62784535004029,81.31473142402724,134.8451423724238
139.69265240176566,71.8687321564065,83.1456440881119,131.8749543629534
136.0179561035238,69.21922334799496,87.13069461972016,130.44528785002547
151.23334958283664,69.56904766276983,87.3842988040351,129.7456392204757
141.8147454703311,65.23157532515069,85.80313863776801,131.6144610986213
146.36661481575058,73.68168339218869,86.91393409441228,131.73846854368395
134.9690744695687,64.90431332440242,89.15776559714925,132.1671676879008
140.33969189711925,70.18521682766745,88.82335215917607,132.01218209849864
126.9784893711565,69.83182269944538,91.31835014133426,132.71897035494277
117.60445105480208,65.53180420481667,92.50115508457961,134.2928986684148
110.75804219308456,69.60189074723542,91.96850054184026,133.2654617166645
86.51742733251413,60.971245424164564,91.00096229870883,136.39853294444268
75.38066301859223,62.995150863318386,88.33202761272075,139.47714015580127
76.25549124382293,62.05754479122834,86.58237116225934,141.35235229998136
75.56770562566572,68.60901736901114,84.394419996607,142.5034967522828
76.74957215255077,64.54028171792132,82.0306869428369,143.55340917257502
81.20306188117868,66.06215923349151,80.16234988187317,144.0289753395807
81.63757759980832,69.96013170062619,79.2933184446139,143.22217737960813
83.86558056673118,69.65461288791084,78.30514994816498,143.83321500503882
88.48956628092687,68.00358528778597,75.97714176804945,147.13527020528858
93.37667005350912,70.68375542101312,73.14017204408567,148.712167760035
100.40116000707181,66.42011907963209,69.41926112204862,153.7967507811009
104.24997911330352,68.64915156337754,65.1734785380797,159.69425269909354
107.64027681753714,68.80051363926889,61.85501371050562,166.31578970909712
114.70707792926157,62.3265043062155,61.712741483083114,168.7703108781841
113.5936605773366,60.15891326287604,63.93957618693305,169.57508401221344
116.79891872339137,60.11046817050075,64.69324645014771,169.67197419696402
114.87142483071679,57.563513405863006,68.54823423549688,167.57181315028572
125.2433938672475,55.57862613270754,73.25460462154814,167.90582934529482
123.99973871381005,52.519245508207334,75.74191492842307,170.30063425936558
127.54174545312608,52.86769409750937,80.06533005368657,173.40621328206004
126.7262783612818,47.273830565256134,85.61969573167242,176.74707735797193
133.77039392709702,56.40808812128648,91.87635400192815,178.8234516477974
125.82094872077306,10.453117671811313,99.35993280514498,173.95730903829016
115.5184314322868,33.1327671141546,107.17314371223638,171.23742238654074
99.22648698807944,44.98268347280958,113.62521647008538,169.31410311136887
95.95133853264838,55.42118141720292,115.74140501320362,170.60764906130157
100.18654908342478,57.56977319017486,116.24836772518665,170.79915742212557
100.99050469693164,52.67174893471581,114.64045649817294,171.59524605250087
100.05797611747556,56.18234153244123,112.02022891081741,173.54463034958542
99.85376947448427,55.465318251491084,107.95772707914345,174.9786769114857
100.4661156304105,61.71622089003205,102.30870507463149,175.74986071238231
101.37165096024044,61.03601982565836,96.15711110055597,177.1102628411297
104.16135948569311,60.872763507121505,90.57769404965063,177.4367754782034
107.02826278408493,60.73391475909763,84.843887452867,177.71447297425115
109.64151945248375,62.785064760597606,79.61737411606934,177.68177195210183
116.55826888502875,60.83863549930048,73.73927788448837,177.59692915794156
120.47082518758815,58.74673126251713,69.78681358929256,177.9080893215853
124.50348811701491,55.412398109707155,69.3348238315458,176.96341952609848
124.41337937982121,51.35928290027235,69.5150413059332,177.49965484129126
124.15357197580617,53.158919628361275,70.03465611396328,177.6963133348467
125.92780259001114,53.26663827871191,70.2942523997151,177.48087603414544
125.8958460458685,55.10750187031033,70.3581654880004,177.60874939213852
129.8865326187223,52.8944803054047,70.0019572502147,178.22221006798884
129.68477754804582,54.27558416596074,70.40546739156761,179.27503672565507
127.95644711350285,51.93957124011453,70.02473629174213,180.10967060843603
122.40937730186263,51.69304407068381,69.5911669650071,180.60272494729747
124.64137465379972,53.28987379074832,68.96904945179715,181.25094269783267
123.3002276901316,51.06939386402472,67.81133391819633,181.85189309034283
122.33682484595025,48.819434437753216,65.91035014869533,182.5240224850221
121.36491602677863,50.04427178224813,64.05109316030283,183.877422422768
120.3542072229497,57.22565427288414,62.28384198186842,184.6693325858652
124.87102552656759,57.24084072831417,60.7856881973638,184.63895967500514
127.35057008789501,55.432413753592144,59.56649461694483,184.51591808221335
127.4621339780873,62.92814767860969,59.34336683656026,184.3875400807962
131.1639451361986,63.58988032825721,59.35944045922757,183.06407478150118
134.8166153736741,68.04364807271826,59.43678330395575,181.53922261225821
138.324107364182,66.68728068595183,59.76397572705415,180.58086918373397
138.21881068159647,68.60849234086888,59.974569092225224,180.4019018820303
136.8905685123808,68.66852080011323,58.966287806364875,180.2818449635416
133.64987436359596,64.42241386463819,58.15851107821347,181.48489380877052
128.76682031855097,64.06557793402983,56.98410555491718,182.19856566998723
126.06052740538256,60.2527875408763,55.12603245622554,182.55348753126586
121.66094558670702,58.114935753730265,53.10721499447441,183.2231974058572
117.06068300504779,56.501270766970606,51.57391499368271,182.87258565800647
119.47364083293698,56.108999781345474,50.29236755830449,183.65712762925673
114.38563785932548,51.14505501197141,49.87412085585921,182.99076451833662
111.38359982754382,49.51565317445052,48.84984184345958,182.7353906553969
106.27781613620424,44.82550236129123,48.587447300032665,181.6417303556094
102.61595916752927,47.134489375891434,48.96918218549776,180.4947458523514
101.5080809115516,46.213304498538236,51.18493869745307,178.87509253251926
98.13089073280695,45.62415839638737,54.45863271273322,176.5726983946118
96.25545773896182,43.44399611902061,58.20949870042346,173.91515767013064
91.9414350393716,46.354251069031434,63.29739130532113,171.63480056439178
87.7062752983721,49.26835040840139,68.16767888442051,169.4066337885515
85.4273492267787,49.973055206601714,72.72553102760733,167.99722419215084
83.16993036817686,53.45049644892666,77.24036874481101,164.7582855747736
80.8638290358158,50.77839990289098,81.85257140953314,162.60611777480062
76.77035438661548,54.019975877388376,86.24265212647325,159.9198344072664
73.26666031396299,55.054935836164475,89.41712054898142,157.8499144897142
72.10560402625303,51.98469887416576,91.73923312440132,156.27737460729355
71.01671038457036,53.98841013104486,93.91702040776667,156.14252543695127
70.68562447285066,49.649129249534724,94.57919223120608,157.00639583990863
70.03936015204647,56.279066218929415,95.87172087281445,155.5406218255755
73.96354108624774,54.6197390808793,95.8859063455832,154.92800243109008
75.80464511011905,59.216978233977756,96.12606871130681,153.5782649518257
78.32786773409453,59.70473322735212,94.98586753799398,152.60275496507697
86.63553113789513,57.755377661888204,93.86073865558113,152.62891661470772
90.04796421192415,59.48953637750216,90.8899189037064,153.01464557966312
95.2370585888842,62.21554171868968,88.13121082391204,151.37237523435095
98.34396140378092,56.971335825681095,85.65609886592058,150.64470600496227
103.00332939799168,63.55082831223736,83.70920401667841,148.54348274061877
105.29183351539942,67.58330931933493,82.75391571166699,147.7219605860317
107.41378606189843,67.66668822440319,82.10332071500706,147.5552027758952
109.29123106837751,67.68735416229529,81.92819243684633,147.513870900111
110.76018875451746,73.78619884388846,82.56644282254501,146.04467881086032
111.97826375067015,75.87409132666892,83.69560241105826,145.43420342611802
111.41366413772369,72.21665821525488,84.82480163695116,145.59817627496568
112.30247580719323,77.20642742727122,86.6441954757569,142.81267220642258
110.96668935600307,75.25701094235198,89.31576837813722,143.12517910567092
113.14336280137587,74.78558638289478,92.23418861832222,144.06802822458533
109.54622811261851,72.84970033831351,95.72961277074249,144.24095508865344
123.59987630821502,89.19095777430051,86.42086496911548,141.636117959985
126.07820530423291,93.63114782019915,77.89917101490177,139.88580979254363
122.97331853439208,91.0370890539686,70.5298361127885,138.28437310410726
117.99592034361824,93.80925778930244,64.26039459905357,135.9848832124961
119.05509429771894,94.50433402827983,59.03956175307009,134.59473073454132
117.72425075968027,95.28681402535398,55.719724930692976,133.02977074039302
120.06926783509279,99.49547109116432,53.93912250050064,130.4313200500378
118.39061813103828,104.97136832363154,54.45610841421684,128.0004660682818
117.02397145900912,107.66282728425924,57.18940175827517,125.43192046311405
114.95837073521798,110.5351545275513,61.32060320585743,122.51254740286141
114.21489753403387,115.08661058853559,65.66218228317108,119.1189006307837
114.77784525981299,116.08631226851381,70.29495617408472,117.11949727082725
111.53146969900311,120.03435596273172,73.85941840954382,115.0799876547128
114.41573168552688,119.36662009947949,76.96389828416405,113.45779143199468
111.38948244700296,119.79649788584949,80.03142940860623,112.59803585925468
116.1461541702168,117.23887323532384,82.60879484109401,111.66793072084828
121.5695583492367,117.22790641377503,83.96561766608387,111.6898643639459
127.61755008800674,118.54929891824368,84.1634169228745,112.1205250385913
126.70181566753332,116.81600864545354,82.9116485826265,112.50386840297676
135.2289073234643,114.62253934054345,81.20034398212665,113.82223127052451
140.78472067238658,110.07864177313381,79.2701008617814,116.78910402034424
151.0550882786894,107.38050064695805,77.16964849064634,119.11200579911733
158.99655798250967,102.53039878820728,73.58013488071161,122.66549661776597
163.78968805014168,97.72423186952672,70.1263130756746,126.1453921249001
163.39349756127066,91.36148972873627,67.85943685408158,129.69310480847582
168.0949191550946,87.61642255689455,64.60205234571347,131.03778047287955
174.9682718504485,90.18883562849695,59.963968882788706,131.96536894819678
181.26260924786,91.83329254151408,56.28187983127761,131.6453170365998
185.68363489002212,95.54422063960892,56.137967947361446,130.02222044068222
188.3651105055789,96.0200218406927,56.52172307188527,129.07061803851465
187.93817127672494,96.23976794408867,57.37560152959322,128.63112583172273
190.4841162567554,99.37747174044262,58.03372009052316,128.10572676000572
193.53188051394062,104.1392224727595,57.69606231742047,127.21903140727349
195.30364797565397,105.14622979582198,57.01265915117031,125.20501676114853
192.2567437419208,105.87155946169914,57.46869592064478,123.75435742939422
187.2294798589449,111.50025094811627,61.911676303624084,120.91429553101865
201.07138343971096,109.8419356316633,62.642052760470776,118.54808944024879
200.0050121482122,109.69039637136808,64.77479534346836,116.03194058398667
198.68946601080034,108.97004028692447,67.40588761829204,114.65405196693001
205.64346054971813,108.77008547602966,67.71212715183042,115.05396158871962
204.08270271950698,108.18414705171512,67.97967842102929,116.22583843734874
199.2951123790865,106.63736931816891,68.92718330531855,116.44350197225725
200.87428864258368,98.38795248417918,65.76883077832423,118.46659620450085
203.89105857090897,92.24003023424038,59.735290921673624,122.14788083141286
206.12397912577924,90.95204950895918,55.26944981193311,124.72384228197527
201.85495911732096,78.93337263292152,52.68235862631438,126.5109336289801
196.63719776407876,72.15954524592203,52.072221225784155,129.01292829596446
193.091930899531,65.44185702923764,53.589476701207886,128.51510909515383
189.28238567564648,56.92352758836124,52.789221795063895,125.90662881777618
193.23998440089167,55.63443631915381,50.3831952059602,125.7302259254977
195.21043636888157,56.7159450883851,49.151531427117526,126.27644854417221
193.26546997913616,52.28270389915008,47.651318777170395,127.05771277848532
188.66881110187526,51.041311568509116,48.80662594699633,129.54049743976725
190.4158557070819,53.0415019419853,48.048265210733625,128.27584516696544
190.7583867936804,42.05300177244128,47.36320303753665,131.32522682136255
189.29205835577483,50.39585708777811,47.56063267137742,131.0508796425109
181.39203200253206,55.57111876197861,49.68630205157953,131.63986295513666
180.3777878979024,60.86867346427874,51.71479026083883,129.3897353578064
177.07603310359065,69.71444977752252,52.74692317877569,128.4123127433788
178.12927648435482,78.57108221214735,53.43043280570035,127.43902620484724
174.14101296490762,83.89142369341766,53.042694353353326,125.16260873354798
169.1721949018851,92.21306111363981,54.73534807533914,122.2609712332025
