16.5,88.5,19,51
16.309953870810645,88.25664993007773,19.453271788293723,51.55987966975956
18.1835660442334,88.07240066814875,20.063517961584772,51.92837819361753
19.748599530807432,88.0818940471326,20.250306341005768,51.90939143564983
21.24085060734436,87.54998745532245,20.591884928510936,51.86451103907713
22.248259502600273,87.44252672544698,20.805385221488727,52.079432498828055
23.20551582956084,87.16053138709424,21.133002973895067,52.64342317553353
24.60075082781787,87.14486369246471,21.74762774736867,52.674758564792604
27.25574294840981,88.26981281273513,22.16978080706373,52.71771524460334
26.6161832944261,88.05081722048492,22.294359631756972,53.15570642910375
29.079404186179346,88.27832560962256,23.183296573405034,52.700689650828465
29.342442863696526,89.21357446738843,23.829422992498422,52.00239570942449
31.078315410847463,89.70509395226367,23.877929069612954,51.01935673967402
31.705551278586476,91.0966693522688,23.78341922990109,50.556129731196044
34.855496798799685,92.09336906115182,23.241352892321757,50.865860194568846
37.491672261598055,91.41221929623168,22.555374124560863,51.081566684950175
38.374953783845,91.22698428142824,21.926486537484273,51.452036714557046
40.8465050426514,91.1695418017303,21.51114136825411,51.56692167395293
42.7169322340779,90.98379844022408,21.14900474984749,51.93840839696537
43.99312002105129,90.66887151987746,20.84695027725863,52.56826223765861
46.367686850975694,91.50875128386971,20.61318475327604,53.1461867776072
47.6154434439937,90.41928090896022,20.383603899787314,53.05919519487893
49.68343320927638,90.3030164594569,20.758019462644512,53.29172409388557
50.373034627510876,90.40742606181956,21.65412195915089,53.082904889160226
52.78393086474376,90.40785815810041,22.585579775993367,53.08204069659855
52.18196519827562,89.86658155152148,23.789511108929638,52.99742355885853
54.15180114418083,89.94958265758932,24.598525524248505,52.83142134672286
55.83952914371831,90.70606799646225,24.81986969365559,52.517384058470995
56.693199616755095,92.16493312054627,24.310752446062843,51.996101207264644
59.39000606562996,91.02679044744535,23.64411681602929,51.90889791960839
61.48447987987451,90.37808288949203,22.961602065114526,52.03750207632356
64.05221447143194,89.72002300246557,22.460878295949467,52.194935496889066
65.4985374038986,89.07128716968404,21.872500843554153,52.340272956183114
67.40010977654617,88.50224810970025,21.50080773532825,52.334533863794285
68.74506358393546,89.52119631478297,21.085164072436616,52.570901405515784
71.03795506897097,89.54099887206729,21.03191651435582,52.531296290947125
73.15626813053204,90.5342165013984,21.32174412133157,52.80808789733381
73.72472158671519,90.6335711201618,21.32560623341543,52.60937865980703
76.14345124590997,89.74205184689612,21.040047634356092,53.25444202650583
77.58286148489037,90.61172737398762,20.44555594044344,54.9415841483951
76.57890962628203,102.93935733888912,21.297750809123354,56.86762773493797
77.49829323369238,93.227631199364,21.85631245831856,59.50977796587671
78.32081595174097,88.36011553862306,22.70443353853286,61.76530973842412
83.97008198182591,87.16752776126,23.053587395859473,61.5621106448177
84.82502707496754,82.534481648285,22.641270956582016,61.7451866417272
86.08472609224884,86.54449019664082,22.707389926207483,61.48172055757981
88.79761094115815,77.23057701789202,22.44234184786684,62.04702124690452
90.19451412912143,77.47088721483233,22.235495588517587,62.85988091131256
91.33045946671564,86.29922755573124,22.566300127051164,62.12071911870775
93.15194725903906,86.4656852765838,22.813655047824813,61.7878036770026
93.74657068269282,85.97236575439555,22.92088929504856,61.47796162684786
94.80747310874611,87.11144736607284,23.387038353390466,60.49377535871754
96.54332138257463,89.3021906629529,23.78005988592914,59.97700684515315
99.32597975939868,87.42780845226227,23.36613254548926,61.15007655993028
101.23127790926142,87.56182160321899,23.447395382280295,60.88205025801683
103.72186708555103,87.63043327810765,23.645808339146985,60.744826908239524
104.2718760535373,83.3442358261986,23.842274775385654,60.24183120657905
106.2623271955644,84.89383481737212,23.739679587823748,59.72817128856021
107.77937809237525,85.70691235226619,23.272669088282655,59.385561865812406
110.72235148604024,85.05979827163912,23.738055829130115,58.13925661579558
112.06277866427142,86.04510975912379,23.578467441137274,57.429266625060976
113.4145335932784,85.54494257180247,23.370070808561135,57.18204438698474
115.37610825609944,85.58555959971234,23.167774368802128,57.10081033116498
117.93127006393351,87.3120972911211,22.999496364246404,57.35426915668173
119.55018543997708,86.90220147336558,23.47015099741552,56.937898997107354
119.27518429094587,87.2871960768617,24.02015329547795,56.167909790115104
120.45622806672644,87.67697273447148,24.132412950171744,55.38835647489557
122.99904802282664,88.48206923941878,23.958268441937292,55.006037315992465
124.59155811443141,87.95098960354363,23.211778046100925,54.848931694056176
127.48022702900855,88.70233268245511,22.249629787116064,54.55004292877558
129.6300639774728,88.73495890586837,21.49715392926359,54.484790481949055
130.59292023505753,88.68901675995632,20.739475132669497,54.57667477377317
132.64110469350047,88.54745711787089,20.11041188889754,54.85979405794403
134.0891793259616,88.39407790373883,19.511241776370902,55.16655248620815
136.51816671192984,89.14122912462895,19.221367928433203,54.81427527542756
138.28352197651296,88.36893177605972,19.08584914699766,55.22713938998915
141.0308966035853,88.29344460744278,19.266879234945854,55.37811372722301
141.21208822227263,88.93954719324275,20.04510034513523,55.22651290318714
141.29024131122316,88.63077272717933,21.041350280638817,54.6915057219093
143.0926783906347,87.37896327626785,22.087830332211404,54.869447518534436
141.8686025608608,89.2660267308114,23.3518636369392,54.64767567390738
144.58240099449267,88.0919712019183,23.9411026207072,54.58905239128085
146.85833015126605,88.0401453243863,24.2409308267261,54.69270414634485
148.0752171655481,88.76759087458085,24.246565226053345,54.45751725990147
150.6961410169965,86.68419953980549,23.87028625603191,54.97512337979566
152.19556740695432,87.80466667890695,23.30596320158836,55.168718827064865
155.6821979205286,86.49700607255649,22.383137540803936,55.36386589322015
157.90404961451497,87.63282793423615,21.5289484350333,55.48523169132892
159.2978157474238,87.0456540599653,21.1073820248019,55.476596512077506
161.14564258704922,87.53672755017891,20.937605172426125,55.66974180727526
161.61130009216612,88.15645469514463,21.181298618051464,55.605295973203
164.36667882326478,87.13239823784458,21.56287722434231,55.296474460407836
166.5220342278734,86.2539151403551,21.975681730316058,54.691682997791276
165.7994849840836,86.5783154515238,22.241222106202876,54.04288237545388
168.54786568531236,86.7744779324978,22.619145703722413,53.65055741350587
169.9023419828519,88.86525031381365,22.262156310947557,55.348920656634746
171.29782571210967,87.87084878845158,21.859453665172467,57.33772370735885
171.88689344285825,86.56107948559188,21.89682917485934,58.74175134189422
172.9513810580199,85.12782919076892,22.24048417860275,59.13562169747344
174.83795376682343,84.97913551652049,22.211789519599577,59.43300904597033
178.09782649042336,84.99692543304272,21.95152424665737,59.39742921292585
180.76467420094875,84.77837058191366,21.60460288786657,58.58784539961896
182.75461471235047,84.51580799674329,21.311241466517814,57.884130702808164
183.5642923461235,85.2734135402606,20.905354842260987,57.58238825906274
185.91306761161425,85.17363295228131,21.01506714161706,56.580133727436944
188.58537712684267,86.91717827632483,21.61770044536563,55.47194401303207
188.04114170173986,87.3301015128278,22.706171295571266,54.646097540026155
190.73505612737537,87.40973211373364,23.277850848287425,53.294934657417016
189.88960081225287,87.62934860035354,23.786280902065734,52.855701684177234
193.52812342211382,86.5711246099176,23.619580634722357,52.602034680922955
195.63255867219303,85.9215639194223,22.94605204195957,52.72270875944835
196.04928556437366,84.55785865576757,22.112598257598282,53.11343848533496
198.2668623545844,84.55782060643503,21.15516638260719,53.11351458400007
200.99279226220773,84.75193928757474,20.272082937767564,52.725277221720624
202.92910756344153,85.83271710038102,19.761862080990383,52.805328093235076
204.86185730274696,85.7595811315425,19.234695116194942,52.95160003091209
206.58730295948078,88.09017727748845,19.09987274757967,52.71183299882338
206.53218015422854,87.21907859308445,19.21011835808415,53.35454253865154
208.75638266575945,86.07522673496385,19.20440895704811,53.42089844387989
209.86960999084627,86.22790434151898,20.312511720274255,53.115543230769624
211.00192722216946,87.4494457375325,21.429270649318553,52.9267226998697
213.56188307491476,86.68377731530782,22.031331681459655,53.313664996792696
214.6744515899909,87.16623576291917,22.127568259355783,53.50943490559416
217.22859688079393,87.23586930885834,21.68016330787528,53.370167813715824
218.7050171264704,87.26332472459674,21.03783074274083,53.31525698223901
220.6823461568562,87.12526389698823,20.51217092865964,53.59137863745606
222.67501381901118,87.09364315883329,19.939474291936246,53.65462011376594
224.6876830178005,86.58964432449197,19.298578632997803,53.534470202901815
226.0753938702753,87.05229001348397,18.75285328550346,53.72402700364542
228.92915547080963,86.63743468364257,18.583597539369627,53.44608417234128
230.58043532489506,86.12796995087058,18.58286496636211,53.36440459283081
233.1891194193794,87.33368227056084,18.86264866867134,53.15184070996146
232.36041490575604,87.4359941602244,19.4185789151719,52.94721693063438
234.56718352317014,87.29062478871383,20.548128433639768,52.12933832299629
236.1168253174849,87.42147796894875,21.9175894502546,51.867631962526445
235.79072727496904,90.00338402195362,22.569785535286307,51.254977042432735
237.57578861012695,88.90939406913552,22.420991829608653,51.16207097164353
239.22811948255506,88.44279632257644,22.52575499102988,50.9587914960025
242.19747186135606,86.79579316359626,22.263920266908663,50.84667579387439
242.047355595499,85.36876758947531,21.4350161094485,51.4424535637677
245.32914313273494,84.01147274221638,20.486897377138526,51.910860721420825
247.9763741212368,84.45804467020328,19.64423160697063,52.130665917156
249.88610478614942,84.79639314041788,19.127735249018677,52.554957300684556
251.0771357427983,84.52661665121174,18.941168894612474,51.99676249965103
253.79821335864585,85.4062928138597,18.930955827629106,52.41018704023982
255.02722023590547,85.21435201254937,19.749293264905194,52.79406864286044
256.7191100234767,86.20486695850758,20.815072571597184,53.037818191861234
257.7820249424709,86.11738302099344,22.094317422686743,53.21278606688949
259.2193032169185,86.10669779865869,22.700810804014097,53.234156511559
261.0294124663843,86.00385260205545,22.594818784545225,53.43984690476549
263.05370500809784,85.84957419772468,22.06375132787755,53.74840371342702
263.8221927662059,86.30205004314239,21.694309797191544,54.01098600812167
266.492027669503,86.30055026425339,21.01358801613132,54.01398556589966
268.49370023422614,86.27922861420672,20.4680717726146,54.05662886599302
270.46865127816244,85.12141120787484,19.94845638791658,54.0854058765404
272.4382867974328,84.66277856461195,19.412623137013888,53.86819190052021
274.2560633840614,84.79364638340971,19.142123678632352,53.60645626292468
277.02245857726933,86.67928535005355,19.174546098500162,53.174306013407204
277.72744556000583,86.32737450186808,19.979477867159147,52.77067484271214
280.1960875456259,85.48489089947334,20.62318220678219,52.22324672315634
280.84185134841084,86.219777771756,21.571412519383024,51.873351937676354
282.81874210837276,85.77118474675636,22.144561587498508,51.638805340665776
283.82750969098134,86.47601051730175,22.404021358589404,51.36765126772904
286.23994856224,86.53496151097514,22.13575938014014,51.24974928038225
287.7117802217285,85.82775680928756,21.457520707768772,51.531446360454574
290.2990667894646,85.3712959426824,20.782049238675015,51.31959267707031
291.2127597421389,85.86975075440486,20.064370179492276,51.432389899791374
293.65434303911945,84.63655340653563,19.575236722417028,51.70176802708694
296.0448731200173,85.56890739435161,19.16856264648469,52.0242530943867
297.79904515883624,83.72611817689219,18.932888611137336,52.43716148701516
299.43854643039793,84.45391392833733,18.9314993813005,53.166645526315904
300.9118478658211,84.1153331581938,19.29371423214389,53.843807066602956
300.6347801878479,86.50460592727546,19.847849588090163,53.54199000142617
303.0853206622952,86.68807944672174,20.571178022109137,53.1750429625336
305.1202498585621,87.20247729438861,21.03182969055313,53.278874782444305
