275.5,137.5,23,26
276.734218179413,135.12847337747743,22.616731227629913,25.886593761975305
278.70555104238446,133.70501061093788,22.49105466260497,25.679927966319987
278.4345910917505,133.40075794455717,22.274792078053665,25.53025081326235
280.38888891609344,134.95176561540546,22.12819039101438,25.43783064088297
277.18860117163837,137.16159410165045,21.791206182954703,25.50988013303952
272.01649874538987,142.49427751062424,21.71488511742159,25.265039233122195
269.16741755624105,150.47266412527944,21.498543199405837,24.833839781634175
268.91517897433647,150.659355656542,21.2738493191335,24.460456719109047
269.04497939198336,154.7462758123196,21.014248483839722,24.204285385706356
273.7356579967172,154.7242319048165,20.884468025005553,24.24837320071255
277.0262717018818,151.6713060794477,20.695577768054495,23.961887698071884
279.5383369041935,144.01036268223805,20.591024507166374,23.822246326466114
279.57206878509646,144.76899306762755,20.523560745360435,23.702902902476918
279.24848318912257,132.67088139316138,20.474702253305225,23.538087311307237
278.5663004627977,119.79527079154974,20.453677809442205,23.659595429043677
277.5490649014056,103.93831896960705,20.405433656996024,23.438531519396932
274.7923082464011,87.88220539336602,20.398603174654905,23.80878186586579
276.4792984349511,88.07268849308618,20.50292909292109,24.12347692549873
275.3419252857618,76.11489757186995,20.67107662227241,24.16427271895534
278.0954924831522,67.70684850892529,20.808202553805792,24.04758986590184
280.92347672233547,59.17553909377471,20.79967221053268,24.16789429092297
282.04965989851826,53.38909580874046,20.67026738756529,24.418319370867252
282.06005436073787,53.30040907071367,20.649478463126094,24.595692846920834
282.3895748995913,54.25751770613368,20.702281920705314,24.81700918193914
283.90328199920964,58.894655354635006,20.539294390042894,24.85212055780258
286.03076482781756,65.9026236690364,20.568438677517,25.11655041129942
287.4692884803514,72.34783896536734,20.56561854048371,25.16014207479234
286.76404051779247,71.62863053963525,20.53775172699362,25.16019618764858
283.5046543361574,74.12095535099755,20.58793860852047,25.206668606279877
280.1542355189823,70.81265439378413,20.806460203077116,25.340954480913148
279.358383468689,63.18455846550562,20.946457673675468,25.35422672259265
278.958230776877,57.34673709923415,21.018444901890092,25.376778968585086
279.63531000072857,57.33716507390108,21.123940572798702,25.39592301925121
278.867180400602,56.10155776636971,21.196552529812145,25.67166676945461
277.3182516314712,53.0373739136516,21.345447755624463,25.902109849992073
277.6010782727436,49.26223706825171,21.522984926249862,26.02047900909003
279.7537694408886,48.10752588221473,21.704870559827384,26.086267396230152
279.239151540945,47.39964973403687,21.982281134039837,25.998369241236176
277.6545985839998,45.42376548834733,22.131631929105012,26.175443834083833
272.7573049811711,40.86983854904663,22.0452480245496,26.16240130325802
267.01721072475937,34.08385270746228,22.14819016434763,26.08167733879627
263.53959688617886,27.611429558255576,22.27337448446638,26.125330629463058
263.1039618503939,26.862771533330125,22.38306394587606,26.099485458993474
261.92632686561063,29.142908166105677,22.449502760604293,26.116874503118908
257.04461234104235,32.89773794430268,22.27729829192585,26.25000996042883
250.55141791645553,33.26127915930718,22.28301247775707,26.286496628263514
250.50628837841825,35.496934981573645,22.373271553831696,26.400530657116203
250.84725598843173,35.08823221853402,22.458772838863332,26.450499678136815
258.0822568909298,44.7199462231813,22.610851620281746,26.42665138780877
268.41342389742977,56.0133933519103,22.783322157721255,26.217880536378335
275.7966570618218,62.88602264207158,22.66962646504261,26.354194137629346
284.98311110667805,67.53809834220874,22.812318670800437,26.30784288509019
285.37080797007917,67.06245185236234,22.80998097285829,26.486079835922936
293.55192915211205,75.30310931016844,22.73903665928704,26.296062970805366
298.45298702567777,88.43739100641749,22.968997470475124,26.265238269296592
293.5146197357479,97.81961722721147,22.771931219598997,26.0985719767595
284.0080717846774,103.95197636543122,22.555818766678996,26.140547047559053
283.3445322036786,103.19983854012808,22.350193395873706,26.112118165362553
272.30517690178897,99.85609420043161,22.313186593440665,25.93610833937925
262.66691871385865,90.15054119803459,22.60730989912748,25.60552555119247
253.80515664059263,81.14882318467548,22.876360956665316,25.395598354612375
248.35734960427473,76.23429153425586,23.132962275216123,25.34557838380128
247.88928734900884,75.92918054278408,23.30584401844871,25.192557599445664
244.38326535095246,74.46284830882509,23.445399291062134,25.070782634697252
243.12814099641892,74.15827232519649,23.66386651477479,24.91600744016963
242.68427983939915,73.0460569818836,23.786614977427938,24.84551657263613
241.89429853782127,69.66705772173603,23.834947677007634,24.711180526839115
241.90437587147122,69.39936931608077,23.814793009707707,24.482082515801665
241.14258390860834,68.1837032663231,23.817251799419015,24.631726911295296
241.52126384541194,67.69993668013488,23.82284101501262,24.836310994470956
241.17831013191065,66.03467659294563,23.742504136877514,25.10185394829894
239.66812513647008,65.974905924137,23.68636206610925,25.221395285916163
239.29768215473416,65.19670409615476,23.657141972796516,25.237586828311496
240.44828043658973,70.53345007662726,23.665630891504694,25.342627118656544
242.7259262560148,75.86046630840275,23.740362977155367,25.491983345607466
240.8311696209296,80.8829386753326,23.653926981926062,25.524506701787036
234.99021156358927,89.88386555261143,23.720991347535502,25.33209229580519
235.3082248242724,90.36332315454788,23.857350161860005,25.145562427622963
231.05736103717754,100.78572748545707,23.871117548716395,25.134837861986362
224.48757199192855,105.82750880268489,23.892081618068403,25.08315653781881
218.62345170425152,105.51802357193726,24.05222365098078,24.930920429817935
209.00421654989353,104.39043098929528,24.00676730613965,24.872034396675048
208.93869821591906,104.43024413990373,24.137803974088584,24.792408095458132
199.2704640485974,105.44871846660442,24.21084027360193,25.06707128627239
192.1790522264908,106.12176352041979,24.425649223363912,25.27298281135845
188.9402202796862,103.58467419777465,24.64229564521684,25.65139835283157
188.45929335424265,98.28410274319667,24.8121626759525,25.956712600018527
188.058346832299,97.61318209154743,24.814596668097913,25.69963579983332
190.01848327175964,96.90128978367404,24.871669783651175,25.532482017790294
190.79715244537454,99.77095025748604,24.90182966826817,25.34940488163028
192.73000472735777,101.01675398654132,24.99287598952443,25.231847954653304
196.66052911487526,97.07759791237028,25.041210177289045,25.200777140195775
195.91470219328943,98.19270884524472,24.950441218256202,25.344189477753588
198.67383254982883,94.49291851731908,24.976428026375476,25.615451892064552
195.52102721560107,95.64252792918745,24.908385658862667,25.70635295681595
190.3222559559547,100.15025411269876,24.94417764909077,26.255593385852993
183.03996823621435,101.8483281166335,24.996622418498763,26.890592786337038
182.17546983836567,102.2999549395056,25.09164841582508,27.6213099389639
180.15771660448456,102.28791400488139,24.977723264455967,28.47527813203858
179.2762360731842,101.45485975429624,25.058026466001852,29.300057702681464
176.0945439965301,103.2519655415665,25.433744213485955,29.982750703729604
168.90828432074605,105.31724841493104,25.854818369353932,30.212011580656824
168.81537236863113,105.55830268730273,26.040642273583764,30.612178420877278
166.12807109820517,110.19772765025786,26.066581188886317,31.13921180847419
166.52564338814884,110.42671424317827,26.171429355934304,31.58123136956872
166.84981345557927,106.2113840427294,26.43158186105992,31.835458010588574
162.55221596348355,97.48538006907633,26.77734006421504,31.871988309040315
162.8541254717918,96.5040572692883,27.09626093933032,31.989154125152734
158.50164010674365,88.47079171810196,27.43410239057101,32.2511077007982
153.7264895515252,79.83498772549707,27.59281379609255,32.61785421716036
149.47489050934337,71.76439650222216,27.569649576950304,32.653685645976815
144.19099454968003,62.45765303506002,27.714350405904085,33.2636516060206
143.20049458304993,61.259763502492085,27.776772620918972,33.74085295291114
135.4314723932486,49.052464190842954,27.832535044051678,33.96438601922518
129.95944343511957,40.63704981579065,28.084797464717095,34.27153082159569
128.91347404253958,40.26342625646174,28.215175515842915,35.0187779402535
134.78528919168872,39.805262526654595,28.403964182801346,35.935105399867794
133.73390745157383,38.9500864847814,28.483773919957063,36.63398061207715
136.7477647643308,38.56899795421153,28.59685788223248,37.39615767321689
138.76401459322952,41.4152352939206,28.712149933537056,37.92537055745167
141.833320364423,48.02116996746859,28.854934021373325,38.3231917425061
149.06000113418494,58.48327858063908,29.175675048973467,38.504835326342295
148.999822011159,58.32700302385855,29.29603329502533,38.81738643990334
155.91498175154942,66.22151332274677,29.376091773485534,39.07880194894351
156.87060751320854,76.79866701180813,29.61547870984073,39.43087916755506
156.23580982645606,87.58844908774785,29.800480044864706,39.54319578529571
159.46847904072325,95.00927673324286,29.871112545815073,39.95213932977015
160.40329721218635,95.95828858426256,30.19489597839692,40.247535403238714
168.17808301701572,100.22216309709202,30.136352941057893,40.57180270461966
182.61027745870112,103.00374446903956,30.144402547619116,40.56103197801918
190.47175047957393,97.87664714763392,29.96770596323506,40.821209112526574
198.22373421209642,91.97162130253487,30.02481530211775,40.40470045678154
198.61828944344396,91.21256612043007,30.341815584831558,40.81670007558222
205.9313846255495,85.044987502977,30.243997260289632,40.8586194307683
209.7493938065152,75.34912345107391,30.42419689623612,41.26810382544244
210.25981156856176,61.83554138430843,30.529140595081415,41.27656660845227
204.5555037069992,46.423901599783754,30.66148088534726,41.65390250878157
203.246082575772,45.21113261974868,31.009261236082743,41.80837855713285
197.43911222541024,34.04100122600128,31.18742707671135,42.42066911044728
192.0201544453272,24.138466871534902,31.623114724537615,42.57708509607147
190.07574725898377,18.532832248470083,32.01597071827469,42.13515974570182
187.72557545660973,8.559332628259718,32.056263170830846,42.276941589306915
187.02300399692086,7.501863411829245,32.29357410361688,42.05621604898447
185.18983307767857,1.2300169466649322,32.45490589631176,41.748205478084124
184.59098130882563,0.18821140842820228,32.486349902268216,41.49929749105878
186.3605319579474,5.30865465039183,32.43614348389107,41.72509564673077
182.9563286375263,11.110579783344,32.250944260069716,41.777255155265706
182.46859746964,10.482665339251415,32.06302385645012,41.86970130405866
174.41881934146207,16.810993344483737,31.898339771606484,40.83035982302224
165.3759644501586,29.614769867483734,31.693290696817538,40.372600205941616
159.17779577245835,48.75498135008881,31.628427921820062,39.4757776319254
153.59926162855845,65.68875006777614,31.605045055176568,39.14959365988052
152.4813821049727,66.04816683921494,31.615481015773515,38.43076011700293
143.73863419838335,76.1597814946846,31.472427820324505,38.03964844076981
138.1518566152712,79.94650941196619,31.711419619137658,38.12038696339441
135.78292498708095,78.55088671472481,32.055062831141505,37.61596732459472
134.47139058947212,73.21095458572707,32.48551661884869,38.42906404879304
133.76356360072924,72.3472127178677,32.78538657808223,39.04076376625953
129.65962568086357,62.12186485789122,33.082929502103454,39.15060341724363
124.51848557879677,48.89605034379542,33.13642005913913,39.46199223618498
118.24146604841584,38.97457306527105,33.12629629521608,39.88760424599343
112.96769546569075,35.17184473001852,33.33650919779291,40.60150874124958
112.37029818592336,34.48131166962096,33.36833157594721,40.81960268066422
112.264752138835,40.02135011645129,33.57942367012394,40.24108388270928
115.24251119212235,47.32741126861287,33.43062403908743,39.56508591967777
122.8805831646749,50.255895304633306,33.085285131675846,39.4507351698267
132.74379389627546,53.28192150395817,32.75925325072123,39.10467970713182
133.38802116374066,52.679602889534756,32.60141073005603,39.178704921713475
144.86829479140388,53.09046348566306,32.22503369577009,39.486192240508885
152.9465093897344,52.34839287808396,31.85867821102578,39.842471047673016
160.49228029951138,46.66664654514226,31.42334466452281,39.93195734967106
163.40486737426954,37.308552177342946,31.20670320461222,39.5791349406102
162.9664164735841,36.8588992965397,30.970818469720378,39.36565416595401
162.0014836295925,30.383743563353477,30.689310367939445,39.04772289374209
160.53155787740263,27.78198132830893,30.34042038902217,38.770011558336165
161.30321896591443,31.112468631023415,29.88342560792612,38.62700132847231
164.68503122498205,38.276355489104446,29.58003400675259,38.296398932394055
164.21991219359694,38.94573423553219,29.443557514680542,38.02435599438084
169.62580539634294,49.78540531792197,29.235134641003928,37.55174089323207
173.36309296028472,62.565600047487294,29.108608014035724,37.18466058009687
177.57680141691856,74.679237988934,29.01759085811121,36.92453399956497
182.69095477695222,81.92942537036174,29.155190536304193,36.93642819427392
182.20421402896525,83.52825755984742,29.089664083963534,36.85578766024624
184.81515966429757,84.61936232718611,29.051318438356606,36.74699637559192
184.358199133502,84.77519770395382,28.930818885679216,36.4353256220565
183.91465047256582,85.26854079087087,28.790225511851716,36.47633014392231
184.77063726581667,84.78758508950597,29.130324785699237,36.41220511647749
183.6808416982734,86.3900726366756,29.248771883345945,36.29894607829799
183.43805869002026,85.94695188821727,29.734337899852296,36.15443384931391
186.26370930137824,92.97294310332421,30.30135445499092,35.575473271118355
189.5761734099588,101.0781892534551,30.932618038553006,34.913963400977735
193.5782435050042,110.72055552444849,31.22031829825373,34.28587187102177
192.97898208142612,112.03680909883073,31.387530042702465,33.715986927672176
198.97265658122126,117.95198062742323,31.701240510470416,33.161615048898874
201.84640597967456,121.24351302912288,32.08212710787902,32.70693563981478
204.73768430454433,125.98256920126175,32.42130049505461,32.41141835090968
204.90186187582003,129.7316445097882,33.11393304789969,32.06018160163233
205.23605455858555,129.8769473752956,33.47187815402218,31.769575870617544
202.02223156719774,132.51152078160425,33.73550193300031,31.637114227831574
199.92070065841014,136.25504444721352,33.821134072974694,31.35556883241441
196.79845243563528,138.9062884375309,33.90830360679527,31.184186611553958
194.3072485535152,137.81566842217916,33.766440651308955,31.31571835436685
194.34181628089934,137.78042569741856,33.69730519654068,31.386203803888062
193.05989319022234,136.23527787201257,33.186824613198326,32.42694827823579
192.75680075153446,135.22964156970994,32.759739051809454,33.40495044407643
193.4097813630566,136.77792002345774,32.495729057285196,34.4761984506609
194.0066917591206,134.25115498155415,32.356468995756245,35.31148561207169
194.5996063519397,132.18984777762782,32.236022837241855,36.237950938552856
195.80985131198472,127.4694343528453,31.97127248215552,37.0558195281032
199.1138031007277,120.9480527204307,31.881188752024272,38.149246406115466
200.63619941094282,112.18879496271383,32.141605850423936,39.14171332739957
201.16792999623956,109.15979046081767,32.199362631896214,39.593632570863136
201.13593513505455,109.53106823653198,32.26335235426625,39.980175224782165
202.80169114748423,107.54104488018439,32.3400490633274,40.55201320355681
204.4318107505128,110.73190423441973,32.51806148798423,41.046797756514
207.62957662838156,110.99238768711554,33.06185174265368,41.68238451952354
210.91207850336687,109.10989933333789,33.54754276201637,41.92201384241217
210.73704531072198,109.10122224208774,33.89760914730612,41.939368024912476
214.11482141411918,105.03624155463707,34.29767664732115,41.721106408536166
218.64465620554975,100.35764707484668,34.803753755212675,41.51254867736434
222.69932496975218,95.19946439379271,35.09910649181747,41.02288369874556
227.54698204436568,88.15107019519837,36.18456567408081,40.74530765394709
227.33841975377004,87.63685424801457,36.60169025527212,40.56277784296502
230.23484614822226,81.26711525955577,36.88277818069242,39.93958624836826
230.34810572648493,75.59442449937072,37.86582058157467,39.189352194662135
229.02903151271312,75.5555733683426,39.290546473168234,38.05363192076826
227.3013450297998,79.09875061614011,40.3099602040549,37.057175512523074
226.8624869201979,79.56635283216478,41.187676423258694,36.12197108047375
224.37791992549046,83.61018473095649,41.28952567898857,35.33523438341781
219.310163567465,91.6536096579334,40.57303655848913,34.92349829337007
218.4103232001646,95.20303202748941,39.99653868726012,34.95318937174752
217.985647879535,96.65352638350942,38.486604436365354,35.59112799793841
217.96239847108907,97.07220098548058,37.36674759740355,35.920134449849805
221.34248018394473,96.93874455409667,36.37692374766609,36.18704731261761
224.66109479925507,94.91940238081112,35.453388135518395,36.79751548810489
229.08368523140715,86.2199441016969,34.57252923937494,37.13002782884621
236.17238561336615,75.48835609036888,33.94306299540843,37.142307528245716
235.9455290607714,73.94907595420472,33.277604915908675,36.86335424650646
241.78677750217426,65.65341826666113,32.637319302897666,36.891352716901636
244.84312503796255,58.97096142458525,31.996760422214997,37.12313954290785
248.39560961835357,54.67847364324331,31.418313270878865,37.00608575966379
251.94892704132374,51.35607568096284,30.771584154586144,37.1909759545771
252.73150345489896,50.97654396673807,30.275513610621445,36.880957099840955
256.6709822116055,45.95293223154435,29.790673563111813,36.365155618937614
260.59548935108955,40.950238428661294,29.22541924884093,35.965171846564864
267.04618079462637,36.90659966689172,28.627047485984228,35.8504419539594
270.8069193962123,33.58147901916957,28.20216539045741,35.40408814175869
271.04289170308107,33.74328368461184,27.73022077671988,35.08047881087416
274.67794261459545,32.30753490848507,27.37227053149929,34.98962568692419
276.7909313501441,31.807742625792574,27.06726832759739,35.008966435510324
275.93155930914014,34.3673970054991,26.83485958014559,34.767539749746554
276.07707926998063,40.294708261169575,26.54381965846455,34.530160339242094
275.6837007323099,39.9314892708485,26.370839750673888,34.29686133675208
274.8887354061409,47.23751612147089,26.054057824832398,33.98515197185322
274.03992920340386,57.78335629423526,25.86480075395802,33.64903586615808
273.15089394049426,67.65368337391646,25.772432512563388,33.547988762540704
272.23195333610954,73.7569777058487,25.74597090613954,33.45962839743271
271.7926989262918,74.73096777122282,25.694088495826886,33.37243072658064
271.366589054479,77.06923028730554,25.618093765962055,33.33697806186783
271.4048906348806,75.27674137956663,25.54149060515887,33.21621674719728
271.88225301273155,73.43479686782646,25.51010864819402,33.206734575729556
273.7151702397266,67.59027442995378,25.53502052035295,32.90085389149028
273.28396920325696,67.22628069344373,25.479002102641378,32.71042087385947
275.11783680905756,62.660906131794576,25.46965932442337,32.69518891369995
274.6610896583621,58.231831578040826,25.46894038381593,32.41120560122394
275.0761960459082,56.33777637703312,25.548585380588392,32.559884915780565
274.53774129714344,52.1923194080826,25.712067681133156,32.62995408081874
274.5111943133008,53.03551933765124,25.76516164881843,32.7778658982755
275.3929781427905,51.17147359445488,25.84215868904431,32.824827986257596
276.71071691651775,47.35908533670423,25.97343742583017,33.07158774378448
279.0967101960897,46.24047179155831,25.84225912210251,33.4524915319098
280.07674075063983,47.47341504272728,25.745899808942625,33.78215772348233
281.0102213863401,46.42937038046287,25.74956188753626,33.99962369801688
280.1242370483856,48.73763700592332,25.644156665457015,34.07652519206679
278.2755035309554,50.560072191900844,25.589077682727712,34.18420083770135
277.32477927621983,52.95491784315766,25.612775453909208,34.08888638091204
275.81621016591157,57.58839867183829,25.816478338390716,34.200042510667345
274.8892681265699,56.63918703972776,25.784694483594635,34.212797841408964
272.4802735941344,62.22994702570158,25.89013883150844,34.341385190158526
268.6363111447045,65.55605769071677,26.00853755002955,34.312499267924494
264.67442710375667,68.33149063879381,26.350828610355197,34.44774113794797
256.0690709998358,67.39758472457075,26.365551023721146,34.40488743367459
256.0991781588498,66.88653200638437,26.305336705693218,34.47207394088047
247.4386033721134,67.83485059216054,26.437171227472522,34.48536066396075
238.71499976797153,69.42286524392144,26.65271323971674,34.18127555977886
231.8653991875183,68.56599209892664,26.96539789594149,33.98266234909966
226.02082502739142,68.14658913192189,27.15590343754403,33.863248051554905
225.401163498775,67.21219570945573,27.43574742029649,33.813076747526296
217.55691141033242,69.34462458812506,27.712405150557714,33.40118060184363
211.6812063114992,74.62143038103707,27.927306899621193,33.422701760572295
206.7002402009378,84.57640281247677,28.237515202025122,33.78137712700267
203.99168013260123,93.37323021602354,28.776138038594876,33.75031260028129
203.28131686938008,93.33325618498262,29.21297531831695,33.83026066236316
202.0510529793247,99.71450723595542,29.689221190909834,33.96559095928339
201.32350995887046,105.06194113816429,30.142434934684122,34.291318423342105
201.1306965458798,108.26610074863439,30.52806176066541,33.96807177769083
204.35555488650834,114.13585349159015,31.185626375810408,33.39715118612537
204.61847148660192,114.86728653138805,31.67669570540017,32.95118763630651
208.5547043772589,120.63740202160612,31.94592964926452,32.60579377799062
211.06824162108177,127.43121505212298,32.00160163873593,32.23330855746139
211.48676013892015,130.6247815968914,32.17613634668163,31.915605929659243
210.40317759534912,133.743571765144,32.32466805128939,31.733925740756977
210.35517479308376,133.86137486069464,32.420673655820124,31.498319549655704
209.8383608956904,135.97426961199363,32.44772933277794,31.298818518373075
210.12677122926002,137.12050316530573,32.87475054643981,31.014035173351033
210.13862565559134,139.69122391600908,32.8510416937772,30.902673306543953
210.68919036695496,142.38779874971206,32.75379056379019,30.528915102839107
210.77396001576562,142.0305809956779,32.58425126616882,30.246926560224004
210.37194263738257,144.11713252430297,32.39898982917781,30.03100827800232
209.99216105058633,145.12151517895398,32.17558024923727,29.98818847576639
209.06433939796915,144.6808177077099,32.0736126298717,29.890777955954597
208.5956648611774,146.67115700448272,32.03529590921673,29.812762539363092
209.07890939671972,147.15817640951894,32.04263477821938,29.812551669377974
209.52769480946654,148.61909281485788,32.11900309290293,29.81253627923159
210.43675970565843,151.00858696764234,32.25113475575468,29.909201611751467
211.39606255501133,157.415473428967,32.28998751838573,29.818908687791556
212.29133325499112,164.3345697397035,32.45524472082793,29.67130628313125
212.27263972728187,165.416035451352,32.492631776246434,29.464625418705218
212.71024970664607,168.89143257598576,32.59282530020626,29.341725548255162
212.7729458309558,170.90848260900634,32.4674330515868,29.20767051383396
216.13145215253235,169.91870327682634,32.5468762225093,29.24538465988662
221.87954105921662,166.93124598293167,32.72380850123575,29.38374420162848
221.40432888488124,166.43259231192232,32.6965148090001,29.403333502740818
225.65347652347333,158.152074544122,32.99667829731346,29.345058036846105
227.38473791440185,148.4302281594515,33.45950948302462,29.16198096834602
229.12013676761694,136.7597076807086,33.93104965075153,28.84899468088944
232.5727492438174,127.75297427380958,33.94078837915326,29.081126315480482
232.5959720375379,127.12562855648191,33.89434279171227,29.344084587940955
236.23825708729507,120.3292046913489,33.57642490875553,29.998863916028604
239.76526339170897,112.96046157834336,33.52793721915374,30.72530030358778
242.42173706219992,105.44524857241268,33.27309655646907,31.593027616216766
245.15371811204486,96.87827910913808,32.91627497676443,32.384116878813096
245.27184302308757,95.51424842713672,32.68002515467901,33.055490061458045
249.07420666928905,89.84782037763921,32.32170305939842,34.03633873599248
256.0608829788845,84.21211633541606,31.93232752902699,34.858533675193044
260.89336985477775,78.69002522405081,31.73150349296143,35.38699399156692
264.609480544651,73.24589121362078,31.695427727008585,35.70933970700763
264.1583274112597,71.56497162291632,31.536712221132653,35.88811357044097
267.3832642359916,66.19667815938246,31.45437053768375,36.01214722081728
269.4084188920552,60.420926848178645,31.651495465303064,35.88320568392227
272.05471153633744,56.86156122556223,31.673992716297867,35.56082137377202
271.6375794465255,55.88321217788978,31.44988333465222,35.40077234657768
271.64842943463674,54.92369531693707,31.42818335842969,35.21519309205876
271.0927138864003,57.52899485156886,31.490536164872456,35.24998547294611
270.02165059142845,60.79076756472473,31.531432976058802,35.030129382906374
273.1966529709594,63.973595173739525,31.468537240864695,34.951583188744586
276.82111061223657,67.15874858579538,31.539007739749266,34.85503560586625
276.19969058539226,67.79747349978865,31.736598377975795,34.62283519334178
281.42955749983963,67.94692542572672,31.724697615175977,34.32393134146565
288.7375474533655,70.6434686632642,31.667800907613188,34.130517437636755
293.3513895374406,70.16458753212463,31.7642294785831,34.05226717334701
299.64194151073366,71.1657152712362,31.6190096132717,34.122659042003036
299.1127332793148,70.64081720801481,31.642311915171707,34.13734100750807
304.29520417250234,71.33663126957603,31.6345074940875,33.78142662091473
311.10712280697,76.49912899324093,31.401105452226073,33.75676596364166
319.87795001946364,81.1992167371748,31.300440393485136,33.590055434375
329.0093563477454,81.73668823439792,31.428921264724487,33.53685096925112
328.96875848097176,80.66003144209651,31.51011699827177,33.64426779065356
339.2184410298087,81.16635565355729,31.5290656365938,33.65753505453183
346.8044239622704,81.1253796823973,31.753457120898403,33.73948699685182
353.33823252134994,83.59211985927799,32.092303029954564,33.96233857663474
356.1779646867305,81.84742353771978,32.653596833247626,34.33135215272405
354.9331978567871,81.70287990122473,33.033533769037035,34.62043942571415
357.47387255744246,78.35531979293754,33.278902492618286,34.923497892418155
356.72596772907434,76.30910807572485,33.700736667534564,34.7200193995635
355.45949829958386,76.42774387379697,34.0787508659159,34.48274780341924
354.3558543153695,78.72057223177949,34.12663092565349,34.215906904836395
353.6639470993179,79.33699421299768,34.434185149050954,34.05932315110578
352.25238043321156,82.70309098598666,35.10005070648426,33.798932929466055
355.3356915801352,88.73719895784686,35.443278385202106,33.66544193544848
357.1331657340162,96.25890646150262,36.2012751597598,32.76909844567603
361.19583787642154,106.03088887179274,36.76242169056054,32.769737960221526
359.84476691066817,107.09474185801038,37.275477159110814,32.831118450742764
369.77614554570437,122.2347365952421,37.27546998156464,32.34525411506862
377.9643036591075,135.5696092020131,37.334681756328266,31.972353704038422
