142.5,125.5,91,40
134.77458825597006,123.44425772351129,93.3096427046047,41.087954422401566
129.80216377286717,121.941741745716,94.94981228816171,42.01681653232992
121.79459014344553,122.87810221975467,96.15084304377336,42.26039794185712
119.30860201853616,122.68310453486012,96.84681529822689,42.650393311646226
116.0021488781855,121.19241658250934,96.99484442412135,43.47681016474547
109.3054820309666,120.04190556425473,97.35831484499778,43.60618832232778
105.95398156064326,119.04144133453676,97.52373876530982,43.42792444165218
99.47003637750832,117.93048577114165,97.4208753625621,43.471376606939465
95.99973017313953,116.79408410008652,97.82829574401003,43.5664492732865
90.31050028737874,116.7558483347736,98.280189829019,43.64292080391235
87.03124522610378,115.72777976411696,98.25906093861424,43.505844940907394
78.2062967353194,114.39573382950928,98.3850013894676,43.97944224378331
75.93206862978074,115.62924623750382,98.53215538544052,43.71306853534639
70.55127917636794,114.46424926987338,98.30322704014023,43.844961020182126
66.20657791336492,113.35667653152123,98.20422747045481,43.86300597296354
60.59230713416827,112.2181773310426,98.45286225139738,43.94402301843071
55.995131708450515,111.1375100923767,98.84316045755153,43.90434433444213
51.71880684448178,111.95962056757435,98.57190120549329,44.466100629045734
44.25448577738307,110.78231923871428,98.01715663869359,44.608790900909135
41.213481442699745,109.69356850876966,97.48009273641617,44.57993483691699
34.54044661411363,108.77793284470854,97.63788401246474,44.21315976818529
29.919344055828482,110.97256147014258,98.10445433928986,44.21171991218979
23.29977202290958,109.83654503199165,98.1396433623701,44.283093614698714
16.69457990861443,111.08556394722285,98.13548900870865,43.98747888127826
11.387251629835255,111.1733658629697,97.76428892518365,43.81187504978456
7.231568597936651,112.51562542260393,97.32086109475158,43.31605440407343
4.915966066834201,113.46506008656115,95.4314205216973,43.590733621245406
2.047212103412207,117.50698030860642,92.56518745080263,44.11063417489357
-0.6729515802261261,116.25041069783178,89.5323551649831,44.50548348316877
-1.9149470893250182,115.77845121125016,85.77381405218452,45.449402456332024
-5.156154127765433,119.56028900164235,82.04638385343121,46.05360229605494
-6.192723775512455,117.83805912482848,78.12757560361986,47.50074620124758
-6.930688213687894,117.01058002626777,73.71256663902719,49.155704398369
-7.8791527183477434,117.30796087962688,69.83375251583892,50.48619040248678
-8.009757029253464,115.69843474422984,66.31762494563851,51.81657457727492
-5.8541180944402385,118.34412998161864,63.86322090138796,52.09580557862505
-6.747614308617372,117.47523705814729,62.00266492113738,52.00981722126533
-4.972008065009611,119.04747444401426,60.24519966517774,52.452836912043146
-5.514018978504321,118.7497546019055,59.55551019592253,51.27456530001603
-4.95617868872948,117.85740489286428,58.43982961637285,51.31512759895623
-3.7027742213427146,117.89826898825096,57.66053453688047,51.23339940818286
-2.030774100404688,117.12809463020187,57.74477069940866,51.059629922078905
-1.214750312644437,116.31301934649294,57.82536950336325,50.977134110021694
-1.4818450039191084,116.46397427994492,58.35955888591259,50.67522424311772
0.6001710550501009,114.92653703235133,59.343577175620794,50.31806513320716
0.15579396684079683,114.20558843994695,60.2323313520394,50.03447020278253
2.9226464739941065,113.52087286857724,61.63713636687572,49.66927383823621
1.255663733128749,113.70028552982659,63.22077991020248,49.31044851573753
4.5103536091367715,112.28870170360592,65.55518641071404,48.59610166716781
2.694388731292463,111.63978218747049,67.39442470316239,48.10124923619842
2.7041193715494884,110.88058588453507,69.18743761363413,47.8071676510835
2.5186424043752,110.09969025425866,71.39311890753262,47.534231552086396
3.1643135222827468,109.26149035182853,73.82862783794852,47.34720577383117
4.090287397465339,107.58063268276453,75.77038920631529,46.9152119932272
8.946744747994934,107.13421726709956,77.569378717994,45.88939212243416
9.363597204610912,106.44517347475141,80.59200148152965,45.33931586874665
14.55720480604186,104.66191347601567,81.98667490303313,44.97853965809637
14.703872782311912,103.7879580516157,85.64954601934139,44.74834697247212
15.096828576629989,103.11726310348298,88.91983133340811,44.06163841738611
21.09970622553587,102.11900349903493,91.36343635954023,43.99396329429024
24.43243789646762,101.24518516041681,93.09287834471246,43.642873639767544
30.29655288613084,99.07152200964563,94.07158503824479,43.75455438369029
34.06515451007085,98.02530202422474,95.07047586117186,43.71297083683032
38.17039079521066,98.12192349563293,95.45131799311697,43.519727894013954
44.67788003540906,99.27998556616645,95.33621959206775,43.35358376617151
48.71936202386289,100.37320432271825,95.83483478611832,43.31254104580746
51.61956081851312,100.55085729514995,96.49019090791688,42.957235100944054
50.187224067696064,104.80313794336055,97.19967623229255,43.07342651355664
52.08006355075632,103.96814390979095,97.74904226790036,42.575892079831675
51.95757953826694,106.24918916273752,97.99401029287912,42.347237287897194
50.68169120746893,107.43137617637399,98.3795580724688,42.149092142630586
51.50023635881708,107.59150851118555,98.91077414442148,41.82882747300747
51.40305399624411,109.87349906653674,99.10513886956741,41.60548474857161
52.33876723525695,112.99791519921945,99.40288166046795,41.864160289984866
53.44761042569574,112.17894518962218,99.36325114264775,41.32404444612197
53.525672892880294,115.40080457662656,99.20712620827865,41.38403388822448
53.39350674138486,114.51969534701267,99.47145851126952,40.979538569703855
52.31987045976329,115.56817756444147,99.45538733185266,41.045917877506284
53.09614983763214,116.44365183027875,100.06712038329118,41.45926115300796
54.286226300342,119.55577292246116,99.86742993428346,41.776406397879086
54.3207462498067,118.5170771557831,99.79839003535406,41.67058824871983
54.54754141458937,120.6783814919226,99.34479970578873,41.70865032996593
53.73153566963236,120.5970514578328,98.80235106674085,41.871310398145496
52.976525588329935,120.39792701560353,98.1428666493448,42.269559282604064
55.297288568191405,120.50021924964005,97.83536292799022,42.06497481453101
53.304588659076245,123.83250838157575,97.50286955883504,41.877236331737855
54.32714500937785,121.68244496100655,97.60857484617456,41.87572719699078
52.8995978177131,125.06908937057537,98.31134865997623,41.55940008643667
52.90537987681618,125.1186323807916,98.29978454177008,41.4603140660042
51.622803364546854,126.26206035924847,98.70997588844486,41.32841978695431
53.67482262294931,129.5470612921845,98.9230345515391,41.23406369093095
51.862808317395974,126.05376876202469,98.22716164660116,41.74079647718369
51.67786337305767,130.2897668212674,98.59705153527777,41.90431827238534
50.9556898057159,130.05551635600008,97.87427736275383,42.37281920291998
50.813673467479596,131.17570720181237,98.15831003922644,42.297384939385026
49.86687084066324,129.96680255086193,97.88418908933056,42.547468037757284
54.17629211950248,133.82641105979684,97.93804061362965,43.50094510186503
55.1306283555104,131.90304436055666,98.21512101303519,42.97617275750264
56.85073342887917,134.8372705147765,99.13596658188234,43.649304022439985
61.7697874339387,134.74822469814163,98.12079152278534,43.827395655709736
61.67357035109977,133.67416464237854,98.3132256884632,43.78137103684214
61.10642023226174,136.9089573344184,99.44752592613926,43.900167926574454
61.58003816373773,137.0887108966768,100.7149574114034,43.540660802057666
62.17367887166404,139.05036768294786,101.75436402580826,44.07072329003043
67.32265332413625,141.15664817843276,102.71188078870506,44.36034856619718
72.05284808756463,140.16220894097123,102.33176095439318,44.07915961798403
76.52775119690773,142.39835105105752,102.42035162638788,44.12607384315189
77.24683012063564,142.6461035671658,103.24390384225214,43.630568810935344
83.24109259583457,144.97351744713126,102.57964623541307,43.505447988427946
86.71061995712489,145.2290304140775,102.39970333330142,42.99442205453542
92.55649665194025,147.35037944018387,101.91486393348794,43.23448959824955
96.18539777909893,146.62317767488224,101.37295357639191,42.45026249644572
100.83208646628569,148.84423049889787,100.9471911564471,42.44196432562883
106.70960185008198,148.77903354416287,100.24519609639805,42.57235823509879
111.26804359580396,150.03952803531138,99.93940358575789,42.25414199800277
113.48501039724982,150.28050076720427,99.890905954606,41.77219653421699
118.9666181898658,152.19365365953084,99.84506034311622,42.312838739060695
123.21096925127542,152.34949911392343,100.12593439258504,42.00114783027549
125.40808996862603,153.2721975528835,100.11355093378056,42.346679940303716
131.7046608288985,154.27694820387967,100.70165196402579,42.53405243010975
134.10203200249316,153.17577147443038,100.32429276006863,42.52771431739221
139.59543070541295,155.1616089633761,100.3531237287794,42.96229068932091
143.07748037108075,155.15703835958996,100.02272129915312,42.97143189689321
148.86825744266343,156.0087508418477,99.47423831508402,43.47462116419697
155.18102427807,157.19611136340913,97.8864872101451,43.30745663424891
159.69535900997158,157.35803230186497,97.58421955044365,42.98361475733723
164.25850696196997,158.5802261805461,97.14398954043101,42.710743473471
166.69727833404565,159.52103645546168,96.58710534550652,42.989452198253296
169.56695156541343,158.26530272575692,97.31924078942671,43.34375902211088
170.39871471032055,160.25783309984223,97.82972676025798,43.70672279523124
175.56477936225355,158.9375102270697,98.43659821676599,44.15956838870149
180.9091893022349,163.0196470869292,98.77060388137869,44.81355510464279
185.58646080626812,163.08223920033365,98.29964142015987,44.68837087783388
194.84087065795046,164.7302581633929,95.27382345697228,45.8160477346231
195.686913294161,163.71103557867968,95.76923181129469,45.66699927730608
196.99246776314112,164.01513664701957,95.35024936885013,45.0587971406263
205.30644528379116,165.91944227941087,93.95021936951555,45.60102160211953
202.67622501712873,165.16804598774507,94.88179700334362,44.939382735702765
207.01428140213847,164.22349411900404,94.87171618780256,44.66197848456521
204.29842974576124,169.73833690736842,95.98037431154579,44.43990588036452
204.71955849101911,166.85557610683642,97.31190141934144,43.68407368649441
209.3088863000052,169.23787072153672,96.85279395533131,43.279258534074806
207.9475329280844,169.4166467007548,97.40938995309409,42.92170657563868
207.5867959929427,171.70235420726289,98.13086382337748,42.68607553130656
209.68406005485957,170.5620058659714,98.28471816371555,42.79258098180359
208.71298614285786,172.99988898969633,98.04856766725676,42.2734113752781
209.72508260138855,175.65368884335183,98.19008929647221,41.29724076052075
209.0156030639909,173.59931950064086,97.4585616205527,41.10500594451321
207.77298241001037,176.82971155952652,97.8072917237169,41.053755441132495
206.74004734882178,178.10614598552095,97.73252123445963,40.64152720077809
205.6829413034213,177.98285099936257,97.71448638850633,40.88811717309488
205.65319992872926,182.15509613536491,97.77396913789039,41.089077664070714
203.79762071274516,181.19006523577576,97.20355648108972,40.878353918864576
204.18713078144677,181.13018215976712,96.4245363436865,40.998120070881846
204.94597723987619,185.26376112657977,94.90684342682769,41.20965656935586
206.74203940063313,186.35319916214493,93.41617307186665,41.132234464778364
206.53982831834898,186.6055890523423,91.74210137059237,40.62745468438361
204.40349771025555,188.60547075367148,91.92408930720858,40.71836456129589
203.5357003690104,188.87779096472585,91.61010845433816,40.1737241391872
201.60777836519117,192.26013759516317,93.43051996223207,39.515328377546396
199.73019632359703,192.35093328958902,95.13554154112973,39.33373698869468
194.5708114167496,193.87976032238603,97.16814634594242,38.3476241753212
194.7465419337742,193.88298427791202,98.8999279068183,38.341176264269244
192.07783135464078,194.42150927467677,100.02131189929543,39.37214485363462
191.82227882696844,194.07020862595218,100.5324169546401,40.0747461510838
190.3863328916779,194.92574060968875,101.2418000677921,40.52619094103971
189.47269334987112,194.397190701631,100.88829990493537,41.58329075715525
187.5185529712463,194.40548005816635,100.40755222977803,41.56671204408454
186.98804177848322,194.3345693457915,99.28129092162364,41.7085334688342
186.91386461802085,194.47764779364198,99.42964524254837,41.42237657313324
183.36142106777856,193.35025637497307,100.02271215614824,41.506552681509525
181.52551409685702,192.18877745749302,99.33320294586798,41.64884894040799
180.5664527831268,190.01226022235,99.0780933594891,41.65541898301544
180.19524983630734,188.62990089281658,97.65083536050855,42.250473749462756
179.77337008219888,188.44035582017142,96.33504208092543,42.62956389475307
180.9036563431191,186.10363194069362,96.22164259956483,43.00866557274899
179.85042379489244,185.01852608685704,96.17591154147813,43.02668112588212
178.55619968562502,183.79128143062684,96.61251058648477,43.32932126481434
177.20120909092526,182.6881612378319,97.15898838740104,43.37205826192096
178.02581401087465,181.3789113563916,97.68196342818669,43.81837314411717
176.65702799243599,180.19557237712712,98.23191771071393,43.99743334829608
175.3448604373671,177.76095695888958,98.65750707570623,44.469172694480065
172.87822434583524,177.85657791611052,99.1643605560127,44.277930780038176
171.82101710784556,177.94984826943485,99.06156847073163,44.091390073389505
169.74302973509322,175.49086653863984,98.79267261300484,44.584482931748035
167.45704628290758,174.29674933389686,98.93024698981961,44.75552107745573
164.90502524837981,173.35827283165744,99.5898971746354,44.410278139814714
163.57672030469945,172.40486862275384,100.02079966274289,44.09137915836865
163.1218747060524,170.0003352174797,98.7041460778072,44.44775640445737
161.91781807461004,169.69496616305992,98.8987488256733,45.05849451329691
160.98280255338355,165.97303584153696,98.54172787140362,45.821199166174836
162.71785201045736,166.20182933803198,99.54205005667362,45.363612173184805
161.88828020033782,165.1051465094324,98.95944465184307,45.31522880531434
161.14812777297925,163.70522739974925,98.20731643083539,45.88263394895585
158.99428215769123,162.54345731139824,98.05217605251501,45.97475832120966
159.78754170937552,159.48068394841,96.46565694914644,47.63877421926484
157.42662152092203,158.23886469152782,96.71438315213742,47.885855646071214
158.59439471065724,157.0013201172661,96.62331375545298,48.11646781180864
153.50996674146114,156.26876341121962,97.80361580957647,47.33444275283443
154.77594821455418,155.00598838306502,97.5224797138107,47.60916595872335
152.6051434068205,153.68243994741846,97.36110392756459,48.004770129159716
148.80371760019995,153.76171616020588,98.19596479420345,47.8462177035849
143.46205757860446,154.4203180250865,99.81749042121643,46.529013973823666
141.6626265591044,155.03070845601812,98.88404996255456,45.30823311196041
142.48996609062416,150.08994893684456,99.46058535062116,46.26489434588316
143.15850729239662,147.8138257306277,98.12350294707623,46.304460510881235
143.80724376402515,146.08725475776905,94.58847171823825,47.52004417101763
141.73333590591582,144.81402439951523,92.11520481101901,47.85947734637924
143.54954503904955,146.03568568602353,90.65939405635862,47.59276228496975
138.1863559731645,145.04562162865517,92.78325808089272,47.422261872897465
135.94674811193303,144.2218194689982,95.08359362372391,46.8909860125797
135.228995031076,144.97034371818054,96.51909978543796,47.59732008708598
132.93500764037506,142.40696276469623,96.63383438709786,48.250841814312615
131.41514962855013,141.20425652766576,97.42393207287174,48.40663595049757
126.79009240747345,139.84860438097,97.61853003157728,48.854061123027144
124.74060387248377,138.46689000134756,97.16856324880132,49.3430179558943
122.22610669463232,139.43197206067492,97.64489754657822,49.68918386620257
118.70738947609166,138.29951803528286,97.81446495084062,49.66480290604708
118.25008315438684,137.11884194430434,98.72907759425024,49.734800976043
118.27436142437895,136.00174592236885,98.68052105426601,49.66302659089715
117.65597368563299,136.3040640677283,97.61328205320908,49.058390300178225
121.11623766848919,135.15266945584938,95.24861197856319,49.08325057840279
117.6321554581714,138.5669842208992,95.48571535794477,48.98568208955717
115.83238994258818,136.25887072716213,96.8397614541078,49.11093920702444
113.68069275887603,136.000189164017,98.87565271996185,49.62830233331468
112.77140044193149,136.09473729022417,100.69423735385095,49.43920608090037
111.1931711138307,136.33742104985745,103.85069601005253,48.95383856163382
109.56603008122495,134.93126637344614,104.73774932100056,49.39891916019292
106.13212223748191,133.50711409541162,104.44180911934856,49.859305086549206
105.3903899763364,133.50657211663145,103.53364475130144,49.86038904410955
102.21438458962524,135.98189805752165,102.75046375133236,49.666531677923444
100.40261140665456,134.9757276024908,101.64682305614457,49.315279057420554
98.35075736839352,134.14604091135243,101.0677847977422,48.63327927223509
97.42513288074402,134.6212518180215,100.59797136403685,47.68285745889695
96.40420748134889,134.96226044021753,100.3421632186298,47.000840214504876
91.74012407068889,135.07706387461087,100.54220010106063,46.77123334571817
89.59906834916922,134.1363741028914,100.26244430238489,46.371679268299516
87.23825940530702,134.3763691058005,100.44431003006775,45.89168926248137
88.55091991942196,138.84603085432258,100.08310620120957,46.00883456292406
90.62039405632717,136.55724441885354,100.46599323503408,46.06457212622719
90.53495876692065,135.38866283524192,100.63686381384714,46.13427424427999
92.55982027439256,134.13490077891706,101.12947302957507,46.37063224159387
95.70294560240782,134.92445507026258,101.69062574920748,47.07399145079049
99.07316808903956,133.64848551217696,101.8590003952082,47.32299069387363
103.70177714121472,132.41615299888664,101.84075870106594,47.47791161790224
104.97402870375076,131.32215758414867,101.60844179284348,47.35371623052856
109.70098246030686,130.10816362728522,101.38107049443559,47.47507009057938
114.38913013629174,129.08232279583436,101.22654837749425,47.221308444724016
116.74310416620726,128.00555709132135,101.1161220399384,47.07607899261238
121.37813526669021,127.09020242913756,101.02452206981428,46.6121727592695
126.18051659243571,127.33373509441012,100.56043951445044,46.12510742872439
128.4514977316548,126.1859691156692,100.5582660824087,46.15074496300805
130.70797439124703,125.14153556591374,100.58593636061622,45.96930026382292
133.97395810250606,124.42551284206596,100.85657606007382,45.13381000419331
137.3207416363382,123.30381348450663,100.93342501979473,45.12040337685023
137.2799601194647,123.50082028737744,101.01498805354171,44.726389771108614
144.13588941117013,122.442130188958,100.81475800347604,44.59183187905661
145.26679847416753,122.36448302182862,100.79960628738966,44.747126213315354
150.85024972686932,121.20054024643994,100.87860154289189,44.82583221191156
154.16300024317442,121.27400253690334,101.00823021273159,44.67890763098478
156.5627024400174,119.98829050210688,100.71083454535102,44.99932733742504
161.36332219522097,120.10625051396221,100.11890239671888,44.76340731371438
164.90987971076942,118.82096809185627,99.74455971049201,45.09438137630289
169.5852650022129,117.57550743089318,99.35366529415724,45.34533365659101
170.59606249291198,116.4749727385175,99.57076115882668,45.30771219527474
172.71938667148035,115.3063680038936,99.80648531908194,45.403735405826524
172.64369106658688,115.36761355518627,99.95787652886891,45.281244303241174
173.8926968162465,115.66450954728973,99.70621111326135,44.68745231903425
175.19448636052527,116.71978837115371,99.33489891264715,44.80916155924959
175.25314525458774,116.61937676088775,99.2175811245222,45.009984779781504
179.73871825486503,115.43816575059495,99.16977057774025,45.14157293692399
177.6914647125452,119.86581983615261,98.79938413802554,45.21605181451742
175.6375017811261,118.76927153050534,98.45057230131665,45.180779576038375
174.98518401643418,120.04568196288183,97.53252799095691,44.85063855102899
171.53773058144347,121.14613147209843,97.8167855050916,44.85328931787801
170.68371561875367,122.24545818851296,97.31708591112829,44.86236540439191
168.4094326323932,127.7195069978346,97.46440845536156,44.91737635696774
164.8963023455645,126.63247781387618,97.87948719691515,44.88770744751665
163.73582082505288,130.7589666611515,97.99120629401946,45.47170552864134
159.02401383125172,130.86087425916588,98.53046644271622,45.26789033261259
158.8674597231953,133.14766222452621,98.84357465882903,45.14504822797208
154.01224624639784,137.3627791460938,99.64293308737892,45.625882909881966
151.7664195947819,136.40284793474626,99.63896403689529,45.29793415571925
146.99760516592158,140.60262814680385,100.20856969043649,45.86639693578348
144.7993274715708,139.79573079017888,100.0846304395935,45.21994432926113
141.0789266352965,143.26227559704705,100.78409778943879,45.028189038228
139.8790916286726,143.34208759249287,100.92987056961626,44.86856504733633
137.65368451124633,142.34274562095834,100.87427434614027,44.6140437612412
135.37682256143856,146.85858939052298,100.93215757175943,44.574037570104636
133.20957198747783,144.31860095983444,100.77054819113127,45.157903902932134
133.19826138497913,143.15837870131986,100.79316939612869,45.22236820493687
129.941208532288,141.93308268811305,100.53495177605532,45.415519122865255
126.62718732846164,140.72698065928466,100.39174318075713,45.57063951287168
126.57628534972167,139.69496680873775,100.49354713823709,45.376942133388745
124.43271188471755,137.31355562525744,100.26908344719646,45.62815387930051
122.31782326113472,136.08915583273085,99.98495772180883,45.82000197807703
120.02924686519484,135.00970532350848,100.0497429108658,45.72271919511038
116.57954124493453,133.81622636057062,100.18289024627265,45.85425581928148
117.54780214835668,132.44933904767737,100.50602976176413,46.32836912273221
113.11664436395758,131.12762260723485,100.27769848891674,46.69914029320585
111.11020511285295,128.81108073224394,99.73892993830277,46.78057699036449
108.88201731689972,127.69631852102836,99.65650329037318,46.74070029287759
106.92130142274502,125.27490958083824,99.0429262768647,47.04850937143996
107.00932550374944,124.1551826358458,98.86687811485588,47.024030902464716
104.87332555220382,124.45911008534416,98.61700007511939,46.416176003467996
102.58348529075542,123.37329390857424,98.70328500993692,46.34111056296822
101.48261263235307,124.55680153527238,98.65838569978507,46.220739936528474
102.33236094393119,125.63230116095602,99.2027782437435,46.313629852275874
101.12164845361289,124.52921579676473,99.37076449276918,46.266361849047556
104.07879328693568,126.64496222931217,100.22164987335641,46.54498568210788
103.11281787102492,126.66270202189249,99.88128749195701,46.50950609694727
105.15434808203281,125.32270153452848,100.33170517936615,46.92276801696276
105.16522950176346,125.37552122167197,100.30994233990485,46.81712864267579
105.08135320816305,125.40761031567939,100.47769492710567,46.75295045466093
108.31064104165881,125.3263381883469,100.858144727787,46.91549470932594
112.86537981068136,124.13672653708385,100.90088249580657,47.00666418533589
114.33126381856793,124.2391442115523,100.25938376936878,46.80182883639898
119.01848661617086,122.86955503449,99.99434290052949,47.26365600893191
122.38337591861837,122.99034816270733,100.1092190040047,47.02206975249725
124.53339605897837,121.88204852752497,100.36719933426511,46.95965871737178
128.48960640140484,120.67279655795677,101.5814903264789,47.096484737241525
128.396382516684,119.8085924446472,101.76793809592058,46.523147712736055
132.58012314043867,118.4115288612355,102.57814142216371,47.022853736121355
137.0076689380275,116.78311917867553,102.98286240498246,47.96471995674219
138.4151993779756,115.67812272485573,102.50512049865114,47.83739389081691
139.5722037531143,113.2058751591858,102.51925097634582,48.12561056621261
142.912211252794,110.96834517794463,102.83937087943907,47.9339139270598
146.73508977673941,109.80037526731043,102.19768924182915,47.93516194490124
147.02244417376792,106.3131033531226,101.62298044777214,47.93359607820427
149.33154276371408,104.11732978924263,101.63872357541626,47.691202898427804
149.71451108800647,103.06947018642362,100.87278692683142,47.4739526248597
152.0231235340179,101.76998599510155,100.85160243242416,47.77490080869603
152.04813361115168,100.64105909246777,100.80158227815659,47.72979394323572
151.04466407889453,100.76376752145279,100.50707619408442,47.484377085265685
154.55581220194318,102.0649666123357,100.36339981831279,47.17485219360843
153.95859500901327,105.45103924850523,99.2724545886848,47.258845767732964
155.0333350503579,104.25859102203314,99.3939186280034,47.3727980986693
154.98683162156624,105.66744642161132,99.4869254855867,46.82978782531836
153.5139378371879,106.95417914603348,100.16612392856358,46.52291150225379
156.62639786095718,105.77829325496637,100.75456147124166,46.60356408764915
157.08933579270075,110.3026579283868,99.82868560775447,46.67920331941376
157.5183171496979,109.2238520868448,98.97072289376021,46.56787697566419
161.72706642660756,109.36515511623008,97.31671924896743,46.28527091689364
157.89489766121153,110.59707953018093,98.30466560121643,46.04688581517298
160.9045966957472,111.63786044813112,98.9923736248836,46.20102601018542
159.3021886062663,112.87960044119326,99.94878164411635,45.96595418379017
160.12177097524454,112.70029831897489,100.56783046576122,46.32455842822691
158.67812772515896,114.69263898669244,101.18162307993629,46.886864864783966
157.37293547757318,114.7327609837019,101.4997466502747,46.80662087076506
157.3718022896303,117.1532705354773,101.50201302616045,46.55657233412717
160.76030215403415,117.38168224550571,101.5984355195869,46.099748914070354
160.67092821110683,116.56976032754989,101.77718340544152,45.43905715368253
158.5879159476942,117.9095051675151,101.39214939734286,45.03509674121404
160.94572685773696,117.85115504754141,101.20220705737124,45.151796981161425
159.23425217917628,118.83048705881419,100.10088291925177,45.45526970623632
161.57412532054374,118.82082704581357,99.92408876783954,45.47458973223755
161.31220322433208,118.61978599267103,100.44793296026285,45.87667183852265
159.97258771186287,118.57296641425302,100.86325728096581,45.97031099535865
163.00177576625575,119.42096461827484,101.61963307085652,46.545898553540496
161.76826408243608,118.13223275377229,101.79399260640261,46.83069845045236
163.76977690510836,119.06196278568184,102.39133952527041,47.27142466873939
163.6884510088118,119.13571478906474,102.55399131786359,47.12392066197361
164.64794398215233,120.23950694247111,102.95137722403943,47.2327082080178
164.9086194263356,120.54247599274046,102.4300263356729,46.62677010747912
166.1957430970238,120.58628010695563,102.16163864032174,46.539161879048784
166.12176818289055,121.94689643262569,102.30958846858832,46.11835297811173
165.05091174407755,120.78594766392283,102.15611070662172,46.14505987592485
166.02193310267242,120.81885016097387,102.50749873827861,46.07925488182278
163.96598456018225,120.96813885713901,102.02464087818038,45.78067748949248
162.98066913725236,123.29298500909513,101.71014790204426,45.70123282957199
160.93351203591274,122.15820701473643,101.24613563991595,45.69162558588569
158.70475942210885,122.22588896259688,101.15912570699966,45.55626169016478
156.24112442119358,122.36989498764196,101.54916014428481,45.268249640074636
153.51960253598526,122.31558487593593,102.45376805462358,45.37686986348668
150.01967870731846,122.18713770430954,102.60086763478566,45.633764206739464
147.615332548512,123.26293620512888,102.82775487165253,45.77306974547383
145.29148311409978,124.56907672692013,102.88216615604092,45.45743249410938
144.40345910347475,123.35808796224357,102.36633521843564,45.587531064607134
143.1710546326778,124.57653972343266,102.54445686603069,45.4373148362278
140.9019261638984,124.59046321569531,102.5094574384732,45.40946785170253
137.71506810979096,124.44729031266972,104.31191236413615,45.69581365775369
135.08553486049095,124.4310753627905,104.93737851300824,45.72824355751216
132.3452566289185,124.56050668455455,105.76506994881879,45.46938091398403
129.9527146903038,124.71789158669301,105.88246634287732,45.154611109707105
129.16984952424636,123.81866606053862,105.11822069603359,44.623086183057296
126.60556214558915,126.30149615636356,105.6277559446745,44.27646550008092
123.03652627389158,125.20242957851232,105.83360712335794,44.16385846754618
121.70278851442738,126.65303487828385,106.18936762095385,43.5743628893356
118.24806038773832,126.49138115037564,106.17969836342813,43.89767034515198
116.23570014108623,125.0173986826497,105.58045205577538,44.533651880125404
112.7593374901098,124.91273269511788,105.58932941162544,44.742983855189024
110.75266671205927,124.75738262960289,104.96576638683804,45.05368398621904
108.59100549809355,124.56308494019045,104.65922421756522,45.44227936504391
106.47424909190585,126.87829529066106,104.25801888299134,45.446576811051976
104.31578746022592,125.59134548454377,103.95169240890353,45.708851554562756
101.91807012479629,126.52425731365597,104.12350703945505,46.15483791649222
99.9528065508849,125.43939990301892,103.40972750733145,46.00239939779314
97.60430572733384,125.26783738358348,103.48849081869285,46.34552443666402
93.82944186146807,124.88499733279056,104.08933612949244,47.111204538249865
91.54011862547708,124.82051940472941,103.99105833840099,47.24016039437217
87.95107074507584,127.04862077254238,104.1512644372102,47.46255076674177
85.78801061400196,125.88409213137189,103.78633752021217,47.446084459509834
84.56007714977407,126.93750253826485,103.90227326827463,47.67919482611722
81.11369761345196,125.81235133050345,103.75793243234972,47.583797272117025
79.85049314627287,125.59500105101377,103.94241074350805,48.01849783109636
76.34206146590324,126.6385726947838,103.90260560661442,48.28357737610056
74.05529907050244,125.3871217583152,103.76357148423301,48.43019979244626
70.50100837732208,127.68494076658338,103.80169909050757,48.548197629300695
68.35970430613432,126.70034457882734,103.36543870529636,48.15795574101938
66.16825530638025,126.59062878113173,103.05580672831735,48.377387336410614
62.70924305758266,125.27464889063505,102.93706482936962,48.66375831855632
61.582949844452784,125.20917252261876,102.84079597735231,48.79471105458891
59.368127352829006,127.72276845511261,102.57097059877654,48.46698955142452
57.457923785650486,126.62948347929617,101.71120105041872,48.31347116169997
55.144974339202896,129.15024871589407,101.6873408591794,47.92169977263864
50.42636986498094,127.98765952689791,101.85374821546202,47.92917775259065
48.3086557159683,127.84590030991136,101.44866582234181,48.21269618656376
47.27546317053111,127.63823357757863,101.19575526871802,48.62802965122921
43.780966736588596,127.47859355353634,101.21623217500823,48.947309699313806
41.559583667914964,128.7777918683286,101.00161771887977,48.67760336646718
39.45822192337267,128.80426695670707,100.56260593462109,48.624653189710216
37.21762826591667,127.72088642167398,100.41671709212491,48.47787618107229
34.61795148148312,128.89816986964212,100.99835799768371,48.4321656167902
32.44167050820015,127.72339197347779,100.71782014696186,48.46517151047494
31.119098106481474,127.57440141732715,101.04993451734501,48.7631526227762
28.930493035152608,128.69931058879664,100.78102332198193,48.83639494884762
27.77788625436323,128.85404091215693,100.76582919663416,48.52693430212701
25.875523840551438,127.92566659324939,99.94094305408353,48.068877454855
23.868215546381705,126.83840447842474,99.36596298638199,47.94860335648383
21.72237458621194,127.96645937679699,99.08901690459976,47.97680756080019
20.506891472962465,128.08572139960557,99.23922218808357,47.738283515183
18.61026785460958,126.9431175451785,98.47485736897899,47.74468519613196
16.664445929845243,125.85715534342958,97.83098426436445,47.64885112255819
16.02397759545964,125.91221183223874,96.85523181760342,47.538738144939884
14.124170344131592,124.86067872877092,96.17380884345796,47.40128561347473
12.091285276307687,123.87020738153036,95.78323465142756,47.15405614411671
12.498584346299737,123.59958070877626,94.96863651144346,47.695309489624925
10.486035316674972,122.36163892571709,94.5624825555574,47.955567048175475
8.77057421479671,121.18695917238082,93.56506017092775,48.09075426065492
9.941078057290632,120.0582099867731,93.42592869106238,48.146376426747935
11.204983160140259,118.95714060226105,93.09891127411352,48.14772240702163
10.29375757268324,117.908691959503,92.7253470752465,48.048604318756674
10.058294700672754,116.81918920662133,93.19627281926748,48.03878625565961
12.05254516873611,114.57838522083269,93.59890846605,48.12925764432769
13.059908019874577,112.34697546305034,93.78721928203868,48.18600412336115
13.061907111458403,111.3687261896257,93.78322109887102,47.93572474813617
14.917038794339149,109.17679525982552,94.47776534470698,47.914778996139106
14.921577127686987,108.08825517550797,94.4686886780113,47.87963296471471
14.905801716706215,107.0665444102381,94.50023949997285,47.7115682588833
15.479407578796419,104.95145960372093,95.56207322232326,47.52364697885598
16.4572333610044,103.79593961230592,95.82776513627945,47.61334348331387
14.106718459106027,102.76321750183149,96.07522556882797,47.45200301863861
17.33435581839231,102.664118861171,96.30277971656363,47.650200299959565
16.065334659729302,103.88784367641816,96.60644927585659,47.43712342749834
15.79364910424043,102.78828088584916,97.14982038683434,47.401129772967536
15.61109744463127,104.14319360543946,97.51492370605266,46.933740197568795
15.305170191763011,103.1159128648843,98.12677821178917,46.74865683068671
15.992490886161697,104.1045814695124,98.99748604202277,47.01666884046147
16.855218463751378,104.17545848387965,99.53474584840772,46.87491481172698
15.47971689634538,105.62814068815422,100.01767572368885,46.237623662708685
17.073491419584947,106.41871974073699,101.35806658299187,46.92043551043426
15.81712849992455,106.48213582258877,101.57537703434824,46.793603346730684
17.833263844484172,110.00200420083722,102.13582134771228,46.64293909395874
16.530872018415543,108.69993096664916,102.43873755603376,46.94521811851912
16.321096023859376,109.61689663825841,102.85828954514609,47.42285338782247
20.66222277176948,113.06941601637529,103.4801564502823,47.49590493230604
18.716544867178214,111.93286328294576,102.69880704958999,47.432657794227694
23.10240661618981,112.96584730711545,103.22261068386041,47.69057152896166
20.7011224201473,114.16979503286746,103.35315064234777,47.618690294256524
23.95650269107854,115.24243071767972,103.8523557822081,47.810074151872925
23.18450638699941,116.50846772685354,103.04908285726178,47.625265666629865
21.949729410357065,117.83232561534668,103.1862895771541,47.30989712303593
27.65348635951753,121.27325427078915,103.42288747271917,47.41450688848261
27.634051297373546,120.1951155125584,103.46175759700714,47.23668998907191
29.537710795269945,122.3565242790365,104.3175269958706,47.57696085077198
29.84943274716641,122.2785025708528,103.69408309207766,47.7330042671394
29.808167418842764,122.36680913450711,103.77661374872496,47.556391139830765
30.379637319346315,126.00988687744638,104.97539617079784,47.295402323192164
32.716558575166054,128.38845857139,105.01067860950066,47.24738388564717
30.881941180536145,127.15670970802793,103.97145022747358,47.35665002672789
33.651669356873356,128.10650106344931,105.45515626989456,47.7981214475836
34.62705702966892,129.1987987249566,105.8747334715986,47.983878671864176
33.7337953416679,131.61912053925204,105.28155082640544,47.90264708566374
38.55795684524626,131.36872808759807,105.11188178551448,48.40343198897166
38.68345375560617,132.73253737433373,104.86088796479466,48.05178325640788
40.921853629697246,136.2389685479996,105.11641401731264,48.13740961012625
41.49372894796703,134.95850393302334,103.97266338077307,48.3269612316879
43.941861939045495,134.98908766901644,103.79251238679657,48.26579375970171
46.420984827543535,136.0924708389454,103.54299906103506,48.4133936454611
44.37443709611061,138.45429518151371,102.9294689996839,48.39637048454142
50.86399336557587,138.36782771893039,101.67075550072148,48.56930540970809
52.75560679004356,140.73705459460965,100.21627516048957,48.48834467575654
52.98272447350487,141.03674827962513,99.76203979356696,47.888957305725576
59.61634470450114,142.09154240542247,97.94008487541176,48.068426162898334
66.00985037752686,141.03778823712855,94.21533754109049,47.91036849655366
66.36398171950646,140.56750297290006,91.2987718684234,46.64263603630276
68.10619575734884,146.95371384165227,89.95800257184005,44.58850819430545
69.04242940394039,146.7471519436859,88.08553527865696,42.91312203258404
71.3582764997349,146.4921552849252,87.5179941883313,41.39103879947377
69.34047103347999,151.62260493423491,87.55898852119691,41.116680999964885
67.6090684291239,151.61132713582072,89.02867481239744,41.13923659679331
73.01956993911116,154.77437010783473,88.28220819043841,40.8578724915746
76.71728028915513,154.7593585560822,86.88416310855987,40.88789559507967
74.5123491873891,158.24532216416515,87.33543441490077,41.83315017329607
78.43971518712831,156.79185205679417,87.49009829319357,42.73774141859525
76.17141198738065,155.23549685980893,87.98604128757002,43.83012011000629
77.21251164237526,158.8326906644139,87.95036299233512,44.8218165598135
78.59707062036779,157.80859899917195,87.24438344456055,44.80686148208686
86.09774221052797,157.64116353616723,84.55818854892868,45.14173240809629
93.33247051383546,161.8498590305406,82.20153374229854,44.79954261933938
89.01585362013992,160.75901221993405,80.9436916594259,45.003021066499755
101.83919796402947,158.20797568566985,76.89131922928601,48.14197447524278
103.14638588808562,158.58797714723337,74.27694338117371,49.33794384158248
118.44330984773082,160.8759375084926,72.7345182330217,48.63554615521583
75.11167751423858,147.48483753590412,77.61621602689748,44.98739563598027
94.09871659935541,149.10853503470327,77.91404795093011,43.65359614309526
96.18440754044536,157.37947340574843,77.53336444902692,44.169862112250065
43.9158522730719,147.27504566517894,77.65316614615075,45.393752350184876
51.915638637913304,148.07096827939372,77.02180123177331,45.722933098668456
57.92281807649472,147.9454207225565,76.51072065006448,45.97402821234294
67.63369690863597,147.3472255843738,78.1412973162277,45.25656991321325
70.1813652088417,147.80778878435683,78.82379609670673,44.33544351324717
81.21490394849774,152.7086392960153,77.88122949322454,44.13579288803473
90.70267396926862,157.8147980126331,77.93636625269264,43.43881385530406
104.7057284502432,155.30753544552155,80.20258645523674,42.7772772711847
111.01648579679353,167.81683292532912,80.98004898547552,40.72835755158009
113.52724863245703,169.91688889627062,81.62936691187299,38.41852680893854
113.88713189691332,170.98359344460948,80.9096003829604,36.28511771226087
127.55054324671048,167.99638969663044,80.76021337688694,35.01220902328002
150.36918370404166,163.89876590822587,79.8041279901567,34.271217494502764
158.99844174751047,168.4502421708306,80.14883516564149,32.209554274262246
169.23396647728285,167.2143405210976,80.42207659141394,29.49528485239893
175.65383839652642,163.35255298654627,79.36959124869016,28.799389567384903
186.64650451569221,163.18373301158204,78.91557596763779,27.480774366753366
198.42121492201682,167.2784534230923,79.75390115134672,25.794732476095078
206.7911340886209,164.6744363403801,79.08370486420155,24.574909823094245
217.42777719089872,168.16339159319887,78.28522016062993,23.896938240836462
230.27818066811466,166.68078924010862,77.4025718017393,23.75987312257428
239.77186459443448,165.6232959178146,75.3122555009128,24.338764171542945
248.44680386488935,157.73871405459187,73.1335040754271,26.453913494106764
248.47192993024697,157.72390700297385,71.55862551273799,28.00815402931662
254.7861124570959,153.14844546451596,69.64042422745908,29.508960128790342
257.33701980405283,148.66466710628598,67.59680537196813,30.831027249193234
261.04396506825367,147.90201395498505,64.7512276564443,32.3563335517951
266.4591120385142,147.22739800988913,61.46008120253225,33.70556544198696
270.64939907166394,145.0026770626829,57.52746324056809,35.1897032668426
279.5641619909441,157.13350141195755,55.64222022761793,35.5692189351454
261.3164504424637,155.77278631341164,55.0180077076758,36.862970839279384
247.48784194767796,135.36089129153052,53.87791273848315,37.37052414077193
245.18417989784527,134.79164040299057,54.19195882895534,37.077933248120814
205.9149216015565,142.4137830057613,55.45700680131497,36.14354963891601
205.04226679359778,137.03467289062573,57.20231641723241,33.99135949376922
181.19733088034928,130.40808998147176,55.03664825463254,35.8489733145693
192.90104521755495,125.32863738062585,52.97831633264596,37.468239815291284
203.83586731736935,133.07426514338414,53.81443034599057,36.16808317288307
211.40095886202425,125.37286173720459,52.786435226988736,36.05848321790338
218.8941118109957,125.65855499926768,51.7293174363499,35.48709669377721
226.0257121646087,126.52128712394837,51.14131272155265,35.12915204365871
231.98745156942365,124.66402589443096,50.0396507214826,34.78549319910858
236.09095020638685,125.5816368106285,48.484744194613484,34.280689516124966
242.99001495456903,124.25912900324354,47.67246689380004,34.328534691784675
249.57015119356254,125.7715163209142,47.382922045595,33.87790558239976
252.43536564852388,125.7807725126049,46.753582017081015,33.85939319901837
257.3546516338855,125.87344588335264,45.77301460023356,33.67404645752289
260.8396188836778,125.47548747749893,45.04059252010516,33.22246078533905
267.8534337210445,125.53103214239121,44.53164401681305,33.11137145555449
270.52857430653376,126.94451553186602,44.059016967845004,32.72323173761011
273.3908759853247,126.16236672781338,43.15789502222255,33.08165899272546
281.2487683224483,127.30983682059218,41.81809250468173,33.18271583328561
278.3175877640584,126.79802507794169,40.60551595363777,34.20633931858661
247.94674331961536,126.92406884473655,40.14000851056625,33.954251784996885
254.41731635813022,125.57659985395995,40.02290147844916,33.15172457248304
260.8327723316725,124.57400072799965,39.853930193079364,32.85475179500092
268.29041143971915,124.1863972806446,39.80664196709042,32.48626715201073
275.15822801992783,125.04376842936155,39.71513959430235,31.908535753545927
281.34597940277274,124.16549134188188,38.60219374437527,32.53883423692899
280.4645637238511,122.93749537002358,38.12639829884861,32.75619937727554
273.0722183784203,119.97643777772399,39.525566651671845,31.985553392855607
277.6962322061525,119.68478867099307,40.39887877361351,31.444258297716782
280.6114291635363,118.94596861737075,40.21442871125178,31.79270963448024
259.4554878840888,116.15492878509248,41.77322797096749,30.582608749173595
264.2974121996933,115.25248897922111,42.313828404704964,30.115388568706
269.7609760354052,114.5927843011923,42.75236282808808,30.298231715282938
279.076226201703,113.59555446255162,42.461315266460126,30.000259796193326
283.3311855352059,113.86494690721247,40.77280280182832,30.598375940600654
286.8628864942998,113.46423876840224,38.19378790803615,32.52088897432
290.2816148510236,113.65174005570572,35.80721417464076,34.37132788973916
285.61703705575883,109.71437117785565,34.085209197625076,35.61536930491213
283.5260290321847,111.28999165508048,33.87690213538864,35.75687068250109
286.47522538702015,109.87206449972194,33.46098408073008,35.303240200210666
285.85103092684585,109.3577170840168,32.54376498408645,35.24913102312489
287.16363468483615,110.09029350114201,32.053341704584874,34.85137030711395
286.76279682932744,108.35856215608743,30.74824313738404,35.154671579895705
288.9208034516123,108.33254074133733,29.544013028028232,35.206714409395914
288.79021429757853,108.90742614978429,28.786470160058236,35.075664768539525
289.75735939998793,107.96920171557414,27.856662905198895,34.94314773704086
289.0992936875347,109.41041160107223,27.197998301062533,35.02292200960877
291.48155796334385,108.38398433522889,26.345141582613138,35.11994062471102
289.66660083132246,109.04389934604487,26.113115993661815,34.765595566327576
291.8212703692918,107.82772653280878,25.628961084357908,34.32905306782369
291.7480014310462,108.05283508777562,25.77549896084915,33.878835957890004
291.82635549454676,107.26349058148016,25.618790833848088,33.58298692191932
290.80841665373777,107.10775224652838,25.79426846179186,32.96426356498581
290.71015627977516,107.11339536314107,25.067181879750407,32.95297733176042
293.2282554918315,106.92503632383308,24.588938548780625,32.41810439174778
291.9915956395319,107.97250588282117,24.37536943281092,32.11442448748419
294.13904928506577,106.42922029289976,24.518029667090953,31.650941647048796
294.037494529242,105.97928928459118,23.83837334136655,31.66803782629411
295.2552985491338,104.55884807700211,24.018585005220785,31.021160636621893
294.1330726275983,105.64469544784055,24.53301267122182,30.579490072014824
296.10391567465433,102.40301339281112,24.05775298512635,30.996607968044707
294.1152868996231,105.83021329252867,23.70863780752982,31.06440453286409
295.9428169913236,104.13595618107897,23.496060909090033,31.01043547080234
294.146333439067,102.17126122676763,23.66371469993241,30.6581837373365
296.0219478928442,101.21048203952705,23.327238917753377,30.87236554912998
295.61477738249704,101.2324762035799,23.29011300261869,30.828377221024247
294.30239090704544,101.37110144856464,23.364315323486707,30.551126731054794
295.81364403787416,100.39234426202238,23.730505784994882,29.967118561765126
292.4559104064139,101.52406682420418,24.53653938403738,29.39208305565233
294.536270199048,100.26848325014745,24.617862925757287,29.358024327573006
294.8070531495065,97.61553431582374,24.076297024840276,29.568757436872197
295.4070671062642,97.18184411813797,24.563661709904174,28.748745233664383
295.0814394842591,96.73296261873865,24.375998459461446,28.807589738010115
295.78965061251273,95.58512229624532,24.633195404212284,28.592841581109674
293.86027976036905,94.65675896377579,24.303810889562335,28.774317758473785
294.44798062217467,92.12755542373893,23.963543680774297,28.821917749608595
296.25110806608984,95.35369471986593,23.678834380884954,29.012730333236657
293.9557024511005,96.86621255441639,24.1260213158248,28.47386924115907
295.4306135012827,93.89067490581613,23.659110136471575,28.631485722666795
295.1972069342531,93.75195096057678,23.303380612687523,28.90893361314549
296.7815864470171,93.57704864486644,23.418844132700585,28.437682608180907
297.2448605100173,94.68840436954626,23.307977483436236,28.662015589029505
295.8410422431204,93.24356999789912,23.663598292891585,28.282330033205795
295.25381363126604,93.50493992413182,23.203580900229397,28.576827488925847
296.1250996774438,92.78027605303981,23.089691131547923,28.39747290743581
296.20653643401,96.54722688353871,22.9268176184156,28.151264061923655
295.4125481501573,93.94840441345497,22.90814092330761,27.72562258224454
297.3149899308914,94.60408542844888,23.085653971916418,27.210739874272086
297.91168083965965,95.56515497995764,23.475078009767742,26.871406626642454
295.9520850189504,97.14535557010473,24.224642103054105,26.088226107447326
295.80626100160197,94.98107606617071,23.724097396049743,26.45582140680891
295.4767516668629,94.6634325013349,23.593173916580042,26.301166387532895
296.7375556542099,94.05192765970341,23.427910746880755,25.953279534132758
296.37089463119275,94.69265539526586,23.38383052319358,26.22662860245084
297.53968482042336,92.81584317655184,23.389089162990228,26.075521342782515
296.6805099794987,93.37260933058101,23.550072874331313,25.74067201997827
296.92741998998616,92.11054340974158,23.05625285335647,25.93668225746316
298.0823229349533,92.97047851653998,23.060073514121036,25.759229744332288
297.97269001791585,93.56008346639756,22.5108252444888,26.117048052031382
295.58257575626976,92.45971536456803,23.464720515773074,25.25671765408403
297.02999270642255,93.75527494259424,22.871297575886505,25.734146445257
297.1124988500958,94.37960578727156,22.706285288539977,26.01570087593327
297.26109275593456,93.59486226277691,22.409097476862513,26.05152243624364
297.11325487282545,90.89187399567282,22.704773243080666,25.35653694631979
297.5328090458924,92.3346071181564,23.37883081685898,24.740819581221068
296.07924224017864,92.96881321485513,23.255108906742343,24.987835148595742
294.155538884861,97.28210900370614,23.304471191635383,24.716941307526696
295.3214095688109,95.51859925459112,23.24121261281058,24.46315615729832
296.5352703267314,92.64314687979694,23.81824423785353,24.204554625119055
297.6748932807333,90.40024114471936,23.807773624868545,24.15281550523663
285.6349377359008,90.51848854572026,25.229285263444677,23.161040721531897
296.3010358940093,88.5074789915661,25.229682604883237,23.37366810525883
294.4550819932254,92.01886161272878,25.095252575173475,24.003578525488635
294.97406741979887,89.7719411742291,24.830443878597297,24.631608619634484
293.4226010574347,91.01351796930275,24.817663054694755,24.48524019096029
294.9930330500741,91.81802116767383,24.782476113596683,24.42907231630842
300.1952313164869,82.04054474423452,23.677839805791724,25.38450471314571
296.1810098805217,83.40114442089104,23.20857947578221,25.75337925144717
294.8916401313026,82.63122765426327,23.474936800551042,25.751624668923164
295.7698061459481,82.40896035460703,24.043647189011764,26.196159268235647
293.8464565357639,81.38704578026626,24.726360446961174,25.866998945102953
290.6084017585809,74.57134511283536,25.625603645809697,25.1578867943487
293.5416214930794,76.18668618467609,26.15701639441733,24.32639923226897
292.7923018087989,74.74828578957369,26.065888289870706,24.023665076258474
293.82193597592095,75.33325527616722,26.372563777844604,23.64237404381069
291.81336803601306,75.42784412883171,26.452982722498366,23.45319633848173
276.4651314819047,98.46552942076727,26.512262754575506,23.726399895437154
277.1476556716747,91.32220246759152,25.93807025741588,23.77764791893962
266.19210607998934,78.50190715816274,26.715193052101306,22.8050830853786
277.65395756123706,78.04272223644703,27.16865626806994,22.16497518357908
286.53991101429375,78.14464956338114,27.242631585723185,21.961120529710875
292.7698446587654,76.5511450504069,27.936437087647253,21.27940226422775
294.69560049910564,77.27839924681808,27.178037522685425,21.371449929264656
289.44534377788375,79.82658295660215,27.757073761297022,20.85422583454216
294.14747659376445,78.58242729130426,27.516011619719244,21.051736292592018
296.4524250681382,78.2399642110902,26.72186905838046,21.736662453020138
292.3288879399305,55.85597719120145,26.58566455056101,22.301893917740838
296.6558898552357,53.919188897639195,25.62309619607434,23.098896314415796
295.67365232571166,54.51259576892984,25.286517256146702,23.446118571151683
294.469690245564,53.9896333648542,25.39252265249479,23.724737124653863
294.65636550462983,53.157660643585174,25.792560803996125,23.8419052279257
291.69154333508544,72.73041083636711,27.03323987621393,22.989621188475297
289.13383562349287,74.70636558645805,28.213065857220222,22.186183242036446
288.6877446791419,75.35602847983945,29.105247745922306,21.679126423952418
288.83265688590836,75.40464204980995,29.613036773087316,21.58189928401143
287.8729308771229,76.23574063301074,29.925017646285607,21.527173261982558
288.1109919237129,76.56680679951275,30.256463606430003,21.672608982302997
261.382181948969,100.6685472806731,31.555186979318574,21.55311080153469
262.29057022804,102.43522132993476,31.40367995196387,22.182936529979777
262.6028850332924,106.12539254573016,30.779050341459097,23.210140461786132
259.7251254444125,100.65270682562829,31.445776868084177,23.129794491197977
262.1152550174305,107.07406348564876,30.95031668226928,23.998437843864465
259.12275802369385,103.89380336481523,30.890099192383072,24.313746608172032
259.1901446937708,104.00069320226707,30.755325852229305,24.96777527798961
258.3351631622263,104.00121664843263,30.71259878654808,24.966728385658485
256.51916973804623,102.66444112626276,30.84189844798965,25.01326403980925
258.14094218709084,102.39636643111419,31.111996478350317,24.67100269799392
256.7219570784356,102.29362896786904,31.31894506853485,24.876477624484195
257.7451862282682,102.11370455485418,31.03951111398359,25.236326450513936
254.9052824416386,99.98673070493862,31.408989445874624,25.064999782538173
256.86217955398735,103.93748016555854,31.04699601319126,26.043002841333468
252.68929498251757,103.49888581534043,31.309043547773328,26.02200025195219
250.90740288327763,103.22915936066488,31.265264579400913,26.561453161303277
247.9412792647783,102.49354141878752,30.82818755897265,27.12278557971132
245.19768733699007,102.35712768240143,30.842487949214668,27.3956130524835
240.98808028702067,102.243102205235,31.01109808817292,27.62366400681634
238.14123317050525,100.31860778985924,31.166811716645462,27.780665767862335
233.50014000546372,103.36683424014753,31.169760490247363,28.179679156822537
231.32533937413916,103.37231551990268,30.84766047215224,29.10305685346107
226.46401414720313,103.80090732917611,31.13025252338989,29.189879075177643
226.1465016717318,104.81292862589443,31.76527747433257,29.065437391049556
218.55344892333636,105.63148746680119,32.58546138880786,28.386047814723767
213.71488039485587,105.2652547716821,32.66648125771533,28.15890148615658
210.20310112262436,113.1992619677911,32.03226177839298,29.52088764745553
201.8416634986727,113.99258210551699,31.31063118359001,30.84166501245481
193.7331541690801,107.16277955838856,31.867340204931075,30.798499173598035
187.75939101772576,116.07621535561384,31.972933806899192,31.721354355319992
180.3028651231908,111.7362525610319,31.840120095696115,32.37681834433825
175.87672708744304,111.48297187546552,31.590862312830076,32.88337971547102
155.0570944413633,106.32617918357077,33.63376352445612,31.013468459096373
157.41702114830574,113.12232331469286,35.02105544855487,29.635470872819493
155.70865106756872,122.26109621139095,34.368477326487316,30.687186926245914
144.5770736486336,115.10180230549271,35.12577358354369,30.668535684166482
136.43321736179348,115.17670683324718,36.91597819603376,29.483190345715403
133.49543730853964,119.83832012807002,37.571453045211136,29.55611721926437
110.19163409434401,109.92674817927737,40.914161333483264,28.27443275581594
101.23778350078634,112.62195234225521,44.716483131197116,27.224141165060733
100.94683249802452,114.78301763753566,48.671943618967774,26.275569056746868
102.06482594811271,111.54985740421698,52.271091309915384,25.73972801403544
100.76274071448739,113.62285390781892,54.875261777166045,25.2256075620463
101.59004319984821,111.89439642149225,56.939572497286896,24.963606843857136
105.34028146027389,114.03774004829722,58.29410142122023,24.47192192372632
106.96989333883414,116.24555151732844,60.1384955377235,23.884012390881715
105.48006810285061,114.37286941016765,61.8261176792507,23.753291613883754
106.71216253368783,115.9041877067457,63.303754294068355,23.318538671722386
105.18859865736869,116.90024958621753,65.02358200270844,23.981015000775148
108.91773691619234,117.17382947654313,65.74860193444525,24.797737961687947
111.43784654123897,113.23861927423098,66.26434402945945,25.723206684927927
110.7073202600147,115.18194353436189,67.72539659190798,26.07559717635597
113.86276615105396,116.3907328220953,68.61608752662528,26.538651687607473
113.51698721582616,115.77201099727907,69.30764539708086,27.776095337239965
113.20805466507899,118.75899786098287,69.92551049857522,29.26959309628539
117.18650719207682,116.73247825537328,71.14245133911326,30.264683675993354
116.83415897095668,116.87761710343364,71.84714778135356,31.538595335475193
115.35543940064764,118.3243991386418,73.20770103892721,33.43568891419218
117.52703694481276,117.95331351518362,75.46437330915396,34.17786016110851
117.42182967130825,121.15623175682822,77.37055730695015,36.25087093175513
118.20051376743707,119.23627949678318,79.332741586695,38.33099921584394
114.5308036284236,118.73729437636764,83.02290152144064,39.32896945667502
113.93174626232494,118.7156069198642,86.11685232496141,41.268180441005356
115.40009526923936,118.63861387593428,89.10436327627212,43.396902850578385
111.40686439654205,119.85922084002475,92.98010099829125,45.06641294577295
112.0313306118826,119.42938718947164,96.0131170761148,45.92608024687915
109.31932659090772,118.03165693082371,99.23692966165524,46.52134530776573
113.0245383365463,117.56693619024956,100.85676117325856,47.45078678891402
115.66446268734035,116.09750922655991,102.46905988059035,48.09225824665339
119.77908753592452,118.48454111124892,103.56807023006067,47.982324500594686
121.17724367664967,117.61900575147536,103.11790168723647,47.36725148151574
128.0353195818536,118.04167282367418,101.0459117674816,46.52191733711809
136.4519776474845,116.98975954520725,97.91600489753873,46.341842350498794
144.440792476488,116.59105765689242,93.11430643033046,47.13924612712843
152.0549715271991,114.52554710313814,88.7801926182899,49.09141837676066
157.18142329771112,114.04013114454054,84.9730842354996,50.06225029395587
161.01633298300192,113.42964944091784,81.5206629683502,51.283213701201234
168.149569519878,111.16191480437041,77.64320513048786,53.74087992711817
180.7301053707516,110.09534911528893,75.14722563150326,53.81354837775726
165.7979761053419,108.87905374400371,76.67661532258424,52.19830071465074
157.93133347078873,103.30501760001411,78.26742824382985,51.22425384732077
150.84788691792713,103.69126037916126,78.23768400472251,50.451768289026475
149.39657624933847,96.72369060876976,79.12554421208225,48.268818791268735
114.36866008105072,116.24412075867718,79.48084986065376,47.06538726494169
107.33243162558674,117.69785131933837,75.76533512771209,48.110808731145916
107.05111222035569,116.58116607800469,72.4507451560266,48.40556482273951
108.96673730346548,119.26568100547104,72.40711165989782,46.82415163789763
106.18660253919849,120.14994998966468,72.36691864939874,45.055613669510336
108.64047759501884,122.54358446289848,72.96904825027075,43.941597864717885
107.57815972091538,118.99782828719714,75.09368399847766,43.72562965219426
106.02938274537253,119.11323905779915,78.19123794956337,43.49480811099021
107.84476671970296,118.26623091401837,82.14743507529822,43.29208312995285
104.61542310384311,117.12597177794163,86.65453273064624,43.62101182573461
103.51698154924595,115.79608354377689,90.87482319565643,44.257380938248225
98.38159078881236,115.68878697087732,94.85709520664108,44.47197408404736
93.75024128483426,114.41043226839821,97.64581466729686,44.870690306572115
89.44297923328661,112.49345042646057,99.64369399839765,46.499105733115904
85.40855048383627,111.83285130628505,100.92325604051015,47.820303973466935
81.42880620450967,110.51929167505084,101.96835456045034,48.14262655636438
77.76659154333669,111.31617607205906,102.31583647126878,48.87450689952376
76.41128561797335,109.73383282216008,102.6829779398063,49.69572301713259
69.94222456096838,108.38805646886252,103.80552187442898,50.02416008785024
68.60645788257165,109.02879630097647,104.09184118689593,51.12789446794887
66.00853748460646,107.77171473422533,104.47054768306634,51.23349045157117
66.03995773036232,107.44449999955782,104.40770719155465,51.8879199209062
64.7146551022457,106.20400794593971,104.63195312721263,51.94254470756721
63.3209733398366,107.15811707410623,104.98873004820132,52.46491305506366
63.02546777295284,107.14531332814188,105.57974118196884,52.49052054699238
62.952426956685834,105.87472757936575,105.72582281450285,52.577746917281225
61.73998572550785,105.64185409965692,105.69311202890907,53.04349387669888
62.78228808762868,105.98348793123304,106.07368116173835,52.360226213546625
60.34120240995454,109.88703649199763,106.03802500770074,51.92987035609628
59.33508371427055,107.66703394819667,105.59933372511662,51.46801809579401
63.82672494531945,106.22591959605471,103.9255544707945,51.913745730819386
60.52299035769531,107.40365650928615,103.27377513793353,51.978021407059586
58.841685294761454,106.33841552373758,104.22506867299536,51.69718678735086
58.11626235841777,109.08294354186278,105.67591454568273,51.04889787820068
56.5835494983836,108.17186098700807,106.31100318875043,50.440725910909464
56.443738925912996,106.9107352169392,106.59062433369164,50.533962530085134
56.58446754303809,106.59194356532095,106.30916709944145,51.17154583332166
55.249226053540085,105.04324558845941,106.53793642626582,51.82722813487309
51.55255857279481,106.33732205253008,106.56191800945376,51.69552633283264
50.62181247569313,104.75168515021608,105.9688968127133,52.41228674651684
43.70466037477405,105.10398217494607,105.05350038326418,51.70769269705684
44.06114555935185,106.48508596806867,104.34053001410858,51.378167487183326
42.08698518019814,105.0072669490155,103.45576376414402,51.91726202115369
38.5525276538957,106.06894768601654,103.285884013456,52.206832148249234
35.87045157778357,106.00344653713464,103.81913994132984,52.33783444601305
34.73788911095912,104.89996124841207,103.65873982069974,52.11927996917921
30.983608289620463,106.15580804967382,103.90910887885613,52.02698389482937
31.10836199444436,105.03138536063527,103.65960146920834,51.85436131916876
29.895646186690968,107.58546429943706,103.6702047072005,51.575860196594405
29.831862343906053,106.52906337593906,103.79777239277033,51.278498725844685
29.921795185933505,106.55610698005464,103.61790670871542,51.22441151761353
29.956588002297238,106.51202516234595,103.54832107598796,51.312575153030906
29.92530299031803,105.17124178337866,103.61089109994637,51.59032192558363
28.485877171902878,108.81191972353015,104.08019708382623,51.537603004131974
29.567543337594167,107.78219212949466,104.33236426516946,51.18155867947711
28.16826910434436,106.63916479824596,104.71789863351509,51.05459924382051
28.020976756020275,106.61296106754946,105.01248333016326,51.10700670521349
28.064018817909812,105.31301765744098,104.92639920638419,51.28523514627845
26.87012871898682,108.9112916686255,104.89068418942998,51.359172768310096
28.125016456205195,107.7422910089648,104.80516521131064,51.27291759131408
27.228841219274507,106.29454219884325,104.17600593313578,51.74690545952095
28.343516664991654,105.00690207405479,104.36718187027728,51.901658880522035
27.0929861029974,104.80375302193588,104.44223879211509,52.30795698475987
29.596171249867567,105.91689051344731,104.30413784352811,52.51581667431364
28.528725989851118,104.48964348249041,104.00332199172244,52.93460436438886
26.951122695336636,107.1512579321401,104.7199974272487,52.4884377720949
26.981973254930878,104.69352674661309,104.65829630806022,52.52125268944291
29.172012664400647,107.32489044545294,105.1601928801641,52.14050068280668
28.36320190834092,105.97336600936801,104.33607023788848,52.40180540058143
27.326312724842325,103.22188348342405,103.97564558650274,53.036364415703474
27.306001529700765,106.90297506351678,104.01626797678585,52.993825268583734
26.50696844512742,104.4084436928326,103.17459113646505,53.103401991017094
26.72709203710569,104.52858623470513,102.73434395250851,52.863116907272044
25.404138859645023,105.92771263498787,102.96156670242534,52.48354771171107
27.03604573557076,104.70959615107373,102.11322460549887,52.50430902461436
24.920569226448542,107.2187192631997,101.5374077909952,52.29283263311052
23.813592076953086,104.85661091784823,101.3600720781476,52.23446930013643
25.290193015860027,105.99819569629244,100.79455181237313,52.338981355287395
23.159761500120823,104.65607885000377,100.29305874458984,52.64203699823387
25.228211815697343,107.0661101687999,100.91419992820583,52.580016175410655
21.785582750750343,105.76821433864272,100.63820917923839,52.78872487610452
22.88076341551521,104.58388522164827,100.83446349365012,52.770767466151945
22.00656576969127,108.33076549515404,100.1936671528061,52.44458181661613
20.682975992522586,106.0943517593181,100.46668059964006,52.16907707328117
20.526985082740858,105.89796565720376,100.77866241920351,52.56184927750988
18.286195932116392,107.03943909718609,100.49068246215258,52.663681526695136
18.311185984916733,105.81609985782316,100.4407023565519,52.72806206659583
18.22558942393306,105.69862810751651,100.61189547851924,52.963005567209144
17.094216371985382,108.02633675550584,100.4854183533906,53.086034729278474
15.622751453462627,105.79618811976577,101.03887223532487,52.76738009053614
14.630063154399096,109.32647330823369,100.63211149612704,52.88322172557497
14.453134501690528,107.04818166585994,100.98596880154417,52.663505365791984
14.596624289277202,106.84260437583409,100.69898922637083,53.0746599458437
12.508286031774787,108.05637052893394,100.0908222479707,53.03954938634648
15.96052667070414,106.88936615552186,100.33496028397178,52.99068502855073
13.863243405273437,108.12951400291695,99.75827521037606,52.896015135989096
17.45668065058441,107.02381988989131,99.69795188799792,52.73188630595911
20.975775327669673,106.96756950789457,99.7752004107805,52.84438706995261
20.854853763324734,108.11362908889708,100.01704353947038,52.92714797795337
23.08063107343765,109.2332626462128,100.32520592485615,53.067739366127775
24.20597185438414,107.99189566161559,100.4613295275261,53.163668170759244
23.959449819899746,106.72189757152015,100.95437359649489,53.3132100291885
27.435757979492905,107.87813344659796,101.20257985435072,53.40101247138028
29.762334940685683,106.36145517807992,101.36029086474024,54.02893654202883
33.755126560558345,108.77383840617598,100.6302912813819,54.04122585676137
32.88372223230153,107.52478863617702,99.96511093235885,54.131336391222604
37.98776740022031,106.15527082397912,99.35593994702302,54.47064217799295
37.04247808380337,107.62000612884927,98.84997318764572,53.93771696046382
43.045939235054774,106.48842274688522,98.74292679852644,53.82090854171521
46.25108220066657,110.3865320970824,99.4618399907902,53.153888964808196
46.156989086159214,109.22731123508669,99.65002621980491,53.09675414528631
49.663270353154395,108.03919419372365,99.76956606032807,53.0956207698412
46.05229704710693,109.17709597638665,99.85418999289834,53.198924764356725
49.79030928173536,107.89904330550992,99.52453992657132,53.37290530513357
52.42848646907417,111.59086779523024,99.00869179129234,53.13001568479089
52.15226559903003,110.59040542167189,99.56113353138062,52.7624462807838
55.773998865640294,109.402827301592,99.42863988772427,52.767278224422185
55.83781050658013,110.54598529439555,99.30101660584461,52.84941993761876
58.2555023039033,109.4311669274616,99.20161020181189,52.71106807617983
60.49666414448746,109.42933541620226,99.44759139184045,52.714731098698515
57.9544854695379,110.51029717399409,99.79627897681368,52.9206424655778
61.43954348782915,109.41645429817837,99.9556594589664,52.73182937763085
61.51826286526298,109.45404549089817,99.79822070409872,52.65664699219124
63.97621125664028,110.60363955091844,99.62631532781432,52.72945457538577
65.24058574306825,110.65999354513701,99.46828339228051,52.61674658694862
65.28361125322314,109.51945085046269,99.38223237197073,52.531374402108014
66.82421383124276,111.93529595117707,98.66475340311952,52.427136575055286
69.30062807587225,110.935854445417,98.41468685843252,52.07463861428941
71.66697610878113,111.97707355787286,98.36529618876489,52.33385308745276
69.06766095959202,110.70535658469316,98.87317920349352,52.53191339198737
73.47781718290616,110.74442261094408,99.4778495704446,52.453781339485516
71.12864196564729,112.03823376663513,99.44859953693056,52.229959262119344
75.78886686438337,110.76827734970426,99.56625078983205,52.41034683338764
74.47478563043805,111.98006847012454,99.83005904379006,52.35111880647976
74.34504169690793,110.93797253018289,100.08954691085029,52.06809560887029
79.08489814585207,112.06478508052052,100.07447865600575,52.18063166895599
77.52957978193807,112.06616003575654,100.81723959411494,52.17788175848394
80.02021927809542,113.23153796168468,100.59343652493264,52.22586386819389
83.19889297971554,112.19817188198196,101.36492132699605,51.916318625831444
83.02016884144211,113.47063722532104,101.72236960354292,51.75365692408615
83.793576303676,113.63447698950962,102.56025973265557,51.425977395709
84.83491751661519,114.91593394639219,102.8688982599646,51.25438443513126
88.35306973878315,113.76597720066394,103.01120482555416,51.16142758994596
85.93601263348071,117.50717705150855,103.05863231621066,50.85905796817932
90.39296986141059,116.73652539692246,103.69991047816241,50.01156312289859
89.4608570560696,116.69455583002164,103.18068270964196,50.09550225670022
91.40305463717793,116.63629277810186,104.05094971810317,50.2120283605398
93.9495118447374,116.51511596032327,103.74216276218374,50.45438199609698
92.78838131299642,117.60282287799573,103.6726572262217,50.67073476019604
97.64409721745481,116.18414347675363,103.53925672218432,51.113585736460365
97.50431989054825,119.67449807064637,103.81881137599746,51.333593999438555
99.85140008819432,118.6617810149777,103.94093295138529,50.950887125435855
101.00619005875654,118.65796102339982,104.03464346172996,50.95852710859161
99.915199607893,119.97131861632298,103.81183166237301,50.73660462382936
103.38186291906011,118.57975533942209,104.0715598817047,51.12204623040914
100.95645237630725,119.80723696603633,104.10604253617133,51.075252192700205
102.81965778513094,118.47495614845617,105.19535483043279,51.33195227190609
106.39412568506026,119.57885850614232,105.33112770515339,51.55238378139353
106.72711089514883,123.40629581132556,104.66515728497625,51.199648764858665
110.63585289942765,122.48838843887923,104.10224937248303,50.61727147772988
109.6282918540336,121.17213179574432,103.71751564801124,50.849928948739816
109.40951658518595,121.06934957511812,104.15506618570654,51.05549338999223
111.74865650903718,122.22439457537529,104.29325699914602,51.15363872004886
111.62127788643096,122.2038061895678,104.54801424435847,51.19481549166383
