32.5,60.5,68,78
37.745101767080854,62.463393035499166,67.9991160283245,79.9668056664934
43.47008913770769,66.86711032375308,68.19047016581058,80.47243419297739
50.510220501238344,73.0736316458588,68.14510640487877,79.75514068720722
57.57573260317453,78.9998686666722,67.97814025275153,79.53938168870134
64.84159867070575,79.19608075039137,67.37436579439424,79.146957521263
79.34525238260576,85.46395403664003,66.03377432383189,78.13900926261474
86.46667213809684,87.27124608429202,65.40155005640433,76.79286104123653
95.58532022183505,93.47428957094216,65.06413349798925,75.57419882359957
105.72033104687219,98.32522731954707,64.71318388328505,74.7252442309987
114.90421227078915,97.23647382167817,63.90114269235164,74.7082860696239
123.03410090630639,96.50801565323732,62.90952972204187,73.98403607783064
132.32269989786403,95.93738272801853,61.56465058754236,72.97126207219125
138.39158705866097,93.96058812306724,60.0107321535044,72.69130892707145
143.07262421043296,89.52647777559179,58.9982950274054,73.20989244457742
147.6210193396882,86.12414260890151,58.21754203141441,73.77753483106835
153.04535317672946,82.01029810516378,57.744118042058616,73.7050288907624
159.58702923327695,79.931622782816,57.058246669822736,73.7298859551716
168.98160055817328,78.36361850032795,56.768316212654526,72.75495847734229
182.42951064465353,75.62283606694476,56.33852902789792,72.12897726990778
200.4921229420774,76.80682134029342,56.56045455739958,71.78029284122984
216.7218201770487,77.14508997575668,56.381988594774874,71.10375557030335
234.87192768284854,79.53143088134911,56.15917703903563,70.33967414310298
248.9798148638471,78.68483273860446,55.78906998348889,70.04389419241723
263.6117507386325,78.76033526789502,56.20179991178378,69.89288913383612
276.7098227515525,76.87829795552025,55.78224695790138,69.69133436289987
288.29953760444687,74.73680304133818,56.277910270234244,70.02847535491046
296.32695378296324,74.01763340004673,56.11210145977207,69.48068669417202
301.29669470339593,71.86960093391905,56.04779965691065,69.82667961122576
299.4218191091991,71.11385665016846,55.83894299306703,69.35886425260824
294.62238902244815,72.63250590293157,55.59408863392585,70.25905156013927
283.6785344654375,71.42534674118079,55.717499971101205,70.69479735847301
269.66382594824455,74.34812323463609,55.92543594953686,70.81099031212315
256.64051883122374,72.3349065685071,56.070790063916206,70.85261439520232
240.31547201597198,71.54971894122932,56.794450789001324,70.42758759316924
224.1048354748388,70.73974407921003,57.20582378912459,70.04691856207387
207.24445382844868,73.17277438785385,56.90231469175242,71.18514130775428
191.57942334499256,79.38743983460685,58.022560108620915,70.8397366342658
180.09875973251843,85.01478122975169,58.68890684346016,69.71913588493474
172.2110843089833,84.75560888013223,58.30179454621042,70.23748058417367
162.79788508652072,90.27273248428088,58.9296739130357,69.3135217525985
154.31415572648257,92.95538487258605,59.75375561473636,67.98406123058207
146.20703805514376,92.92841592357692,59.88339082630097,68.03799912860035
137.92803150035894,94.60919469447762,60.33351172312665,66.68992811339194
132.23446354631108,95.87464662121755,59.72219032053758,66.1587671450262
125.76979540460289,98.79215920399244,58.77942143699097,66.26892990817487
122.84228494592841,97.60512539341954,58.729295847869835,66.67461536049727
119.78887133315234,96.36215989108004,58.914502413294755,67.18667281180058
116.87247367874161,95.38699396998794,58.79296737307776,67.15222787097196
111.88214471211658,95.5105477416904,58.862143155285565,66.90512032756703
109.99579356324986,97.70614278167133,58.67569735201597,66.47307834860823
114.46391241968158,96.97373868307734,59.58891114207006,65.96799624521267
121.18335777645075,95.72604803953257,59.98647271680767,66.48674149111991
135.0465550126128,94.12465224550792,60.134727757078295,67.69848668541246
155.22133923394534,91.91426369864996,60.029965526504185,68.09478315791925
174.55036481300618,89.89243454034434,59.68946209491415,68.10501539805348
196.18119476063927,87.033296996995,58.66762743223262,67.78902973724007
215.34784054696823,85.24255764602364,58.147145110253746,67.390212728585
230.28281515902367,84.51952382429016,57.911588105615394,66.86065422408711
250.23074373783928,86.34611461235218,57.28879694655251,67.13477924781989
263.2558545561127,84.04101146170801,56.69117203991238,67.82920143681488
277.3144228600481,82.57131904437415,55.999876163958504,68.80959764777428
291.277451624749,80.14756121421932,55.55461177327714,69.73128571683813
303.00671619332263,74.76098905280212,55.734233938344886,70.65520033041628
310.886438068533,72.5388437434091,55.87010412661837,71.12566246452877
315.46613448660287,68.59388752934709,56.692324281911155,71.03028449950668
316.1491226784242,67.27409026943691,57.3345566409796,71.66167027661598
312.93045364990087,67.61949642504071,57.68698920981342,72.99915979481264
303.443131573284,71.19211785478046,58.17099940573453,74.07197647191654
288.41048181691224,75.60131021905907,59.13310627852061,75.6475891147727
269.5840603449569,80.27591907810424,60.770707470999,76.89108955886829
250.5493974435846,83.02084606369112,62.04891982693417,77.89378501948443
228.14183228692428,86.245384555378,65.05858274474375,75.84528355142764
201.59026432294718,87.16115503650812,67.16307313258298,74.0137425891674
178.53278690432163,92.15418969319163,68.825978955204,75.14068552945794
149.3445355813827,97.20406392549009,70.53632485315285,76.37416841444679
127.42852676594848,99.37063529526705,72.7326437369746,76.66721442456476
106.31509501542442,95.46025227328903,74.96616257301201,77.43033140998949
87.55838782100756,85.41397849519134,76.48158167829297,78.32394814829007
66.44718207039112,76.68983700552147,77.26072682947361,81.14519594525846
52.66346391540833,72.17907098853252,77.38982977372379,82.68354615222307
35.21137275659706,67.14165180595914,77.00706915876634,82.67640082234695
6.055505903045194,69.92533746640314,77.48980948351242,82.13763762166397
-0.3119702116971723,69.49641665870729,75.1434517900103,82.99547923705566
-9.941175276037544,75.04097752665965,71.99537840943162,86.84401317399055
10.089114125089715,58.23012172475693,71.91358047689361,87.98296532115134
-8.256822565062546,75.85920419744275,68.36745718342068,92.96279704955714
-6.4771030976580555,88.2759619798095,64.8080182486117,98.52818531630295
5.805224365461804,59.372886629246764,65.82819756118649,97.48921726815504
8.910627838449926,59.36869198643512,67.29684121793181,94.93778968620448
8.978162111284881,61.582556797992964,69.70736146648373,93.05564885731062
9.231122674997884,63.84274273160338,71.75803573591335,91.0918723869454
9.527838143673634,67.4289034097845,73.72464789146824,89.03963721639593
13.630133346173558,64.0613752568049,75.76157282829732,88.09355701598342
14.33132782657485,68.06819644422293,76.93775195060546,87.81561889047953
29.8272786427141,71.33775037475819,77.06337531240199,86.4627651950882
38.87135254400064,76.4421143675984,76.99428496245864,83.9764904033919
41.867262933300076,83.49473762106201,76.0712173724069,82.54312686783251
54.549246164104424,85.9954836528595,75.68068898962288,82.53632242000248
65.01692670772451,91.38124064374608,74.67350109765407,84.21991668527392
78.32508020988197,92.59100705134654,75.56961582620794,84.30151311851564
97.24455760353143,96.099399245687,75.48140968399429,84.83487845885176
114.38729075905958,100.8918406394346,76.52622408778686,85.34436158988478
132.14003060783293,99.32583948939532,76.69550622967984,85.92816661571764
150.17331815399476,91.67490719421467,76.46852077720136,85.87020707471672
174.69488866112422,92.41018775148015,75.97880331933845,84.39964596018575
198.07084627280423,96.620497232027,77.1976008523289,81.02857571028684
223.99299444501662,108.22821863524493,75.18466881791531,82.72881505885657
247.32071926495922,106.07096570880303,73.27932412014641,84.55720397051172
273.97921147742096,111.9018897506761,72.12692381123973,85.31549496200769
298.48626753405944,109.50190308239499,70.18022846848908,85.16100337535666
318.03098842274704,107.70668262477596,70.18635520257926,83.86449822666151
334.13063024323776,105.96748199427265,69.49394702766234,82.49568787750438
349.6169163570461,103.10391497214427,69.60888780507622,81.04878045906182
355.04409143347635,98.48825394729081,68.23794211823261,80.79669804275188
354.68768223376884,95.79390079763542,66.60584249016752,81.49556828710261
358.6541964710117,91.66413821423717,67.99024209058513,82.76702239772175
348.07328608594935,88.66445899725431,70.1818444519771,84.02382622950427
336.7096387611386,90.37369611271289,73.50122981542661,83.03134065935862
321.93993156497896,86.6533868542335,75.93733254503557,83.0801469046691
305.9941939520885,82.1070579263032,77.78584042027336,84.66206292289394
287.10726079631036,79.17987482007494,79.75244325166085,85.4011057810406
274.6933681768032,82.24777667768662,81.17606191918028,84.4662279705939
264.47155360404435,82.81706084783866,80.75240028241168,85.93607097807562
263.0503420590723,87.06714311730434,80.97012542200618,87.93469824054256
255.8845370050945,88.4208259636016,82.00496994345312,87.88668566524977
249.08333047995512,89.86353327654122,82.23209163241987,87.67632931163294
255.57825066521445,87.3992211873951,79.94377024667429,89.92957374373188
252.36828761432037,87.36699787572353,78.3416513398914,92.66803536993203
240.60432142256676,85.4839148954202,77.65326299586725,93.74349902747966
217.96930504554786,79.2969920150039,79.78431124283372,89.94022559816052
200.62329491263142,76.82026258625433,82.41676175730257,86.87879201781864
180.1533909271842,76.36390159883086,83.36896672214472,85.12567379226205
167.82196807637865,80.06305232720803,84.1510067569053,83.03421803925228
158.56790298464443,78.7999204633029,84.22937243683015,82.92765826655634
160.2611696861877,82.40740343852264,83.47521326337885,83.60981500502264
176.02529076667383,84.00554264905574,86.153352067519,83.0447966581958
190.67093021958715,84.76055857064577,86.17075200209925,81.53476481501576
212.25519657842236,89.40363997317017,85.25469087366524,80.17094043294881
232.18024887929073,92.80598386977576,81.87207318357251,83.7855346144931
242.92759352463824,99.53868758042641,78.63854791386329,85.97255349689388
251.00072371151123,97.70335693650986,75.45057508837033,87.0515572750764
254.85799803388093,96.39130551410267,72.85094220753793,87.11820223793727
253.16059260458354,97.87768622749809,71.21236700311363,86.66213384265596
250.17849008697837,100.80063851995664,69.72686827804222,85.78269843126007
245.50384443975483,101.25470049091193,69.29334289301545,84.8745744893495
235.74808644151784,104.70495188065497,69.40694408776105,82.8235504102955
232.6305831410604,101.37779108219438,68.45694520301538,82.29286652155614
229.525928150644,102.42973723118611,67.55172002147286,82.56048594436444
221.9784853916956,93.04907782208215,66.11949423109594,82.43367755311668
223.4248719417766,87.52719258365377,65.56261166241424,79.46210484109142
231.9447439130622,85.29002785068299,64.49147727659226,77.09274449699757
247.1136709518052,84.95498245920481,63.11065441701683,75.53537134011465
264.18518451613437,88.91357466627022,61.68576340479876,74.16181414927188
280.99531901641956,86.81822641576221,60.12162332610958,74.07836012737043
295.02899456775395,84.95425751116069,59.49111490302887,73.58524521663682
303.6374951905345,82.13158668759276,59.01611558327839,72.95233614159372
310.11632190977315,75.31580918104034,58.51052771009532,72.05648132852204
315.13981533389,68.7627072087151,58.730566173854136,70.78884983638284
313.2110897315708,66.75039286092004,58.51308788782251,68.70108429596783
311.3380515522613,66.50714769055003,58.25563219724455,67.18580861210931
308.2060538558196,73.1107001925692,58.597015863554304,67.79813097007576
301.28818773738703,78.5662535909334,58.50865752838776,68.82195894937466
290.5875588408549,91.4032072204727,59.874300156602054,71.19791292108593
280.4899115552101,104.99266448329216,61.509770343035605,72.88983632744547
277.4564188140335,108.1917569803356,61.232861143529185,77.06480913645808
273.2862988572709,108.56938567717262,60.87571935470305,80.6582425939597
271.1232531252211,102.07014741780773,60.75494757883048,82.53956101275918
264.0048102419237,97.0558310355218,61.491367700486734,83.56788334737195
244.966546359806,88.02096034457301,63.12350763721483,83.41543081551588
234.14095221742772,79.92684406334025,66.35740118629093,81.186368642301
217.19306561442974,78.66147057262756,67.76493911279492,79.07593915522754
204.4493333651164,79.1426758910203,70.14501329178962,78.11352851844205
208.53771426840817,79.82724713063234,73.63793622863757,76.74438603921796
208.9658665747908,81.01595798146464,75.14973084117271,74.36696433755338
204.92997585649434,81.68969231772957,78.51234116203274,73.01949566502351
186.7655152461133,83.34829960512155,81.43815614313027,72.08821725021558
165.85530464472458,89.92264903914179,82.1760884570289,73.43922034295584
154.3216779461165,97.3998951826946,80.7466518763649,75.63241104036635
159.8950035695354,97.78079676167367,79.44933319146804,77.3329410228935
163.3604093915917,95.2620340139109,82.39434536129446,77.43255461144949
166.53503198264565,94.28929957697532,83.59506761701797,79.37802348532065
164.63584462860425,92.90437710781708,84.82715176358681,79.5815778621232
170.1639962341863,91.29548717256992,84.1259860540228,80.21057335721748
181.90237514740383,90.4480075601207,81.35157759812108,79.31773891079925
191.82583968615054,88.40186238785012,79.21587195511783,78.34967970262892
199.80839342804757,88.37999895619652,78.13879185118637,75.91206866929234
202.44518045544757,86.26718541359014,75.29115224056999,75.28582686613781
204.36228679926543,84.62286832147835,73.828230562118,73.83187903199396
214.43257599972145,84.203303945654,72.2905006125878,72.34565172721996
221.18803396318856,81.54351708818957,70.16825789125231,70.83202151878959
220.20762951521436,75.06489062418024,67.68812540694056,70.4664503060278
218.70550603204248,73.02289497720518,66.34126713137078,70.19933635806433
217.93809417908955,74.67251856328178,65.72605971622417,71.20015142801607
221.49264297712497,75.94224646818074,65.0846244537695,72.97247050729557
221.61789597090802,79.64086831945622,64.83411846620336,74.26818742090012
226.37705891344484,79.79517120249234,66.26243071384589,73.95958165482787
224.49555038545466,81.25486600142261,65.61067020008007,73.24758084184039
225.08824426289593,83.61154251102059,64.42528244519751,72.9060621334347
231.54879025604194,82.27856469209009,64.47419331458043,73.41035062868323
231.385489914822,80.92206718983472,66.97106379259132,73.95307583762295
238.54552915284188,79.5846596421116,68.1811624956936,76.6278909330692
252.35141905910854,82.81565897540727,70.20271951753955,79.28384206167148
272.6821621789326,86.27219430693802,71.89582495495871,81.78290288240271
279.34943394739014,82.67315483172922,73.07459121491132,84.14321190053103
265.65996152323754,77.24609201759083,75.71017153249905,85.09999171652083
254.10215259421642,74.36548622147535,78.57487740932069,85.79847531344662
236.02976514017448,79.73911212305725,81.0765394605349,85.40295054316583
233.71310303057004,79.49003396230897,80.46685784503133,88.52260978201866
242.29201158468214,83.64751302016779,79.27201318901142,90.84963330110389
244.160142975296,81.44186715958287,78.21327999313375,92.5833954369237
241.35621522163888,84.9706442746527,78.4464747648126,93.58783231023722
227.4387121094195,86.71537049565116,79.21571001504853,92.80495696566058
209.29757244459228,77.82114762252067,80.3086425770653,88.938420085683
191.86672372882995,89.9667053635892,80.53259738496268,85.96283852577811
169.59086756017803,87.58036081614947,80.51665566031407,85.49227420160435
153.2536977894228,96.32162642340418,79.20873158547707,86.30788493435891
146.12504393266414,102.54247192727307,77.83027069812906,86.896001094009
143.20416127880134,102.17956224913374,75.89263947272504,87.62182045028767
150.23038975115753,102.26403983860936,74.70705313601445,87.45286527133642
160.78673774740383,97.36992259311462,74.00817030812325,87.0341931800252
172.04297710931718,88.96823486571255,71.76789407026209,86.0993914596095
182.6949790426761,79.79219493437506,70.33218268166362,84.58317884416512
189.45073624313406,75.32217436281869,69.005818068138,83.77510015736563
198.16214766490407,67.78689383679502,68.40530109939604,84.42654188815752
215.31543615357765,62.57341049458711,67.74761649963395,85.23953932183474
230.40225738200124,60.703450107153074,66.43765093867643,84.1688472807212
237.05169825436943,59.878906319319,64.97698421274849,83.45029185262766
243.2166759388456,64.00100742277691,64.31156412225603,82.20481081278774
245.4452960973491,69.38390806374468,64.4604015768776,80.65116507410924
242.79465082233682,74.390239036487,65.19836674232097,79.76515389778699
230.474818446349,76.26082049099637,67.03796291662448,78.30399784653547
212.18933041384742,81.5336738691934,69.30198772285863,76.90681142581317
197.7360811908615,93.1877370974531,72.88954422978415,74.31418291942254
188.20790130900033,94.61233378222798,75.71891146171731,73.78313134012838
180.61837431841127,102.61283159764966,76.77208421479139,74.26233047540643
185.61712467661295,102.98155706422713,76.2882339863945,73.52487954225148
178.73835951158554,103.04045136002713,75.890796566984,73.40709095065148
191.22595698059354,94.88271373635811,74.4262666040332,73.26510071544396
200.39159167298962,90.92838203704527,74.70163988547279,71.87044278095377
209.22489990237221,85.14418773514271,75.49993637859801,71.8982607898274
217.95548366866464,86.4849680398838,76.60723446970367,73.85881658626784
223.59237384799252,84.78288226648527,77.18068053534469,72.52409756334615
226.25155788213277,83.86827996572762,76.57685330377036,71.99603174650835
231.62280717280538,88.5513942699381,75.19216445022039,76.66651772978028
242.1713987653298,96.64837237376118,73.22655832460326,81.99558571399481
243.8718859215458,94.10458546063944,72.26905184926082,84.63969170314874
246.16435149372785,92.90257553471585,70.15320391666816,87.04371155499592
242.85760912890447,90.58342520556498,69.35078809732727,86.73807851397257
230.23064864095105,89.18994502139678,70.06194142047974,84.61648535175809
218.23347817920734,87.1013138237386,69.72444891101848,81.49419771718988
214.4962549718239,90.06271373726375,70.06011921288689,77.95098992777241
208.98314445010612,95.49706595963356,69.436063535789,76.40250685945952
204.99387784223418,99.62583422436141,68.23053579593858,77.32903128559812
206.1528766885288,115.4658034315105,68.20369494945388,77.72528871676344
207.32010424659788,119.0444406964133,68.1661107736997,77.45862700810974
211.58261694835207,108.35520388467208,68.80962696813164,75.91574663674147
214.92589438525025,102.18585483588303,68.95843048414787,74.58372795469435
224.1308387193489,96.38110754533545,68.62912127469221,72.63278794173328
229.6634157683075,95.24666602531217,68.68583524272066,72.67729736859073
233.96387039538646,90.92672468612496,68.9888027936774,72.4133032418504
230.64555247159592,90.68102465992857,68.94551397528528,72.90470329424316
222.74718536700422,86.29679994818785,69.10673914243894,72.73857612227906
212.80242438179724,87.76301651734232,68.8938482152642,74.27334585010095
196.07731199707067,86.37129341903682,68.53101982261573,77.05679204671198
195.05245069098285,84.27490793294264,68.28900402949297,81.24956301890032
194.5361417296096,81.67773828789024,66.96889614038813,86.44390230900513
198.77627847511906,61.43728086846124,68.13293474013878,88.34756878478483
204.58941277019278,63.468482727083995,68.80223613041233,91.6625070557919
207.25062963051994,65.0526665822987,71.04155672249587,93.53530888718777
205.315001782421,63.58111873655557,74.91281241869378,93.89270189181187
201.77108915314815,60.67035452525515,76.69233691091499,94.40592954808821
198.0474085602666,59.13462105123428,78.75800110799335,94.7865480017876
193.2757856826459,60.823335399129604,80.11103893764772,94.13918861452595
176.92113106728536,63.192124390850225,82.65973365927539,92.14348467736593
170.01012030519746,63.0879038317247,85.47458099597037,89.60013224874677
155.77018437089026,69.45494953251958,86.38554566072048,90.65049444908917
146.68516365256212,72.09638628979886,87.8289858661879,90.9431546782602
132.30984989953384,74.33024809306363,88.42758826918399,92.10583609234277
120.83993750392477,78.38929778553783,88.62422485398442,92.51643228480103
118.76358265595204,76.22371864542237,89.92449041210227,91.14270228937676
126.71131376199058,68.1486352120487,91.13764251712288,93.03569055854267
136.59310096580145,64.694248656429,91.67637071855661,94.14380578148052
155.21526297207095,59.02338339936156,92.47313414236399,93.7805863152011
179.84945467106337,56.46266896787746,93.06764435903838,93.0357923999741
198.9351135205924,62.262165870865545,92.99624270735723,93.15984968549853
221.3776547307737,68.52010475785477,92.08503613404969,95.30193052720507
248.81070124543925,77.90789047155812,90.3345516368826,97.18242908452882
259.96869538298637,86.2432726532157,88.68628037972981,98.22685073659207
268.0324519371046,84.39236410143398,87.27154278470894,98.9861127375124
265.9287189020612,79.84534934170149,85.61552743480794,99.28492012699573
258.99549082114703,71.7088653738281,84.9328430567853,98.09891941492135
249.659985300168,78.24494830821794,86.32070393177558,96.54885365745349
245.07755005132736,75.59915736037158,86.84944682638219,96.08301715109644
242.18090443542252,73.32062565596729,86.8829208519559,94.88026335366906
241.94908223094455,74.34926264235092,84.48484565767396,95.6847089841396
240.200718385036,75.3912072644504,82.3096833776751,96.43676472584862
236.72460343007185,75.470540451638,80.82379541683086,96.27809835147343
225.6061504639288,74.76817637078528,80.76989928503663,94.8964762551688
214.2154685008408,71.58369680653993,81.43796357778758,92.97294802112516
204.79787341474776,73.39379848016989,83.8023955196016,89.35274467386523
205.4089844815323,77.88346060529489,82.5801733860325,88.5529274991882
206.95617288266794,84.26207372192479,82.18039566801357,89.26869668719041
223.42262571208067,87.49964193677832,78.9409864224981,90.89178655202244
236.49201697421717,96.86787662348561,76.85808720624878,93.53832456351773
245.4194863088793,93.64128494515232,75.08429980038053,94.63112416569894
253.8445131179588,98.53878327509041,74.24373713368269,95.50912147346347
252.78365746418754,92.82351715435516,73.69742426693239,96.267557017763
248.82937297945048,92.58727615267526,73.5938708681004,96.74003902112283
245.74246727409485,88.14784306969939,74.4152319760166,97.59022973288185
250.61643453696126,89.18365514654641,75.47767289052123,98.22119943924719
247.75119850910087,82.96918200238841,75.74905115678524,99.7319581486496
236.30945132600206,75.3948578753253,76.57638006772599,101.0955029932403
199.50623761092368,69.31498681317233,80.39996632126342,96.50736323515761
170.03900753392605,69.84272411591834,83.67335172322213,92.66883489206374
159.7199401423407,74.84802112102827,84.8785144297664,90.98665748611242
157.7222160936894,75.33825059397375,86.10484990597263,90.00619854022143
171.65592284438688,72.28320443828656,88.74299063956089,87.79659424205497
197.4876048280059,71.31579863115402,89.9023048340029,86.95126490044214
238.43124566319244,74.71988135426066,88.77998405609812,91.28309406008654
276.6509729269775,73.4655201675036,88.900933774648,90.95624590596658
293.8884168497881,69.8352554700786,88.41424947800317,89.71972441357252
291.26709235528017,66.12493923772391,88.04641727103458,88.72463508430515
266.50346153293225,61.51392263182737,87.46544131538619,89.59529536270753
229.27197397346924,60.26561936470824,89.4324181948738,89.303594272352
187.42639711154243,74.01648755339866,88.6813667875461,87.13451943432557
173.02198579983582,76.11044078616945,87.034188851608,88.48406761593877
171.31121778048248,116.28983060455445,87.69168143582361,88.2825481594089
177.7019683300701,116.62216957504744,88.7663993604063,87.61787021842295
192.62609824428876,108.5703308554526,86.6950426411021,89.83309610304603
208.327712996914,77.40343303707702,85.87028277657635,91.00995245834784
218.2662907987047,83.6941782469506,82.70445625392645,92.35456960604357
234.96440849232113,73.26718400260214,79.62188540565775,91.16225661185747
241.66109358455344,73.3117601950638,76.98042937628405,88.3851256881614
227.85287783612415,71.0186279309247,75.96789571451487,85.16349062772292
205.21746780712817,82.42422316565111,75.5822755738715,82.64405135766357
200.82125161702044,92.96722655741469,74.41017722073943,83.97823872416828
202.39072307561844,115.25356097379733,73.76440202030179,84.28258879305262
220.8925598483574,111.60270770706441,74.0739884162616,84.1216433382309
240.56643850050486,120.91733357254388,72.07642969025045,82.92248427713773
266.446996375847,116.30130600007442,71.54341364769762,82.39680614433736
300.35993903258293,106.73799456294984,71.55449049511901,82.14143982975986
329.93259184500806,94.14985412422774,70.46452210187293,80.70902447605208
336.8194419704778,83.21589537567601,70.96673451823742,78.78375419431568
315.5471897667378,76.94699760275707,71.07674244909407,79.53418960775824
285.3979368836257,75.5917612069511,72.1029824162863,82.24466239937014
255.05175443685857,74.79869606911922,72.06136099464585,83.83079267503393
222.20437472884254,72.39757137219019,71.51851111600581,83.72655249150885
190.85924721039686,71.34205309460324,73.13592505961518,80.95176175922018
152.9303498129472,90.2467445310045,73.79400615939683,79.52933712599074
134.2002277922049,95.20537804694203,72.62835453745737,79.26854400997166
125.97178712535873,102.17852453754338,69.95319056257249,79.67128501020187
143.53025769325964,107.45883195713812,70.16197134114076,78.53086268151108
186.00767742815214,69.56387306182012,69.47204499591872,79.41863547253558
190.37572606136567,72.76974343069386,70.10965465674388,77.6937481984142
202.14188562196648,132.12983271730081,69.84580017137121,75.3158928043449
206.87587888799766,126.28685662425768,69.52023409083367,75.57381942602515
194.34861182681612,82.82576841346474,69.44583479626192,73.40250464211505
169.24849181076397,87.765639648617,70.16005795716767,74.76958418799204
144.4718549441676,92.7352998890309,71.78990465478495,76.2406034775393
125.73553522846258,97.32645821825638,71.96773330261144,78.71291518895819
120.20374939023091,102.74956515717821,71.16965927325761,79.7283470169317
126.0904301373109,98.33355428264355,71.27325169573919,81.43419641601605
141.50091991541842,92.7519203426528,71.69790782941801,82.98342254526096
157.72568297506683,80.17248291681258,70.89434774111456,83.79924660386958
