152.5,102.5,40,67
149.85440639343386,99.29495423525047,40.948039242539764,65.72379558831406
152.11906482475806,101.08615470520859,41.42423827556654,65.47840524551461
150.79596995936132,103.10895371315623,42.39761012583922,64.77844299066103
152.20499373082046,104.16547768771741,42.93673574428595,64.3439816222212
151.16624835065494,103.13629961446503,43.333196262224206,63.04027728394033
151.41205910587507,106.02557114899514,42.84157475178395,63.9336155332994
149.62888858851036,107.44600820118299,43.06136124019658,62.76601870208208
145.95587654271972,109.94053056741575,42.110710898815725,62.754978629393875
143.6664655629416,109.81771406756789,41.75930738657667,61.357203138491116
140.56492428439103,110.4005257825479,41.49625653771593,60.19157970853108
137.57002730588894,109.878704868104,41.10763899739938,59.64061866308872
132.95765300478092,107.4923930507983,40.85321889865994,59.67365794722238
132.7745543429993,107.76979217832555,41.219416222223174,59.11885969216789
136.75253409555373,106.06956917162705,41.13261746221823,59.37164140752333
139.0180971165031,103.45240190774288,41.33013689582209,59.877330459789064
142.20684235482886,100.67855362181601,41.30110021135806,60.663686687502164
148.98372978343284,100.7365823064567,42.13373882165717,62.14611970349935
155.2539405815071,102.72099143631996,42.67031572057486,63.08117587942264
162.32990587197486,102.62381992423443,43.43682877701216,63.2755189035937
171.6345370938246,105.64098265586284,43.233134588992,63.93412735149299
181.20882999719743,109.13511605112936,44.241950682521036,65.34477801940773
183.70447815557364,110.70771740487089,46.1216831191615,65.63508968862112
186.92949710272893,110.37947891226608,46.68456260233476,66.29156667383074
185.01999987307286,109.22226093142385,46.95867592268723,68.60600263551522
189.49379154165476,110.74803520108122,47.070674929719715,70.99020350271822
187.27302433120198,110.3139509038784,47.812885122605444,71.85837209712385
183.89465525139653,107.1845680889832,48.94446763185029,72.49198207654817
181.54438063303834,108.55429715898765,49.83826583629682,73.55927496880906
179.0972150781406,103.76304898070806,50.864054431480554,73.47041503883892
176.99736513817606,100.69476209969307,51.16392374540584,73.75724295186325
172.2827457412017,95.42264432507646,52.75635384917098,74.50546763836692
163.08342901360132,89.11767958782562,53.18385061031786,75.13463931683269
159.209062257779,87.82872481838967,52.87915091611538,75.69919055424283
155.7024812058559,88.94563050769068,51.824843460233396,77.4991139555049
145.44746717899804,85.03726711972264,52.069477597327094,77.20968316479215
139.50460257583393,80.39764336309216,51.79773279972895,76.35770234144782
131.7438906433095,77.96293321779424,51.24788257677038,75.20039484904089
124.01406170647829,76.38352249572725,50.84866195202864,74.39449666857384
118.08576616933738,80.38436924144827,50.92365293985358,74.24720323476971
114.22853167662211,83.95652760858266,50.78763835264801,74.95337007313701
108.25661084844637,85.57400901543343,50.90542133823454,75.66042681635712
106.19203385805376,90.17792308025902,51.06735751154943,76.37064320538175
103.50894309279053,91.26271247403945,52.4395724894042,76.19804769415677
103.68378692239283,95.18144802637235,54.10701778459028,76.42910840705368
107.45757012087412,96.73263496673508,54.752088076230464,79.4712120427803
110.24728152770946,97.23927032440811,55.486982187393124,82.66748594398976
111.10630677848768,100.96430709385767,55.93404045464999,86.04295624915719
107.36434611720131,98.89774013657293,56.74820139780148,87.95283670391954
105.52572221324594,96.13149815004951,58.15997797958973,88.95437822472148
102.58728232109334,93.2551813297737,59.428782458708156,90.09893656008632
99.76469790650354,88.3181542115382,60.38924947599614,90.60358717277408
99.08766449257739,85.38399638852061,61.74331630384844,91.74008603585374
105.84667227949743,86.62502641078322,62.658260481689254,91.66351928327533
102.88350397205801,85.68175790897018,63.74557930378479,91.13054739050973
106.03171094312937,86.8160689911582,64.73749613876501,91.29136881850799
104.46975466954993,87.8665822533373,65.41317321037998,91.63857776969373
110.55444244056986,86.7133611636754,65.566898851549,91.48039971237571
116.33487580659201,85.7917183103387,66.32980421650011,90.85893099965006
123.3991238839072,88.86796739682345,67.00850840136619,92.11003299642873
135.66215853237367,84.63350684129014,67.4624055743628,90.5869675195235
143.0466196290297,83.09618844112572,67.58726730256507,88.69700967934757
141.5548052272165,80.6340025132966,68.11534569923731,86.25473031414343
141.44775521291456,78.86224468133271,68.3294457278412,84.9445952616231
147.21937987236993,82.14924669407638,68.83727804843814,85.60124021984038
149.7494421669082,81.46294877626966,68.63418933662574,84.54531811682173
155.97561738806013,84.84701254006927,68.22693944442821,82.59523080926505
161.20286320564998,87.69361698411772,67.26227275990169,84.01939063415804
167.4374340087537,94.3371793020212,66.68678995914958,85.00465656489754
173.5766212331382,100.81221429232698,66.3308321866157,86.3614865957681
181.42503923792157,102.4533234968385,65.03054776245065,87.87811871521228
196.75113176164268,95.55882399899214,65.5950138983113,89.66071340963467
204.47526624204656,90.30065205282905,64.77245184762286,92.86420384690118
212.77050407657225,90.42488501481219,63.01753317529139,95.08833075572151
219.84566033802025,88.70540329536504,61.252306602431176,96.05027700460863
226.49509357802324,88.325430669623,60.26347048140129,99.27222832788792
229.2980492688899,91.52189984063439,59.644612176546566,102.85339613962239
227.2996194853288,90.66001815760632,58.56885963618545,104.57715950567854
226.18163783671417,89.89495394082158,58.26126317669547,106.10728793924801
225.29869479277633,85.88906098988338,57.46623122310768,106.43631971673392
222.96010165441385,84.0833269479779,57.03906007786014,104.94343037857237
219.2581826195406,83.05755352637713,56.874308682020256,101.94925091138296
215.49993720034658,84.51135374426835,56.96325470916594,101.51749874601467
211.6008769435527,80.54533138783995,57.34843518902719,97.09464340266061
207.53055931286974,78.92241510934494,58.253205245773046,93.10461075503058
203.5757312273598,79.5708320920869,59.059647260924564,89.44003873759054
199.1134251693568,84.96161101547533,58.67901640937704,87.96372385836727
192.30668015845833,90.33599837045108,58.50574557580026,86.40612305199818
185.90164026718557,82.85948424492193,57.68695893426995,85.45880714163464
181.65124002904207,78.70458745835268,57.21322909489502,84.79407039911123
171.2167419759586,78.959823880633,55.82456929302921,84.28359755455058
161.8918716059717,70.06393581309749,54.719138164962395,82.32020182158097
153.53440825024214,68.77244372114308,54.25703449358838,80.60892840978151
145.97152045165228,68.05788588381495,52.473103370704465,79.9243307444298
142.27887122366081,69.70666240131872,51.563343782654016,78.70054222043058
133.82767644867428,70.64059067644186,50.10356627616455,76.83268567018429
131.64949925344143,69.86963175174138,48.496263493826866,74.39883207104967
130.76830956441464,70.5777706410444,46.4094852197166,72.98255429244364
123.85207946426812,69.79520360674513,45.29385839175916,72.67917748251084
115.7451598677645,71.56417265833508,44.90011588150672,70.98652623524869
112.64633796971032,70.13225317324441,43.844198285325376,70.22358450928519
110.55527692144439,69.56582700884508,42.67343916060205,69.57214309766543
102.08712803125846,67.57122672882781,42.060616720497976,68.2966075915572
93.77763134707058,65.46650516814333,41.42373725264953,67.32928886205892
85.6339410081585,61.33605962978416,40.7065642387837,65.38744772376324
79.61237553767019,56.65913230799229,41.1336778087695,63.12528499635617
77.05893685822932,55.024638462145106,41.342405647412974,61.49612316781227
75.14272139980525,52.37462395515486,41.95141494308129,60.349308939433115
72.6920238906316,51.179897173470195,42.03928412710727,59.52974527992154
70.12071714361342,48.96951068686131,42.40118072540088,59.16980135739655
68.11628214107216,45.02228171287896,43.22188242741515,59.09383854769068
67.16627208616478,45.428679350724195,43.515485449468734,58.2810432720002
70.9928995246079,45.191680297702376,43.856597364179414,57.15616801972445
73.88066883679242,46.60618752488992,44.43026480318622,55.91445508119333
74.60119988971051,45.498321896659576,44.566845110455525,54.97490151144306
79.66668975674632,47.32688015273992,43.828522442925845,54.44867068812968
85.54299889828093,50.020492767752614,42.89378489378264,53.697680058358294
94.76582520361552,51.92843932013415,42.6730694939612,52.919276488736514
99.70889266157329,50.06261332692367,41.80630138824462,52.141245070058
105.30117455154786,50.26749070288574,40.962481933109544,51.731490318133865
111.81973028205977,51.90534700421399,41.04091453120309,51.37034306194789
121.52571894791316,51.60865902493613,40.518207639396906,51.96371902050362
130.89529420650135,54.862373800911655,40.676081414097,52.7243757346589
142.24855663047725,55.23771126648941,39.98671762542723,53.44151154078887
152.66656043783323,56.461587819148676,39.695590467152975,53.92874135781857
162.0217864335057,55.95375398279094,40.096871946114995,53.47427568666427
171.24104346408404,58.07541452029704,40.7656511854848,53.64032998869665
179.81123107967673,60.240102461181806,41.424252586891775,53.7606982650752
185.16538365537878,59.078425938030115,42.682546800366964,53.09240147015875
190.93119260373024,57.80923969394101,43.19923274928966,54.12473597763378
194.37854009272172,56.39684986950806,43.95576114606952,55.419270951547105
195.5758038092359,54.14392846317854,44.685945406279814,58.36275791758681
193.8920287300797,52.35773308951305,44.81502150102641,61.93514866491779
189.28858624577506,47.48689724723605,45.643448969768954,64.9740543495784
179.63722780816772,39.48083074105796,45.85736571999283,68.83876910057683
164.12529176003292,27.791861666991778,46.32966992788761,70.65089462162106
155.3531619258927,18.285946612326086,47.38383554019269,71.3403980020909
146.25498241061018,15.207505132502128,48.8389992256717,71.91688251337679
141.0858504992665,19.98140737707046,49.71243546789701,71.83390560470212
138.67183888585052,26.760129265674756,50.72811127476246,71.61967779737657
135.1134845160733,30.109649200008747,52.08571507446306,70.67974286856241
129.27838176719948,33.73572759145659,52.189345371651086,69.21087368594654
126.99466286077039,36.22854813170651,52.94256183059994,68.03945395935598
118.31162206554252,41.802105662313565,53.194994518275585,66.39992162190859
108.97815846557003,40.727495986802566,53.056799463432185,64.78811652197291
98.97433751052168,40.29856351520621,52.67566495709447,63.792456336398864
94.79391463585779,39.739626875359335,51.87624223797689,63.07827592240355
85.56641710170706,36.7791523418822,52.24966474439009,61.7665959646025
76.70657697032412,34.18788138319925,52.02967253247189,61.56723613956318
70.48168982114419,32.428938316605546,51.967992074402076,61.51042091377067
64.39506828219939,30.472852323317127,51.64286573159002,61.85163020871846
55.78321628078291,31.247195625812246,51.01150614741403,60.302943603728224
52.19051325853932,30.465771364196456,51.19108776660501,60.11433602063576
43.5658923127434,30.49432668465948,50.926004175511686,60.05722537970971
42.04544475868439,30.91373386186708,50.47432353227241,59.218411025294515
37.061554489230566,29.330052235448715,50.085672142409734,58.933630301874466
35.635495244152196,28.281003599146114,49.50694013126297,61.03172757447967
35.783285031236346,22.457922777704724,49.21136055709467,62.24749220372692
43.96516248434322,18.988981673762698,48.61788792219055,63.928613654507764
49.23985989230331,16.163614019576094,48.67817901624481,66.04278699288949
55.30900266837578,13.714977463719464,49.15002940256397,67.33716412218443
63.16650376936295,12.678383955684772,49.89463916581794,67.58150536433956
68.60518789150123,13.140262616934713,50.08588300700059,68.50251672274955
73.95381022634376,13.965987850701744,50.56000990693834,68.71296151681929
81.9294385608969,18.4556856322327,51.46456518028742,69.09790592178813
86.78398994271268,17.932992867449535,51.22315215584432,70.14329145135446
93.02118916637792,19.424045775744936,52.08702695362861,70.97212084765358
101.11180611316695,24.434649607530616,53.2958256831249,70.61204241912355
106.64979712041176,27.414994944685787,53.89905661569411,70.49095821834263
112.31348660182358,31.539090530004685,54.29889642615231,70.06091289655939
115.8757443006615,35.34424871068167,54.99232357853883,70.26853908526778
127.26292897505122,40.60558247323684,55.845249162000556,71.55951902627802
137.48988915988318,48.243693046930545,57.41943683708722,72.30374009325467
149.11905506217138,59.09160409559465,58.63534593822846,73.0426388261676
153.83989497810717,68.84302425081769,59.54648451917278,74.24543534135327
157.93203687295355,74.30435103610793,59.77731292931541,73.84167202056706
158.55413299021376,78.25454095111641,60.63444053370082,72.2452517072675
212.6036136004393,71.01494360996546,59.155850372061806,72.09027781286972
172.12620729930498,95.98364690559133,59.600725005844254,71.6974484329941
172.5212484401969,101.31435642367373,60.8761354484295,71.36349301867483
176.32218278649066,103.4755722470997,61.59777063940338,71.20281331360354
177.6752150581832,108.22349532541628,63.07166571114555,72.15686619478844
182.26687880013492,127.00088886381819,64.5302447468516,72.91294258857889
187.890553672651,141.1444089878364,66.26361291578588,72.75079115413638
189.5607644782794,144.4927845370779,69.48901294147691,72.61986169260122
190.36388788980338,138.2520940366927,72.35836461524275,73.9122464513371
186.09230381585235,120.38683034044352,73.99120767845497,77.39459011528274
178.70107665316291,113.29391310185244,74.47039586133509,84.42879152121553
176.53457674883902,109.88818444841172,73.80115456124778,91.24024882809698
165.7663918564307,104.31368832696893,74.57394579259059,97.19834643261407
157.52605960014964,105.12941043623596,74.85939135793842,100.96530852981812
150.69527483041097,102.81493271565694,74.71469990919451,102.83301177333193
137.6442902472021,103.13780850872129,72.94419700741841,104.97450739402257
122.94938225865096,97.79945966780255,71.63856579013942,107.27971947739239
108.63258556499798,86.38864721095948,72.2361603158654,107.67254530181458
102.55068280847338,82.95894503619411,73.1222274135392,106.07364583981378
98.18896544558015,77.4003792085558,73.41557439897777,103.14063126117716
92.87078791012074,78.3968600309071,72.96975444492946,103.91821337271635
88.68956061917774,74.71371309766397,73.00733554490742,102.95963375729461
87.66152480286667,76.31996198569287,72.30232815304188,102.50821500572448
86.04265410632212,81.73935598219829,70.05481273731944,102.63994063033678
78.47628002317822,82.96703223586039,68.94272721958114,100.1845881230126
76.138443834139,80.51484063764119,68.31432462546849,97.13285886116437
72.9080484408827,88.97320065881497,66.98841382161527,95.78954199954845
71.14121307294272,90.13019504171014,65.41532193132552,93.47555323375812
76.08899002108525,94.52037614748636,62.99710178975042,92.17252477691561
81.78136393880305,94.71091519459713,61.34352871107298,91.79144668269406
87.99766521058088,97.55686266696662,60.90906389104908,90.89880682736778
97.15365143861462,101.31471540369962,61.62896467991644,90.52005382075234
111.45362490994886,102.92334178598571,64.03692719324468,89.6880248604876
122.85606278077096,106.78827064057992,65.35630160054089,91.60786721087533
134.50133506979031,102.32385610772931,66.69794579200504,90.68382076877538
142.5729041926442,104.76374431029512,67.85353310948068,90.74653738169616
151.02943724326775,103.58273621698017,68.37834582004098,90.61742802378214
162.64616425502712,105.56991610570867,70.1222884384165,89.14080791051451
182.1127963930345,106.43155382297604,71.24671337746844,92.42474362786312
200.5327248885232,99.36955926508523,70.41630274324373,98.8324228100549
217.4423647931859,91.56346992103083,71.12406142099869,101.16497131082511
233.54614876895252,89.65065348932065,74.05396402660169,99.58483947314758
236.5373397053672,84.30338903435174,76.2527913582465,99.37108944378652
242.12512835896518,80.24692736732673,76.11614759406083,99.20481262057879
237.8402766346204,75.04909399467958,76.42094702474455,101.33557534786732
223.82110323087682,76.14575855959323,76.53496690266692,104.72711160395298
215.34847501431474,71.08790094750378,76.40496525999059,106.30519779023163
208.36472311335703,71.02088017558782,76.0340836244629,106.43923933406356
194.40193429551113,72.3998990662235,75.32360983095711,106.54480669571197
178.5564409962123,71.00576491509295,75.62610276848088,106.47957557423908
160.7426938089396,73.13083193766134,74.10613225337242,105.08693882830644
156.22697445110234,76.11578971571122,71.89207307393373,104.73977221976335
142.27368217035217,76.21864378685949,69.33357488678696,104.53406407746681
127.19940311151873,76.65809340449273,66.79403326187196,103.65516484220032
114.55599894530936,70.1538411431099,65.39582969662953,100.65266222636929
101.69443895669951,77.90595995918514,65.11736127447277,98.14921879390702
89.04428887461833,77.36370436544732,64.83828155625372,96.6757919931445
75.3693493597518,78.6075147015384,64.3455692350053,96.71931598923338
63.57694914012936,81.58579547985636,65.21785090115733,95.80998082661814
59.443853818522946,82.16101515190712,65.9108274938183,94.6595414825166
63.55119511495239,84.44481957176004,67.77020311549961,92.61044719644583
79.13797710853073,83.74531961604676,69.33186962703263,91.491352454127
91.91471984052131,89.53178033376076,71.57133144116163,90.02495730164809
106.58388998383896,89.67564611407259,72.72105246273817,89.73722574102445
118.16813352390818,92.09787399995838,72.54655017485693,90.00254436753228
132.43114215902608,98.71935009317218,72.13802311134552,92.09640502113616
142.21792291101832,103.96337425614561,73.21718231672739,91.93471704987246
155.84281292482257,119.74808299943045,74.53042090291356,91.52495623289704
180.7378106900298,119.53387889603161,74.3611923745245,91.95336443969474
197.8699677936399,114.11593975085826,71.48241311997853,94.94285899187284
172.47560773145764,130.41968686810517,72.59844157247267,93.70759107645506
219.33621340273518,121.58944818273471,72.97089673917702,93.07207773706223
231.22748987056855,120.39444343850803,72.67884184246428,92.85203188785404
236.25825983387256,111.61230421534728,73.02506730012408,92.20272091170689
227.96040240150683,100.51119622294217,74.03502015229847,91.02629387768137
217.4597692070858,91.90131881786306,71.67277755822101,92.67037603255996
206.21330257950424,86.77083123467264,68.33776415932692,97.76576186812933
196.5959469178976,84.13666684751587,66.72831356815058,100.42857040314418
182.88873151720054,92.32217947569977,65.33392921148739,99.77144432389858
163.87735406273475,101.59033620179514,64.56808940710998,96.75056875703143
155.87426544936042,104.77704048274762,62.87979713900454,95.43272290794192
146.8172417414166,100.9859610390596,61.1546524291219,93.09528573243281
135.38102945769663,95.38723977788925,59.86629515434462,89.79625914944319
125.90432544044043,94.01572790933783,57.713996041584,87.84912574270757
114.73083009183631,84.16586513877743,57.26080046014657,84.74866500518269
102.47019624757836,80.2548504981457,57.297485253428846,83.66720959727027
91.54608622075365,73.40225432178792,57.043858072989764,81.9011088861239
80.9193473677563,67.88962998399327,56.50395304190994,82.02966619317593
76.63125730269249,68.1904685244806,58.56307222281642,79.25563546246092
72.0853421084395,65.20328314478323,58.99790717149206,78.7372596419829
69.46283643110615,69.35731449586174,59.915954857715164,76.91964244249132
72.23150440383112,70.70212063338712,60.830802743314024,76.38075811112348
74.865541334673,72.69911729267659,62.03474947045026,74.54410498881789
70.74644304712496,68.97494656441835,63.82717147788381,73.39808035511768
