196.5,51.5,139,194
188.42742652962676,46.934323406797915,143.69278326051543,191.67898950617314
184.5981843320014,45.02065167476414,146.0833555806974,190.23842089517194
185.38025596059407,45.69404080344815,149.8041944420455,188.89164263780393
181.19809772669598,43.57739270997263,152.8436053605073,187.80003327542056
179.80410546676842,46.916754906234104,155.63158988036244,186.47870959101346
184.04268938825356,44.76281644899056,157.918593625309,185.4045007115421
180.9784361064344,44.903894292380684,158.64477067318296,185.12234502476187
178.27946451222698,42.228513467817336,158.63307445706747,185.0634672693582
183.69283604381275,44.282298195455525,158.62341436603728,186.36443930015253
180.9299184502108,42.3272427276747,158.72076288603006,184.84606356850304
180.56904272493722,42.31411835766491,159.44251433657723,184.87231230852262
180.1064048947323,44.392402007229975,160.36778999698709,186.1343273385208
177.45457882502268,41.17994975334369,160.2184889302463,187.10627864013327
177.82735640271085,40.262923556755595,159.47293377486994,188.94033103330946
172.8108671539697,39.54120293422707,158.54208247340094,190.3837722783665
170.4936912325834,36.06893991756773,157.68726193708358,191.83912593259524
167.92678369463601,32.96086666562768,157.32329715876924,192.55749258226624
162.47875765627208,30.267323561580113,157.21346001571857,192.4416341804721
156.9739471384242,30.007104368913758,157.22430460359524,192.96207256580482
157.13164291570388,32.39494285915208,156.90891304903593,193.6939575412277
154.9951059718801,29.31714496751485,155.66828449424642,194.33585088206513
155.82739893107453,31.75621720430138,154.00369857585758,194.96116689067247
154.03136711873483,34.011908947099016,152.10972349396258,195.9358221116516
154.77517450051238,28.3959328546714,150.62210873040752,196.22745824502817
154.99584079228455,25.19403730330461,150.18077614686314,197.18086815680087
160.06651610040728,35.92100205165147,150.95488407286,197.5578557445918
165.02476614825025,29.785133728427866,151.9906013376201,198.877375030593
158.21985870776228,32.67209353321124,154.57415131812795,198.61658787126032
162.14713160631925,33.511650112383705,157.8220800474917,196.9374747129154
157.91385580600013,30.678776702925603,160.71036326985788,197.02495315355958
155.9917055951721,30.20088794755317,164.55466369151398,197.98073066430445
162.393835840806,30.194177434713083,168.8598496822087,197.99415168998462
163.18758103627243,29.988282869589668,173.04503124135394,198.40594082023145
169.70195222374238,30.175849559589764,177.55492518045884,198.03080744023126
164.81269618118395,30.294321154745106,181.42089914397297,197.79386424992057
178.65353651959992,30.439101678818687,183.5916899841151,197.5043032017734
176.91234511609633,33.32360111637905,187.0740727911223,197.73581613280874
186.97896309483517,30.759566715168248,191.1785037423022,196.80446820806597
196.43566271605948,33.778649031811184,196.7043343815942,196.87611104521525
197.01948134265695,36.77124345318545,201.73481423163398,197.0890393057014
203.62647055793832,34.01456314262525,207.36258802934125,196.32181585073178
201.9790842106921,30.379565828218503,204.30072046458025,197.23517022029174
215.97837393116436,35.816203754897174,201.59476146029985,199.00820458526647
216.46131651808355,32.357580422290766,200.6288762864615,199.61677599889572
223.5028965853252,34.74046207078709,199.1518683527109,201.15408880226943
227.58075514845973,46.96724627264335,197.30016233405493,201.91656482900905
226.36759201936079,40.25843622640552,193.43971608359965,202.76063990417842
242.4805425746904,42.36390039544413,192.40853503475205,204.7886555784635
254.35270847824881,39.53584143640353,193.6814601504359,204.19045926584454
254.6315815908522,51.43280256986952,193.12371392522914,205.45714935181275
250.82188985410173,51.85488401802054,194.46698471111182,204.6129864555107
262.4644966543858,61.954057783212704,196.31863577383035,203.26728742259138
259.68495281357957,69.71903832380389,201.87772345544286,200.32223401385505
259.98294636450555,84.972392664529,207.6155821094303,195.15090835576245
257.60521921472093,88.12309898110013,212.37103640899954,188.8494957226202
258.8223884843007,94.19880581035389,216.25241639574503,183.0138005900177
239.4833549252456,96.77856068372951,217.23723808613119,177.85429084326645
252.21588426924887,91.84257357747865,216.6289044060566,175.29790255180222
254.89698479860482,92.52003264125577,217.43019315669366,173.94298442424798
261.0088103782688,96.99782919949733,217.51421770475827,171.1412291614611
257.6722674510577,94.81747673538601,218.0776469006089,169.39227743111223
257.04271275020415,101.37111438637206,213.24692154177973,168.4646716502126
260.22835214799136,99.07915135232986,212.87649783026876,167.0477426342336
251.85204451619086,99.96786578433961,211.7126126248237,165.2703137702141
251.35615992210063,101.28295320616613,212.70438181300415,162.64013892656106
254.24484266477978,105.18664843869882,212.82479398533934,160.73052611918916
248.09760397644945,101.78506570897721,207.51394328650252,161.66524888679993
245.78968063798848,102.43601483920307,206.32716388549574,160.36335062634822
246.81848234707564,103.70265897689455,204.2695604673214,157.83006235096525
244.44767720224235,105.09881146020683,203.32055077048224,155.0377573843407
246.794457389582,112.07285124316094,204.25760804976022,152.35091312634702
249.81144868625375,113.77260009477637,203.82461518169245,148.95141542311617
244.29860895572273,112.40755848641665,203.77289328287148,146.14279795989407
243.85086970084456,116.80461402083638,204.6683717926278,142.8404543617829
246.49363045377942,117.98524354273904,204.8337331376698,140.47919531797757
222.97483620661782,118.87511071332818,203.142278095196,138.6994609767993
227.81236608180154,117.72483796067895,204.18595170010417,135.64063980445994
235.8687278100626,124.08002633175195,204.04616924861256,133.5788903990009
233.9157481884157,129.83739277508283,202.6642295453138,132.6399554055243
241.62411597324746,133.24912161444223,203.0020392452942,131.06801281668683
239.32468653496937,131.01247182046302,202.37053199915363,130.31094628194853
243.67316939646145,134.06214529322625,204.09009191890354,129.4198621577891
235.38907989768663,135.0556824870963,205.00093516975568,127.43278777004903
236.1373104903441,142.140295302431,208.703900112412,123.66241439532214
248.94782050404712,146.42532985366694,214.2295114886276,120.28345052678716
232.9030883494557,144.4341499443229,215.02462794867793,119.05008570395312
340.28358683955645,141.65452499891632,213.7285155329058,119.40287499563394
308.85978327721284,152.13572635911788,214.25625392423203,119.21376185301779
238.50040044131399,144.5646270325942,214.6317265810672,118.76226128218048
240.593738722794,143.40929463602248,215.6407982321565,115.87717786127457
240.2851067042609,144.65774927467376,216.25806226922268,113.38026858397201
253.4702025279156,153.8978275761418,215.52567908445678,110.28279705856205
253.07134730882268,154.96890652896337,216.32338952264263,108.14063915291885
260.6175028665469,153.5937669154746,216.34557322845754,105.85275343947538
352.4605968889307,165.55416598379628,222.6154131849678,101.9273266713875
253.45596841785436,166.06760130761688,224.77505789664247,100.9004560237463
266.005569757424,153.77429647869104,224.85157360998812,100.31134728911312
297.7722070131542,162.54946060177815,231.68091654560365,97.83872278159805
307.12297063859114,167.89124593478402,233.3039683026933,97.3174416195681
298.5519674262225,165.57262149338607,235.15994131707146,96.8593460322443
305.5842698161985,165.60219434799734,236.4373092871252,96.8002003230218
301.4816518256218,163.21027951386156,239.51118489674965,96.45266961976435
326.91053823712093,163.1631932684135,245.51752038968965,96.54684211066046
297.97979652283664,166.42974417380344,250.80322427475517,95.27131825423089
288.1850567761809,169.30966957735936,254.46085989202817,94.82208207246521
297.9744373916087,169.44913922539303,261.65692926254223,94.54314277639789
304.3880220718395,169.41512042581564,265.18855117796465,94.61118037555266
295.9680244647692,169.00432370356987,271.0192559571263,95.43277382004418
293.4852097377931,171.7710331246026,275.9848854110784,95.50219025551876
306.08939281372864,171.63436641331424,279.15130241290865,95.77552367809551
259.7995335268957,171.28301588142773,280.12965490700844,96.47822474186852
289.46031775697054,170.97600748813787,284.0783101733704,97.09224152844827
287.81173423597374,170.69430034254452,287.375477215364,97.65565581963493
294.9034353161204,167.28732463021004,290.82181967961606,98.59302570278881
285.1048353068913,166.83407123708992,292.5906517465221,99.49953248902906
257.9853908996638,166.3051369088281,292.9687240566664,100.55740114555265
257.25816510108234,165.66977920117998,294.4231756538293,101.8281165608489
285.92478713176337,165.2223360620993,297.62096299918164,102.72300283901029
293.71457009738555,161.73826705251352,300.38640654334756,103.57613769971177
274.3271050560812,164.3861082934518,302.14147594311976,104.45043199830789
261.64461263219926,163.76756504506898,302.6627510312447,105.68751849507353
270.6205380760505,163.17228437969132,303.43352271197915,106.87807982582888
267.0211366356865,162.61024870362345,304.358813045983,108.00215117796459
