125.5,162.5,74,55
122.50492047556159,160.06240057208765,74.9381994196661,54.82323922661394
122.34984561775951,158.95675697609434,75.24834913527023,54.99718647180332
122.90575089460329,162.98414441026213,76.18144167366987,55.12202397181652
121.54260191155349,161.08518884583208,76.84662819779837,54.797712216734396
121.5814878456425,159.88997790388777,76.76885632962036,55.12227723954848
120.58818303379839,160.92159257490172,76.68544561661392,55.129068234215204
120.571297878048,159.83615354271646,76.71921592811469,55.23107826398898
120.48526609638795,160.81171770159833,76.8912794914348,55.35100739808216
122.68288578612608,159.56278527642982,76.64731520096248,55.77323470391722
121.43739448355416,158.5288682024434,77.05942223022839,55.762193276012184
123.36200610958528,162.82690557689241,77.38009080205775,55.5059021748973
121.30881997939422,160.86197838235782,77.31527745661433,55.26457095814095
120.63567532779136,159.90829427642706,76.58092710087087,55.09129951105328
120.50404975153785,159.7990884708407,76.84417825337789,55.30971112222604
121.49260079475275,158.6402856836106,76.94132071865238,55.553072144981904
122.33879445766065,159.73563653717255,77.32865159785226,55.44208864287374
121.58579540055037,159.79187183418202,76.75088615310656,55.32961804885477
120.54550919503322,159.82005832562416,76.75830083032979,55.2732450659705
120.39234282904985,159.7800413384658,77.06463356229654,55.35327904028725
122.59014300675916,158.56179053629316,76.82563748695495,55.71147850459396
122.55598497138939,161.8615768494956,76.89395355769447,55.353606260072624
121.51899800679388,159.85513534477815,76.89220667577166,55.215047647279874
121.44350585119139,158.73170175787143,77.04319098697665,55.38849931663017
122.25781951387583,159.72910121627677,77.49312015425971,55.472256892471414
121.37446268847651,159.69545761511264,77.17308224883338,55.53954409479967
120.42636900873322,159.76950425005197,76.98626046890213,55.39145082492102
122.55892604610241,158.6647209475826,76.87663082279903,55.523275215542135
121.36587269519589,160.82863911944656,77.1844899290653,55.351934062907674
122.50376107867787,159.66711001447544,76.98880926965151,55.594896165299744
121.65138256583634,159.6725438549368,76.61244060213888,55.58402848437701
121.46941872844442,158.55380337228286,76.97636827692268,55.746270336982874
122.38275941552422,161.83906627812405,77.23311156572682,55.42601851419154
121.4747093835889,159.96792064589008,76.96716001601419,55.00420655149295
120.4855610614239,159.94516121315002,76.8743750415151,55.04972541697305
120.40843266129903,158.80374611466144,77.02863184176482,55.26213025749139
122.20868691819103,158.78874467711296,77.5806377314522,55.29213313258833
122.0900379692956,161.94107571514817,77.81793562924308,55.24280662814306
121.05070949901585,159.8232173864496,77.80870099719158,55.302740140318164
121.02868112925586,158.7961101856223,77.85275773671157,55.26821539560445
120.83602537675624,158.8152378916572,78.2380692417108,55.22995998353464
120.61619131799166,158.73154495969848,78.67773735923996,55.39734584745206
120.869153307638,158.42722456782556,78.17181337994728,56.005986631197906
120.68417003154869,158.29418680636283,78.54177993212592,56.27206215412336
120.61706952920237,157.3952316655315,78.67598093681855,55.95417374185706
120.58524762592661,158.35769362200517,78.73962474337006,56.1418474275697
120.30327625686483,156.4884560185854,79.30356748149362,55.647018993207155
124.30119350387946,157.65953482344386,79.77584128883935,55.421888458833976
121.23384301641902,156.84212630310932,79.54920829417435,54.93626084297443
120.80117824900157,158.03110714588047,80.41453782900923,54.667294686082535
119.80019860841173,156.941435243472,80.29890671979017,54.72904810050075
123.25524050937874,157.0387772562842,79.73943696989781,54.53436407487636
121.36217139038843,157.07453461902543,79.31514765954985,54.46284934939385
124.19978092151325,160.14923486164415,79.93282483422449,54.60634510108078
122.32073821400412,158.05238953692037,79.472267961489,54.58139346277454
121.28149529690299,157.02366310550934,79.44879003428423,54.53688256418954
124.3399255030053,161.212885346564,79.6345485259788,54.56192995394589
122.20602240517967,159.23461297607753,79.69417709739307,54.31029707068182
122.19104436482668,158.3110509017784,79.72413317809904,54.056601132190615
122.31907412013857,158.5044226549804,79.46807366747528,53.66985762578662
122.2522136614681,158.53542866958435,79.60179458481619,53.6078455965787
122.20382247159903,157.52899220662755,79.69857696455435,53.53293772300955
121.17791047333851,157.35740368400837,79.66240698336796,53.87611476824794
121.96467669363268,157.2307823831801,80.18201860115639,54.12935736990446
121.89441340786776,157.16459089031036,80.32254517268623,54.26174035564395
123.02465332002558,159.26427305228816,80.17154567627762,54.28133668750243
122.10681206200093,157.21527603460277,79.89969661698173,54.16426757218284
122.88670983141063,158.163048911255,80.44139716428958,54.37021790500561
122.1325231245575,157.27127508374878,79.83670132206694,54.04069630408918
123.27970604426947,158.36176609618778,79.64083375301269,53.95821254958087
123.34519197869265,157.51589962056954,79.50986188416633,53.555764840486596
122.22810898354928,156.67533903704827,79.65849511487801,53.15135324795406
123.20385444676916,155.68688042950333,79.78805746361498,53.04721718786718
123.45013937531772,154.7573510222747,79.29548760651782,52.825005646621975
123.46695966414563,154.82498480146273,79.26184702886201,52.68973808824585
124.47874055197448,153.93587677760917,79.30570261265751,52.40053677649982
124.69243014642635,153.09832278526895,78.8783234237538,52.01237847496355
125.84381693865,152.3513821999943,78.62593695385263,51.45587253096672
126.04855735700829,151.65305674586784,78.21645611713602,50.81519286516462
127.5712535165141,149.97160096553145,77.19157116749254,50.13708968710114
128.80107109323063,149.2252179505671,76.7257637788571,49.636027952232276
129.18190537164787,148.53590434974603,75.96409522202259,49.036170912959165
131.38196836482507,147.88519881021574,75.4780807046225,48.380526257542634
133.0124858034527,146.17424927462184,74.15586996492021,47.92477705362446
133.24951375210622,146.32377499165136,73.68181406761315,47.62572561956542
136.9423704775062,145.79764208577444,71.99401835362964,46.77868551904711
136.3195407997864,144.18103242686834,71.37980905845396,46.29216753562872
137.72135917964465,142.58330813553198,70.41871531200005,45.80253009177618
138.01087966996766,143.01054292600702,69.83967433135403,44.94806051082613
139.4798882956801,141.59748150828148,68.698681091123,44.18013532388947
139.86459029421553,140.15376631150616,67.92927709405218,43.53335693675192
141.17569853177517,138.7401362041596,67.05183509436434,42.87106820058216
140.13755490806602,138.15793238106806,65.68698938281196,42.31490936727987
140.70456433097215,137.7524061247803,64.5529705369997,41.43513022789867
141.8900911203596,137.274034300867,63.84106522916426,40.7327256047858
141.59642880432847,135.9537159366246,62.79164133978344,40.09986529038432
141.30891142396376,136.26456701378063,61.75621884817387,39.47816313607227
143.4223851244759,135.0338261940481,60.698395563307955,38.77052065937904
143.3371359748786,134.6218219660533,59.31199904408379,38.03763429694987
144.5297776492742,133.42074486743928,58.45060132329277,37.392017238177516
144.34728164949072,133.81780348644477,57.315396667901844,36.597900000166526
145.66333697427436,133.43433118766396,56.15321132940238,35.89491928666037
146.16589450433986,133.81658754361422,55.14809626927138,35.13040657475981
146.74405300862352,133.37836435757555,53.99177926070405,34.59390860760506
146.5487340709004,132.20859615105246,52.99575357806113,34.16011790447283
146.17726429835267,131.76189067477281,52.374196335806324,33.689032069681886
147.16621791910677,131.22703032303673,51.74360616919435,33.411435698257904
147.36544161819245,130.7865061310106,51.345158771022966,32.95925123086526
147.08215672774116,130.30291132884818,50.59201690778845,32.60672919105303
147.09733556916208,129.80371025405412,50.561659224946574,32.30259074894343
147.4387144625915,132.04152337837726,49.87890143808778,31.717978350081744
147.2311533880598,130.85047538936365,49.01701494512409,31.54605704405491
147.45404570997016,129.67215554631724,48.5712303013034,31.38023763203897
148.21891068008532,129.22939695213222,48.29328112919491,31.01397405228719
149.0103651145761,130.6248091697016,47.951872307016174,30.70614971075418
148.728244478575,129.43066635393035,47.28487020614918,30.631948596558352
150.07888742221326,128.92879398111805,47.02360460661123,30.415683198313648
149.75842366493904,128.49520991987794,46.45204746217924,30.070366661813456
151.73263914866658,129.2559954652,46.09807872340371,29.746949647395855
151.22964961896477,128.10971448642067,45.916607286409935,29.664610612159773
151.3739225325217,130.06327674539864,45.62806145929605,29.307554808031888
151.11238137143297,128.98200540395038,44.97807325876686,29.12395644551507
153.0116489408055,128.47043398530968,44.66033236363722,28.986834534924704
152.95743706251113,127.95629720713029,44.76875612022596,28.86189505010555
152.53049395376223,129.74410708963373,44.469889042419744,28.744535171010504
152.0962336192689,128.63675551872552,44.192094692005206,28.666608274024423
153.41158066864068,128.64344079852975,43.84310078933224,28.653237714415972
154.11932203590038,128.15611095321358,43.563010292700795,28.4925051671604
154.63781456427327,128.13576035542164,43.65453595002429,28.53320636274427
154.66945572346094,128.26334015860166,43.59125363164895,28.278046756384256
155.1992680458548,129.50183262700924,43.656987853115496,28.051779552077644
154.2619591963879,128.34579435965387,43.28647156073261,28.11872209547163
155.31248404047997,128.34835946620416,43.42168371648641,28.113591882371058
155.31454652178965,129.54768006796,43.41755875386709,27.95509611670898
154.28793206718473,128.88217407653988,43.23605733433308,28.168742935177242
155.4216727012205,129.48486035860955,43.204993826379436,28.081579251096876
154.97396779504055,128.90680405316746,42.984114105937394,28.121402329179098
154.95211778218982,130.60006288344746,43.02781413163888,28.075803653358353
154.36722075679734,130.07561420767192,43.08407270285809,28.0111655253437
154.33960279727765,129.48560416615973,43.13930862189743,28.07788389685555
153.82538547850965,131.70411631642077,43.052500526141216,28.10183052950239
153.26007474931063,131.14860739932814,43.068782307521346,28.098508686669746
153.049512735,130.45781292674977,43.4899063361426,28.365569040504337
152.45181001069332,131.98962774850241,43.56001350277252,28.677834242949547
151.78464612814224,131.3921434484398,43.76278884082096,28.74125041602107
152.7528759930483,131.95632085717352,44.09763511849058,28.74854860229448
152.5520376078328,131.36843120094804,44.499311888921596,28.78352809259126
152.96155196709304,131.88243923959564,44.82768999424852,28.902918839143513
152.60556911463655,132.92338725495244,45.539655699161514,29.12966555466872
151.59055986643696,132.80118923556756,46.400900154535755,29.374061593438434
152.46984183143684,133.27962016040507,47.01383845644423,29.602950859717566
152.07493092198752,133.05830402902615,47.80366027534286,30.045583122475392
150.33459200697706,135.32338645855359,48.848393545187974,30.38730738377219
149.94816388373522,135.12993081608283,49.62124979167166,30.77421866871368
150.1409863859669,134.930877924493,50.49294765225033,31.17232445189334
148.96462016552803,136.02552925505412,51.56864241417612,31.537097148674988
147.81951405193678,137.70204672430347,52.55964221025795,32.08169950347833
146.1333964946949,136.64337123241268,53.285585648281376,32.87590464902976
145.03021611334418,136.91699334976332,54.14462305950521,33.67598376580603
143.92717620679247,136.43587212400882,54.97712442228283,34.63822621731501
144.81334777121086,138.06501266191142,56.00907962928454,35.586392645267615
143.22815383212142,139.98138006705403,57.74601086601695,36.05402775932173
142.01666119277382,138.14777186511003,58.70173829055033,36.786728454886145
140.6821885827037,139.91771504963813,59.87686170267098,37.72830750988872
140.89752040862305,138.77445240846853,60.973361685326324,38.487669157733876
139.54452054592915,140.52291644842686,62.123084950721406,39.659570457795425
139.0631451113453,140.28207757663802,63.08583581988913,40.141248201373145
138.57405654915175,140.5296823560277,64.06401294427624,41.26159152717953
138.89512826593858,141.63074401381292,65.07079409512582,42.35731738045564
138.2843137978862,140.37684616172245,66.29242303123061,43.18281170845843
140.2026355488657,143.27247992311692,67.59894826151543,44.249102495327875
139.4765826457044,142.67578774716927,69.051054067838,45.442486847223144
138.52506842444757,143.0619749687221,70.95408251035165,46.46355184362463
137.66136741538935,142.6892243451112,72.68148452846813,47.20905309084647
135.63637228304697,142.3236037775473,74.85411855518245,47.94029422597427
135.86681661884313,143.68567789029055,76.31535304868135,49.06039233067017
136.22041601185106,143.320001955603,77.57087770041036,49.791744200045244
134.6678694721996,143.82506464075055,78.68222288604953,50.77536672341378
136.37162180413367,143.2328811131681,79.32836912743025,51.959733778578716
135.96288661776856,143.7502733332075,80.14583950016046,52.98121687927726
135.53490369887507,142.16211667277867,81.00180533794747,54.07198098684803
134.0475956564474,141.6918746012509,81.85987052928611,55.01246512990352
137.21151965892412,144.64498466227116,81.96725793291638,55.54148041644666
136.67066397064468,143.51078116387504,83.04896930947527,55.65441546491613
136.31615753890418,143.4034168839021,83.75798217295626,55.869144024861995
136.0883074062969,142.30573605606492,84.21368243817078,55.87664625061383
139.3188892290288,142.0625308408755,84.33702254381203,56.363056680992635
137.9006642780042,143.8902506498406,84.96869873424471,54.91239077467895
140.24999820149134,141.40775697720875,84.65023466931214,55.497174337900944
139.96331933828714,145.5260740156498,85.22359239572054,53.84576730695604
139.85182961655985,138.62868901302494,85.44657183917508,54.58401151092674
144.29676307096284,130.17491353304095,85.32380588290039,56.14913580396501
144.49103830039328,127.06972802051985,84.93525542403951,57.92741615419594
142.71887474211664,122.99385941670344,84.00011738060988,59.35995562185437
142.14243427052992,116.94060639156413,82.90371154773526,60.2200277918928
142.24058671545197,113.8560034251266,82.70740665789116,59.648746823031274
141.16656732285392,112.04077196191402,82.62098073446491,58.81028033221176
142.28242453738915,110.51119429146301,82.6086251730622,57.43071793777832
140.98474588371204,110.51806882485151,83.00756755076908,55.220553941353984
142.9298623951024,109.53700486643748,83.4489288872294,52.85108749894103
140.77344671232137,110.63202725768288,83.49597488707337,50.66104271645023
138.90573253918907,112.56378468580078,83.03774387953604,48.8943575371154
140.98657227311716,112.1874522071136,82.99647137441754,47.58681901312096
141.21000977261357,116.82649297900733,82.54959637542468,46.45850060424776
142.97077059728852,114.7457329359667,81.03972455167838,46.59672103912195
142.39194764949394,117.82696847377349,80.20572803480583,46.40917720089351
141.45973587942618,116.98803805806558,80.09405393721272,46.1109403945807
145.5542808275898,119.0895923665825,79.78250343332178,45.84660147376505
144.8595287943413,118.1152249628445,79.21172478450347,45.83505356592573
144.6723631108126,118.22549034801638,79.58605615156087,45.614522795581955
144.67815174177508,118.28121113433274,79.57447888963587,45.50308122294925
143.467204192716,118.24184265720824,80.04500408281154,45.581818177198244
143.2098389236757,118.2964727517409,80.55973462089212,45.472557988132934
142.8146852537186,116.24042854822707,81.35004196080634,45.65377100887311
142.79679928121345,117.18533132938904,81.38581390581666,45.744177091691085
141.7662715447305,117.0075629828058,81.46458982903133,46.09971378485758
144.75731831494883,119.0014583894725,81.45097626026705,46.09090961930577
138.18119186981534,117.83630613157183,82.66837626381891,46.43207198732125
141.7761657430948,119.82794882160525,83.53025599958711,46.47470034841796
140.79949964220327,118.63650875051661,83.45716407905147,46.83115636827658
140.1953742539643,117.65966394233035,84.66541485552946,46.75343047414343
140.8898133590927,118.98025503193105,85.32448221061098,46.160193860280415
143.45714497627174,121.11524124470638,84.28488370501033,45.985286163487125
140.31962522848764,120.13086808068692,84.47228699294989,45.92482042231649
141.77194689767907,120.23363569084663,83.59858594785771,45.719285201997096
140.96731839136675,121.47221407967729,83.19330090966909,45.25667047514902
140.17302953728176,120.39865266915696,82.78122163810258,45.403136316453164
140.22510759848757,122.50442986056507,82.67706551569098,45.1857433751445
139.4933860131581,120.23628205046361,82.14867850766471,45.738378637977
142.5115423059077,124.38914400371173,82.09274276759446,45.4064905253861
143.6773744097794,122.08682125082854,81.74805233454003,46.03718848177466
145.9738178563882,122.70725449404327,81.14041337276137,46.78894596106464
144.8737330712462,120.81251481040934,81.34418745900552,48.582029844292656
147.69509302235448,125.36850610040739,81.79073142267094,47.58906575213928
143.0201878329221,120.22103931966282,81.04253688838153,49.80559538310508
143.06545993090197,115.2248716308637,80.95199269242183,51.61445663336901
142.263509314325,103.00937034830608,80.48105323017259,51.14737085364658
143.06430785263456,105.35122343972557,80.93943627106198,50.58362490582466
140.22393841346585,108.84906567015365,80.44800102272221,51.81750594720475
142.49764812666115,109.9392811683149,80.04195315895261,53.77844651350321
139.66581797806174,110.27319068464607,79.41390320314831,55.20786423184194
141.81435133329475,109.78323935141151,79.33972182793337,56.18776689831107
141.87418979348655,110.44119508560404,79.22004490754978,56.998346879846146
143.8669775096257,112.33652689140393,79.5105167002367,57.48373049321158
141.56446644163145,109.2496053398064,79.81472532027855,57.206353322486706
143.74589614639115,110.51383381010488,79.75277888779831,56.8283528704093
142.5235442626023,112.97262892395928,80.05418637457123,56.19735520430996
142.66103977490303,110.18290978124271,79.7791953499698,55.36442867185483
143.54440775798997,113.71809352894059,80.13200512606667,54.65269840327141
142.29141238266524,109.8541824738385,80.5249047571324,53.928156035140816
142.0756716692345,112.20034295416292,80.95638618399389,53.44981277740119
142.03874476177975,113.42650143017127,81.0302399989034,53.10301843880603
139.86446109319397,114.74329285175116,81.1770922204138,52.570293153476825
151.36135995166245,117.20042703305721,81.2192621888727,51.84438255184583
139.24385453835674,119.4445202580788,82.54472585073506,51.52156831357517
139.2510042653689,115.26509998078502,82.53042639671075,51.49200448103855
138.2787942671406,117.36944144306968,82.37845473725388,51.476104868296126
140.3413489194621,118.6221151898458,82.44105518372821,51.06461225030251
142.52373976980243,120.80655780742737,82.252043672459,50.87149720455079
139.89962835352577,116.57471333109638,81.25480226400802,51.00790050254039
142.3206344491156,116.52922739865437,80.55122219134842,51.09887236742441
143.06405363062356,116.79921602485503,81.12460238642544,50.55889511502309
143.08810127828556,116.06464377044288,81.0765070911014,49.968297163241935
142.41243466012395,116.03420087638213,80.3787309082318,50.02918295136345
140.78554177902328,119.17474454857549,79.55308338704545,49.86724553205835
138.928638582529,118.27996931946673,79.21755556128957,49.63212888090364
143.18467079047798,118.27345051836829,78.76833976933308,49.64516648310052
142.21543077541045,118.4039129944476,78.6976037105535,49.384241530941914
143.17174246227407,117.30464102866738,78.78876748713458,49.57899831219405
143.09868987193335,117.34961647503292,78.93487266781604,49.48904741946298
143.4349412324185,118.32306628813552,78.26236994684572,49.55123738018618
143.57975727908178,119.22286394445352,77.97273785351916,49.75171869418281
143.7720864268382,120.18369739233718,77.58807955800633,49.82914827234711
143.74075327013242,120.66845668693895,77.65074587141787,48.85962968314357
143.73895128724809,120.99986799243729,77.65434983718656,48.19680707214688
144.10441465510598,122.01338173971385,76.92342310147077,48.13806788004962
145.5838191366548,122.15239199009211,75.92100061338498,47.86004737929309
145.12160942708638,120.43863330770432,74.90867505528756,47.41407478960014
146.51965822975893,122.41065610375,74.02671597974731,47.298306257118455
147.021435304903,120.76960949237107,73.0231618294592,46.78239228839755
148.26994232794905,121.85219617247563,72.40150139176752,46.49257253658887
149.71110214659842,122.13568260981569,71.38038207401227,45.925599661908734
149.28444004145553,121.52665608807484,70.39727331593983,45.30721973703219
150.54974293042366,121.86069310165541,69.67804388266853,44.63914570987106
151.82300986319888,122.17225108702738,68.92095234518384,44.01602973912712
153.28505548037458,122.32694259627458,67.7645520865562,43.70664672063274
151.0493416798676,120.06976535146012,67.00037633401755,42.985397856709085
151.80373366604476,121.88351433589513,65.4915923616633,42.80131286262016
155.42723388295485,122.94012969120942,65.0286541353178,42.384097703860284
152.5297802035014,123.24498932877093,64.09509852930086,41.774378428737265
152.3421839952305,122.60715395203923,62.812344613396526,41.392102849754565
152.99993131388703,122.6952227098191,61.496849976083496,41.215965334194806
153.92777516140916,123.59528327638466,61.25078473946748,41.02546665949194
152.7573668558131,122.74229000980513,60.38608720279075,41.1286961187166
153.990999092921,123.43627697814023,59.510273277685016,41.33217273115643
153.42685835391288,122.04855448465251,59.05694834216555,40.94440489106037
148.99452815459262,119.74087012103685,58.51148897066777,40.85471373322255
144.70635118479606,119.61545485549017,57.73604090805049,41.1055442643159
145.62457231043715,120.38849650933585,57.45064110668351,41.11050340653974
147.54417308087574,120.83896539312518,56.70504392481141,41.756367818463644
153.3045909311923,120.7277266994125,56.00690363188231,41.97884520588899
149.58013605772055,119.2468096394237,55.76019236840353,41.86243092169769
152.88066460563186,118.40087725514837,55.29299321999456,42.02083120339496
154.01644137555328,119.53812464536189,54.550373459869085,41.27527020268528
150.51643424386148,118.86377521869113,54.02318412256165,41.1185283358886
155.20981371080939,119.0679204502277,53.6054961877822,40.71023787281544
152.5466689921835,118.17889400924368,53.004535925679555,41.00647832994489
152.8819202114101,119.40241466104223,52.33403348722634,40.036908113931304
153.9366258784365,120.48487104953307,51.6760564605254,39.3234296443015
154.2295315110451,120.82768150047887,51.09024519530817,38.63780874240987
155.159813956727,121.13628298578668,50.63931455647553,38.02060577179426
153.2428541542857,121.20315700782149,50.29519617587706,37.886857727724646
155.93984768407284,121.47184105606281,50.44221898923124,37.349489631241994
163.89223762213345,121.8559488775326,51.08181019970858,36.58127398830243
156.04914389013348,122.27154812758488,51.634293083862396,35.75007548819785
154.09723718382682,122.47910362337761,51.426797709299485,35.33496449661241
153.51243059239553,123.52073301155252,51.23597176447758,34.61214484794705
155.47441140112002,124.41150917499414,51.34877162563777,34.17617968060017
154.8041193117994,125.3259022452643,51.34931095049337,33.687438393845476
156.39993038877267,126.13192110482302,50.821530268777266,33.40732141084329
157.39575586886963,126.3243161658611,50.1492115474953,33.022531288767105
156.91816862467945,126.97008803197568,49.80155566250692,33.033817929906675
156.48187536957334,127.65448300387193,49.376346728867986,32.96282342996531
156.60709233407562,128.48699233821924,49.12591279986344,32.588027825224515
156.3993880516863,129.28542263908642,48.26109331337231,32.271395274759904
157.26254889300506,131.29742990929725,47.79673481709422,32.033270293416564
158.067589558042,132.60307896012318,47.43767655523957,31.924018328203225
156.87714505529553,137.56984890285577,47.33095270669416,31.940929858891366
158.0234127855652,137.93075604370648,47.523378406701354,32.461596157463205
158.56070406512248,139.6539817658991,47.70280615063004,32.77717562220778
155.0490240969682,143.26965377876763,48.41646327915694,33.11747496580867
154.36016763244788,144.96610776669797,48.515840644719,33.55957368038369
153.69140363370133,147.3199069316498,48.566218612004725,34.000575471309695
154.39198010494252,150.2735834628584,48.46026213410606,34.56920473181105
148.93707093427304,150.87998552693557,48.94633806503758,34.65936840495765
153.92050697105012,152.69197489351075,49.473950232168576,34.97082126206426
138.7772236761537,153.84459653273518,50.61213238336243,35.31543111439709
140.01965389999262,157.13076568404554,50.82290971605305,35.482187262697494
142.93679230202608,158.44168395912695,50.403660927368016,35.56786472022564
139.65843344703586,159.7913619975229,50.21621266749511,35.56617503137512
137.69383077754478,160.41709667738783,50.10750912899524,35.66067529747261
135.0366582456664,161.0602082187484,50.038328890728074,35.72033354025751
134.5594966181354,158.95386344873344,49.646835939120834,35.8955744602798
134.61444986384245,160.19873905551674,49.53692944770672,36.091355273259985
127.92635613992415,158.85679166137317,49.469972102320725,36.08662110290258
127.45441017039218,158.72128333648158,49.070643532973804,36.357637752685804
124.87354478375616,157.30290168204758,48.86598266023504,36.51120523854836
122.152983032747,156.58269526411635,48.94311151804245,36.610619413358116
118.65918511783377,153.83793142292905,49.21171310301537,36.72495169984991
114.18690246966418,151.11440935012652,50.05773626101167,36.77296775322633
114.14881978833805,151.78381316103673,50.13390162366393,36.79756590032676
111.42562484244695,149.78811409151464,50.12042720810791,36.69406580886725
107.46955593833523,149.72742859694796,49.85418273380888,36.81543679800065
113.04098626360548,150.22677289846393,49.599394514219235,37.17775724883756
113.81788540416281,148.95698586819492,49.40866089272113,36.99120199014248
111.08018828760865,146.38596527034576,49.45561460763883,36.7048026676502
108.40659353287381,146.39558158817954,49.390254781357505,36.68557003198267
105.7386538738354,143.72012879439396,49.31882037808869,36.62916189820816
106.10406092222595,144.94837073725145,48.58800628130756,36.872314837135775
103.33282893957579,140.48531185216586,48.75980424166694,36.399767098660305
110.21523712627258,142.353785675308,48.370583737391456,36.675498213111474
103.98400738302026,137.65841055724616,48.807794132461225,36.71327693367472
106.39364676453457,139.0695037661695,49.362184664733206,36.57792516347832
103.82518063316378,134.40046181749392,49.1005619424819,36.46853783709193
106.83017130983475,129.1545484080578,49.80992572374844,36.20941244059068
107.47736565715755,130.13858164296528,51.216328204296296,35.5917415583724
106.76571699494376,131.51935917927767,51.27811653075336,35.553204481688596
109.43872115381917,130.91514627720633,51.379328439642876,35.39982522917122
108.20070231865401,127.46006579405784,51.13377357767747,35.50600486472882
106.89349261256324,127.45124341559014,51.030501683594345,35.52364962166422
108.71713127368734,128.08600631581007,50.09837964109507,35.61170146109887
106.58304371435237,128.76600173860317,50.33174533233026,35.59664709132423
107.98675549054994,125.46462596926114,51.56898134872459,35.45829934869249
139.47599751023603,94.85327587473654,48.63398735234543,38.00213426845308
141.34340832759878,92.62040084086564,46.26094331161645,39.74432914820177
142.8582518357111,93.27852179553999,44.58469771060637,41.134970069282105
144.96391530418282,88.63042551290378,43.072656192262656,42.33330637875516
140.76709946943075,84.25857185177196,42.05154553796795,43.007234566334084
144.62754009714013,90.58680561884307,41.02810033551031,43.745639138114115
146.23644486820888,87.23362581814656,40.47998683963158,43.77775862386028
146.95632585283198,85.47576985888956,40.36686439705772,43.31355196235729
147.79671218649335,86.5268792799263,40.00368928760007,43.84652823601401
143.75621099374143,82.69092067822174,40.16391686391184,43.597670630231065
145.05441780434583,83.95767222885095,40.205109229246695,43.70177351551634
120.36054418202698,112.2422321890418,40.71284628237795,42.61807056927716
117.8717193250493,112.50723860650469,41.75385953823168,42.0880577343514
120.57700248463401,111.34202058687897,41.62466334542554,41.77780871042117
115.24666588725054,118.43293050146295,43.09136711762175,40.73023091349711
119.78242614009785,112.28745189071982,43.259106252700725,41.14214002541731
127.11876351254199,113.67984858779508,43.20597003218585,41.01544454478927
128.839444888506,112.60857500913242,42.41702594384314,41.83178237032192
129.3115197915039,119.82107995106036,42.79962102178923,40.674221325884986
130.42171109390216,121.8161548320218,43.20812274749889,39.31295589446823
132.57831760333093,118.16541697999736,42.79245742667813,38.81933620244349
135.07609798272517,125.73434430804463,42.93627380345972,37.81476866916654
137.7565278842971,127.07325046716291,42.659535534503604,36.4079867344769
139.63961292125938,126.87652035441066,42.625918808388164,35.557262510711695
135.3020828778163,127.20024752286115,42.691171311030665,34.90980817381071
142.09570471013868,128.7419979890295,42.52971079368761,34.26735872280159
141.52855401037155,129.69371899050952,42.45636063419338,33.57156827887002
142.85796262115446,130.6788043093183,42.188032574108824,32.79664222199305
142.5010803811277,130.51527592062874,41.72325369501111,31.945155640221017
144.49530718786212,131.5569194541155,41.207524393808285,31.019443344002788
145.3207418797112,132.43127762400349,40.69125511954416,30.40532711366084
145.55813428267078,132.74537746286833,40.21647031362502,29.777127435931163
146.38814994188328,133.60224036192153,39.65563114761653,29.16259379024129
146.57320536029346,134.98578134613746,39.285520310796166,28.556706882389822
146.64434067574302,136.74014571974416,39.143249679897075,28.243087174902676
152.20549686426733,137.63883003458457,38.598193846071,27.50344419954411
147.8185142580985,137.92998344049838,38.036472715775744,26.92113738771648
149.53079270031913,135.18725882013376,37.66952626713966,26.291365756835397
149.1727245234724,136.04961717749327,37.38239681780578,25.569914845143686
154.63557244006768,136.83541016984935,37.3137243548773,24.985330985000832
152.22872604730338,137.6125868678445,37.2460512963636,24.407250757818964
148.43552923105304,135.45865654383317,37.10731808570599,23.886907128867712
153.6175743963114,137.22331903874252,37.24692492583491,23.2222268219524
120.53865107639497,108.08036516143153,38.141442742116716,23.8115685151742
118.25244333699715,106.89496657945324,37.86840153521819,24.24418300485312
119.45554903198754,108.62671232507773,37.40669094008645,24.669693103302198
119.1072925927906,111.04782276923895,37.13078108570703,25.662008611619473
119.799270601832,112.15521880263924,36.731555817625804,26.401408794823624
121.26667030311917,112.08632306081657,36.76941747494792,27.53008729843443
121.54516863311434,112.10262047757159,36.212420814957554,28.50746628746672
122.82747011740965,112.17239211382194,36.70002848697115,29.385326561834066
122.8405240721118,112.64509720278758,36.67392057756683,30.518154914612666
122.47685359690053,113.7359617173839,36.34422934167844,31.507522444352787
123.58234076165114,115.49232929356032,36.268960238843114,32.26619774533169
123.19065417245153,113.63313469044631,35.97349988452619,32.74808635341132
124.35319345622925,117.06847318583446,36.894216312283135,33.450931018364
125.13100895886905,116.601609189065,37.553516842246445,34.38465901190292
124.75837993687689,115.57708044952564,38.29877488623075,35.301106643457594
125.4910166226127,117.41231252958411,39.15112728950784,36.26589403283806
124.82654510014129,115.94473798393503,39.292618011718965,36.826138478672775
125.91728193598829,114.65350249510432,40.706834055945315,37.01148297905397
124.43455636221012,113.84790939211459,41.22515605048244,37.39910460852384
122.8877537022216,116.50835919768099,41.84313982494888,38.26725886116749
125.59513597149997,114.94555814712523,42.73470947258053,38.87032728780364
124.20901153077023,117.20790961282935,42.937441536079575,39.484657992316286
126.43030763609944,116.47718645981368,43.68565356285726,39.64840323898857
124.8228575651621,115.65848624217323,44.276629158548324,39.97384140117768
126.01556261291033,114.8576989415196,44.543911895085245,40.24906958646825
123.96790083764344,115.75739927908094,44.63455269410242,39.78456316185111
127.13545185803258,114.89822516044251,44.94388206128564,40.174025117535685
125.40712426469264,114.32418412575296,45.720710828266654,39.982193977065315
124.17599948233243,115.20854271487502,45.48516948887216,39.56237225087863
124.9030072431626,114.51523958684155,45.36967313885904,39.61045933529833
124.14467129456938,113.72551361244433,45.548843779554666,39.85241002760195
123.4631696920761,113.02202198061063,45.56769351748932,39.915239824217416
126.69438444852247,114.3356034627441,45.83252387664237,39.97898080876883
125.40790203020049,114.24750237926614,45.70433663492247,40.155182975724756
125.05657185402839,113.52147918001323,46.40699698726665,40.25581713410375
123.0689258444917,112.69442237468141,46.29056198816272,40.546021738708305
124.31844182111637,112.02274544347932,46.52504399009634,40.522618623521005
124.23425961009889,112.8237936048366,46.693408412131305,40.29053662537813
122.70549269696319,112.32035638798119,47.01314662266757,39.92851325122134
123.26687166963107,111.57141498517822,47.25841177219437,40.058372961964736
125.2672550831396,111.53388529990058,47.37933974045924,40.133432332520016
125.24830902905424,113.7582791776643,47.41723184862997,39.815561726194666
123.18790504988861,112.86704865947615,47.4207192958406,40.225582592197426
126.26171059122831,113.54095571097308,48.16857569998781,40.256861986568914
122.04940357061828,111.97420844160854,48.24639533179927,40.6080917221618
126.10252939501929,113.32497390008353,48.528084301098225,40.7025410112455
125.97589162821765,112.56005388604473,48.78135983470149,40.828525979099204
123.99191802066765,115.25345966315386,48.51993936140381,41.08087134274454
125.40490363978336,114.48252528694094,48.513608256872146,41.2129200283205
125.55263964678814,115.83237340712549,48.218136242862585,41.336916514420466
125.65081166545365,115.25070165572443,48.021792205531575,41.0909854335151
125.68607447468017,117.50736715010623,47.95126658707852,40.784522371685924
127.67411000058163,117.61735262951113,48.164017898741406,40.56455141287611
125.45035612328714,117.86775940900593,48.423470300366795,40.063737853886515
127.9870545842486,117.1473228250863,48.917848556213876,40.112667227283254
126.62438795580209,117.181087121751,48.84250167709592,40.045138633953854
