198.5,214.5,34,81
194.84748384985633,214.66253622068183,34.986608231893705,79.67492755863634
192.75266645323887,214.85601182902113,35.63409009761045,79.28797634195774
190.6099332618027,215.01719106803722,36.36584773621241,78.96561786392556
188.12290148251074,217.6171917323462,37.76991044763612,77.33561738246773
184.68103553016934,219.1646121095963,39.29650341270267,76.02648960783964
181.39436089199302,226.02433667100127,40.491050857794136,74.85757809130584
179.00756946539454,229.92612010462943,41.67214333095199,72.44274679410805
180.84465718253014,231.05248032424282,41.55932185272839,71.97070333290503
180.7619963871587,230.91156608474355,41.72464344347126,72.25253181190358
181.29999240753867,233.38450071769654,42.42739894879404,70.86415763816305
184.37801013962252,239.62527313169034,41.58140099093433,72.54271282699666
185.22908059178968,236.5799586258952,41.65987870878723,73.29148597202519
183.7241801989164,230.91781876921635,42.87663788147279,72.06447439395595
184.68357855423147,224.61497779621004,42.753287829430974,72.10202972985016
182.46743582517482,219.9616605706998,45.39165151530684,68.8512117752083
182.71625620057327,221.61039296163202,48.47319488096282,65.55374699334384
217.7852491146369,214.3807520245446,46.380146366533744,67.47843515183745
210.3000573695259,214.36064520626306,45.282506380607,69.30398473019483
203.4153870275516,213.0557756622156,44.69527621787484,71.91372381828974
201.72082836069643,218.67428505597388,42.61295465272054,75.26720876107893
204.02669399982733,217.54408144234458,41.6781992550072,77.5276159883375
206.8483801418703,216.34925572468086,39.746652522230974,81.77318019931985
211.5682694415391,219.32709451240098,39.73122297518177,83.35698186571035
215.99702799169452,226.5374875183628,40.41229013192861,84.19793066507907
220.43698680928,226.5037181440373,41.19158251607983,82.33362740986568
223.6216442119598,230.4803016133663,40.57661209663518,82.05291965242758
227.42338150112258,233.38035207883166,40.58657210955498,81.96289466493091
233.2226148205825,232.25863265846303,40.40139158219292,82.30411915374184
237.73501123558052,231.2682854226329,40.89656798148648,82.38081977954414
242.14707939438975,231.63165272414153,41.64092528092434,83.56778389993816
246.6741342117345,230.6373793158419,42.30660334781291,85.55633071653739
250.18467652852485,228.994932972826,43.22385010698836,86.8566405543802
253.7422084902513,227.33947222968138,44.18676903705727,88.14806632728896
257.03877420477795,226.120856469706,45.813895181700204,90.5852978472397
261.69923530916583,226.04947328333125,47.0874370906141,92.8469570435272
264.11332191954614,225.33450278808465,48.781370788238064,94.27689803402042
265.09098993136337,227.385887710809,51.27447959911293,94.62257302308109
270.1351452467181,227.32595897043186,52.54665351932095,92.47033359365192
272.40124283318676,230.8184362020765,52.53844340544235,92.27135671895074
277.2098114240348,232.96394871618924,51.95693377613212,92.4981454669182
280.40847356835815,233.50224355049102,52.31673273952006,91.42155579831464
281.65896361551466,233.5127766219049,52.05830765218194,91.40048965548691
283.9327479414957,235.28382801858936,51.986447544134606,92.33409540603273
285.5052350380661,234.80185047133995,51.09192358228542,93.2980505005315
284.7356889672716,237.53271602416189,50.381574637430234,94.58464265422009
284.1888349483429,236.2971656447604,49.219038380855466,97.05574341302304
284.32545049414944,232.89053034220655,48.94580728924241,97.05140729891778
282.09904930621383,231.426489367743,48.863105566869706,97.71173719872286
279.6780077810516,229.952375753413,49.1532024934007,96.1079783035894
279.49482905667577,229.59633972370727,49.51955994215235,94.56254805453065
277.91768950790345,229.63461439537446,50.43272007576641,92.24487974726568
275.36261690007024,227.61763459947977,51.097585303439516,91.83355935106174
274.15677339043236,226.76686829538755,51.28135955131504,91.30717918784605
272.12347857203537,226.62511224305302,50.901426213362896,91.59069129251506
271.5739597411928,225.71020174708562,49.779483340219514,91.19953174962137
272.267904531111,227.61337242421345,48.39159376038307,91.78530227391464
269.64469176760315,226.3555292783937,47.09529916298133,92.12008185741493
267.7098252371538,231.3760122376055,46.638005637595384,92.89668240470291
267.908711359029,236.3148691657788,48.40723135975643,91.68696041200228
263.1876604939011,237.1511705946836,51.31014643464201,90.01435755419269
259.91790925323227,238.32569401087173,53.440412538859476,89.86992891037647
256.736255350341,238.04935823144945,55.326615473515766,88.18404803365783
253.7287802108304,239.25734335220005,56.85126009648478,85.76807779215665
246.71158967918876,241.01194932063675,57.47922551322903,84.49326846303975
239.55840577208238,237.60217679216598,58.43171780591468,82.41022983896319
233.16825411216212,239.23826761050597,57.952425204987094,81.34798085574454
226.81294539960885,241.40368014329468,57.54729060968828,81.38907313030226
222.54005123765984,246.7133328167794,57.373456489330636,81.66929583865245
215.36059893670682,244.93433225133765,58.64470144198245,80.86474375311788
207.68699097270922,241.71422217579413,58.66176735164602,80.73489961063424
204.54536414063455,241.86804367367517,58.38002527112806,80.42725661487212
198.87107165880096,241.15968031352645,58.83342441246266,81.84398333516957
191.8609363850177,239.55820328427728,59.605870741281635,82.83896669054332
180.9919908886282,235.05732320729615,61.22197622786692,82.89771106397501
175.07257330024888,234.45620611606057,61.74493713674117,84.09994524644617
170.9506381821978,234.57204447164293,60.82874869861135,86.15828320383949
165.2749447489084,233.7920071879483,58.34324722594884,87.71835777122874
166.1515119548784,236.12055907128433,56.5901128140089,89.92682527266996
157.34423111575904,236.25647974207928,58.158059610419016,89.65498393108005
151.30413318108293,232.64841107369193,58.665680360610324,89.92757619635825
146.4235451536241,230.01422391530275,56.791514873356284,90.54181389626797
143.52794331507627,229.4628094287553,55.66789704225437,91.64464286936288
137.9016728278229,226.54944987498544,55.40782915594416,92.86631843257578
134.09252584688883,225.35079725629848,56.077154653040694,92.94730084835915
126.91989718018819,224.02657611650224,56.44951712467892,93.26692731765782
123.83649035322003,221.4804138260601,55.59678463210743,93.6795544675368
122.23320822644942,219.62909664934318,54.14013885843997,92.71897879376195
119.7869585017831,219.58753782107675,52.1545213860687,92.80209645029478
112.94073920304973,221.38353836518104,50.025329831635425,93.73056111977203
111.02446884373359,221.56547545137877,49.382744443522654,93.36668694737654
110.18256381431947,220.92083764308504,48.84536997572653,92.43477803733965
108.01019806380434,219.9284091114728,48.793599550398575,92.22138413738499
107.13502166417486,216.66601605151237,50.54395234965753,92.16350076717369
105.83184168709258,213.18211405515143,53.150312303822076,92.4612867784475
105.5345104879964,209.568032296614,56.01708328831202,92.87312453662962
104.15316115487056,208.85978659300375,56.453082804806385,94.28961594385015
100.64589246146029,211.00492595236318,56.40222512212093,97.06473229463731
100.78672521500253,211.9104675433399,56.12055961503645,97.64914922104137
100.01970966173103,214.10767627569774,57.65459072157947,98.05351303224717
101.69317138529136,214.15035625284773,59.170418211283646,100.39952854635958
100.77557720380196,211.64813652033973,58.51375200216118,102.91211343927434
101.14448441790265,204.18309959839786,57.77593757395983,102.73426559559219
106.52684987323136,202.70022740894973,57.02243973805285,103.1972017058009
107.3561226140181,200.37200686603146,55.36389425647937,105.35683193749423
112.81997111065132,197.18877835843173,54.43714276977152,106.72281619941434
114.31277598185389,195.4323707765149,53.95587036293984,107.7312940276746
113.02834578444399,193.8533447229994,54.013929979451405,108.37854535639738
116.74448055169648,194.40295559411265,54.14550315043732,109.80060451600114
124.34888468089667,197.91140986608542,54.20288512498833,110.41679108853131
129.57809005157205,197.51980957645748,53.961951977099275,111.19999166778726
133.0294422292222,194.20547110836344,52.18250795800948,112.70540826776478
136.06939408565447,192.30351535828487,51.207713795357805,113.95676499281545
140.03066409548083,186.13914284715736,50.94614191479659,113.5172297832512
144.12217415779838,183.5956524765193,52.93384679281198,113.51884802320205
148.34026791821998,178.5835077845132,54.80777202694099,113.23302465224211
148.12844107539928,183.87129357669778,57.837443339566846,113.08152357581075
150.01605875578701,182.38017833090547,59.37471869101246,113.40749871128486
154.81807196753266,181.05256374627325,60.520739082016064,113.37521617692556
162.2383557776756,184.32346821946044,64.62714650394201,112.24682867118318
164.10746490917128,183.34365426222035,66.409056459476,111.44639247640063
162.51203727378322,183.53439919149866,66.82157912336787,111.06490261784406
163.65657883333932,181.63975045429683,64.53249600425568,112.07458409277108
165.5598865929224,177.29191019200871,63.48178591615561,112.50254832414907
171.07018226570102,175.280895949956,63.43877710010045,113.780181175879
176.39602266268423,173.47544142824668,63.837322009826494,114.62853379337453
179.90264717190075,172.00676468283893,65.16972922994721,114.7840018713388
184.62215129726044,173.768532617897,66.95816427536312,114.06732682525647
185.222481352838,174.2095974315741,68.58406350215098,113.18519719790227
186.54166843007243,173.1997536116714,68.78657263584356,112.36400154954617
188.8091631467334,172.33559943479167,67.08363724308366,111.26025586274366
190.2471531218517,171.53419044256228,64.20765729284703,110.07613270457387
193.7250042389234,171.2177419545847,59.972714536101485,110.70902968052897
196.975438743159,168.22020365419797,56.12989279944577,111.38801173767148
201.37571590776878,165.33746133526176,55.13518433349281,111.94959913336615
204.51236018669698,164.16446455803282,56.64074108515006,111.70264425131953
205.84342981374374,165.3424368925878,59.20937084494255,111.96208408915254
204.55423583188815,164.48370055074827,61.78775880865376,111.01613886028045
204.30382057134454,163.77844565637872,64.9821624265793,109.7330755521812
204.46470392351608,162.9858579193056,67.38915985954299,108.58948688902069
207.72204449006085,167.52811630102065,69.13127025400026,107.7617616531374
207.53106990455035,165.85295844390356,69.51321942502125,108.3430169295035
206.0086638720356,162.45453241401046,66.98973576260066,109.57157326183966
207.42696681856643,162.51826688224796,64.15312986953906,109.44410432536468
207.96316693042507,161.08434345513996,60.37027511992514,109.60149665368401
212.2212589117495,161.57721628879716,57.151095520469944,108.61575098636965
214.95359424019526,161.65177964872095,54.26528197267804,108.46662426652202
217.2805958348444,159.3261410979957,52.13819885526459,108.06406122420287
220.62098681333617,157.87552729939773,50.42569882193224,108.48114785957318
222.71298252196996,158.31599024172064,48.70207096222977,107.60022197492736
225.90356898668344,159.6168288203287,47.15563693048908,107.41591426655441
227.86599286035113,159.6837505222897,45.618293553372524,107.28207086263237
230.67391252907782,161.3512093447784,44.719289728099525,106.30557097374522
230.4474463622606,161.95780796517977,45.172222061733976,102.76399167219864
232.3207143537608,160.93321181695387,45.99597214903896,100.24289789834505
236.3404209149567,160.66419615918642,47.008622845546654,98.51791325915508
238.01231507851358,159.90190110209255,48.17599781567738,95.53134007609826
239.98242269760667,160.55493351398565,50.932317062193604,94.22527525231209
239.08231386919704,161.45330013765283,52.73253471901286,92.42854200497774
241.1098914043576,160.44364619472,53.206442864447,89.91878667508814
244.50923005691408,165.13890699175653,55.349071772396115,89.46957129407714
244.33776862200014,163.62740445398043,55.691994642223946,90.22784806409216
244.4343640055693,160.5198145973591,53.21700055852148,91.8794211442065
247.45470124978576,161.56568403108355,51.70555146965949,92.0522949765431
251.95704992818224,157.42903515364753,49.42535910734761,91.35958607210694
254.46081191696538,155.52589353144282,46.610195338860564,90.78114889835811
258.77867527116246,157.4521651289126,44.380986149344665,91.19961738267071
262.5444813004688,154.66338093951072,43.15855785186227,90.46800200034431
264.94711047981633,155.1145623349768,42.495542103746835,89.56563920941217
266.280968491737,156.98102596560759,41.87423760652038,89.92553500138025
269.60680073001885,158.19901681891466,41.345004631733154,91.57117429595041
271.9312717880577,159.3915676600989,40.80699781577889,93.29700791370543
273.9167398628364,159.8825571291962,40.97813333432288,94.3860648095615
273.2370169550754,159.73546266821998,42.33757914984483,94.68025373151391
272.1512670583909,160.91023774741586,44.509078943213865,94.44873756360732
273.8818607279207,159.53059429806507,47.50596792096097,95.05533235670666
270.5912873335549,157.97728065312828,51.87349436551439,95.94833930240193
270.42800393996805,157.6635684424308,56.80383826906338,96.5757637237969
269.4415279346895,157.67478905895666,61.17182983447432,96.55332249074522
266.6869023721068,158.83047722684526,64.21289357733893,96.7101335372688
270.75219722133625,158.2178680574072,66.16738121816338,97.93535187614492
269.661854863642,154.97821003227315,65.77590537776331,99.27034681483597
268.1771192352652,153.08281395141847,63.57389995162634,100.47540063510002
271.07628347589707,149.21897018701569,60.342633098498304,103.06896490763432
273.15823293882863,146.1357235449305,56.17873417263515,106.68413295501638
272.40077073913005,142.33598894281386,52.62615690904846,109.21610049626588
275.19173110180446,141.65962542432214,49.55367948575225,110.56882753324928
275.19654767579607,141.89179666248504,47.06862283049003,110.10448505692352
276.26264457495006,141.9885526244428,44.936429032181934,109.91097313300797
277.89027295258836,138.77509570944267,44.065441673862196,106.80080937518116
277.2857843856093,144.6969170983314,42.95049304698151,104.25286964075917
276.46994818157566,146.6027848915977,42.31481341508521,102.70848609419016
275.6431916830462,153.06749955583692,43.968326412144,100.9479278830775
277.91779611025123,149.45740435496208,43.89433594928377,99.21768150172747
279.67903418121983,148.04027473250264,42.583092125722565,99.84070842827036
278.22617817022984,147.77684056895453,43.29168959196618,100.36757675536657
276.4493248560744,146.70096838155882,44.628133191847866,100.30205810172885
275.4801749420339,148.93693751219843,46.56643301992885,100.30985924077729
275.84389934958045,148.94838445364704,48.11295612530033,100.28696535788002
276.21662047798407,146.95214652846627,47.36751386849309,101.9788265517913
278.12646314342607,147.9875757984621,45.860094928893844,102.22023440308442
277.9517531445956,151.1374894346222,43.92015692740287,102.78848112821981
279.81904293865347,147.18462163730783,42.44897297022578,103.90402983003267
280.013547167052,152.70162343871743,42.05996451342872,104.13703028895324
279.52434274879283,149.95977550673183,43.03837334994708,102.87123785679351
280.0011136749051,150.0312395475481,44.333803774838664,102.72830977516101
278.56865960933715,153.2280282453811,44.928875535714546,103.14424149027533
277.76297843783624,154.37692248403204,46.54023787871631,103.13281505073553
276.8910419619481,155.91132730870945,48.284110830492644,102.37855584045228
277.40403626216806,157.0135404569096,49.59221675320719,102.50822406720644
275.8642132936304,155.7480530584602,50.31309783843186,102.68043401225478
277.42237199668443,157.37808219161897,51.944380868604505,101.79417596407755
275.94508879725663,157.41669035932244,52.50989805004289,101.7169596286706
274.701129079051,157.45450452471601,52.60015241532181,101.64133129788345
274.2269416933846,157.50140780601473,51.15041810912138,101.54752473528606
274.0081242311693,158.23685799042082,49.21632970951447,102.44834769051148
272.899063883964,158.71289401265892,46.73174303819462,103.84762932890044
274.18197720244376,157.7106254132434,44.16591640123514,105.85216652773147
274.0837203559864,156.889386905725,42.05041059862484,107.49464354276832
274.97527832643067,155.62424699867017,40.26729465773623,110.0249233568779
275.7547562125672,159.43098957925193,38.7083388854631,111.62019310678933
276.30280656588474,160.08324790161774,37.612238178828065,112.61238704706881
276.3874682423898,160.5962449595781,37.442914825817944,111.58639293114811
274.885723873663,161.65344278737072,38.173257136739835,109.47199727556284
273.6649667641065,165.16303542879598,38.3584436788668,106.96546734668422
271.0665175206905,164.0383876059663,39.107555155093564,104.76697598173837
268.5665579718727,166.03398803889058,39.69554122652234,102.9817416289932
268.4729876335162,167.15622603956484,39.882681903235394,100.73726562764472
266.4612290091397,167.5332489726629,39.58214992101338,99.98321976144858
266.88771843508187,169.07388582072997,38.72917106912905,101.19355713578031
266.4443770703788,168.16300230305006,37.46794007034407,100.86741044294898
263.8871244067522,166.5239084408244,36.22082220914438,102.02505710458263
261.35665558404264,164.6729690767977,34.938129755191625,103.61239246617882
259.7582002394243,165.6086442730854,33.90738072593649,103.85487193284933
256.92096277510825,164.01359343879912,33.28663096444535,102.84815714133983
256.2126066141539,166.67653889536754,32.63063795345958,101.66767689399217
253.3375982692131,166.45118865624625,32.24901377863599,102.11837737223475
253.36644975191783,168.14388486666152,32.191310813226494,100.77623749948754
250.25375674088605,173.8898645456861,32.34727468486267,99.39998172548398
248.95967422743058,175.38524942560022,32.92898208620976,98.4156695912195
246.69969066892708,178.39079181897137,33.44271796472913,98.41393166220874
243.4904795051729,178.72931550643267,33.82371074460835,97.73688428728616
241.30567627779664,180.15061453020857,34.17377701338657,96.9040563327215
238.91551052318587,182.205268602481,34.94560786354323,96.80324884724156
236.3498783987064,182.2307161537714,36.04326423702565,96.75235374466075
233.60039387667473,182.5439208605711,37.47042720699947,96.12594433106138
230.91600840568395,182.54751303317033,38.734078932034535,96.11875998586288
227.66459965117696,183.93175752853526,39.01177429099732,97.50035242850049
225.10205243742993,181.24833124391787,39.93709194868483,98.66742822792872
222.4145232787598,180.9566593610473,41.04575306012612,99.25077199366987
220.2423907061831,179.75521593958663,41.067344613063476,99.49232204048319
217.01021201451192,179.1689128963452,41.03608562357149,98.49972266935461
215.21818958899388,177.89165685924348,40.31947894299838,98.9039089777534
214.40710265901546,177.12057965585382,39.798235339280275,98.30264592085783
212.2746937082177,179.19952620442595,39.81211584586906,98.39569021872025
211.00351919603972,183.4563999935631,40.2274083392013,98.39016876454095
207.6465572403278,183.28111332820652,40.53821374418142,98.74074209525409
206.07160772711572,186.2067209802209,41.54315549724688,97.1794413379428
204.5719933291688,187.23448490997302,42.40215150419247,95.12391347843857
203.04945852244902,186.83230673987023,43.32161470599414,93.80266340700621
199.5194810305125,188.79731986705866,44.01395189037759,91.99517641912584
197.02027951161003,191.60998791388243,44.79577033899084,90.58642491467
194.26373171047086,193.32908509816485,46.106278052678135,89.24952449040072
191.8877871411013,193.5598981614116,46.64948011430544,88.78789836390723
189.77989245381653,192.85886876945779,46.65145738425955,88.08305109550712
188.87500925567326,193.64619407886047,46.364650102339056,88.6049741549088
187.0558886519171,191.0632811827394,45.80424776943074,89.57215640673027
186.25921733092719,188.73305989839412,45.29371803799587,90.02485422859151
185.31953483490042,189.55168447739328,45.071390526255094,90.48929757438749
185.6606340215676,186.03243563708196,44.38919215292074,91.21385514280954
187.054616611374,184.73820517189824,43.704638735851574,91.69890431063325
187.03036045586893,183.06563847231902,43.75315104686173,92.9454532902795
187.8419198849761,184.85084598184017,44.24763232496562,93.61023854387386
186.5489937194325,184.63547695878782,44.69757165878415,94.04097658997853
185.5286742773809,188.29652431097705,44.58817500167506,95.31902405044941
187.56063577478,187.19458889299534,44.857750845811765,95.35614546694536
187.62760277374787,187.2436235760855,44.723816847876016,95.25807610076502
186.5818250653908,184.65514676166842,44.64714210478295,96.09856940998479
184.1486262334131,185.54313718621893,45.15528316638818,96.50171686205884
184.23672544301482,183.55362333217266,44.97908474718474,98.28686847031511
183.72478221461483,179.664572494599,46.002971203984686,97.19790183960136
180.6282790185211,181.24741609359018,47.75835558475101,96.25102564732961
178.8950486886236,179.84558002417214,48.98932689304293,94.58371908315945
180.55089683783052,178.79173478801533,50.14224694854325,92.22679320155888
178.82192791968174,182.7317350952675,51.382776593988,90.99901715961288
179.7364199573809,175.38247342827526,51.77422104126673,92.37496935753533
180.11653513416692,184.61730729377075,51.01399068769466,94.1322831630542
181.51934869473376,186.98842176956973,50.46877634688323,96.17129255242291
183.42209410247892,184.94915148126384,48.944366546946654,97.96875211348093
183.85669257110052,183.26239230979655,48.07516960970342,99.06110860692039
185.46658908464565,179.66568394464582,47.137439300478086,99.40833718362713
184.28581395180487,179.77955963436233,47.22818005503555,99.1805858041941
184.38095075419383,179.9444874603749,47.03790645025758,98.85073015216899
184.38026891543984,179.9787678313375,47.039270127765555,98.78216941024374
183.43709428057093,181.60772016116968,46.66565011123485,100.04420332311646
182.30128759635812,184.8226904362104,46.665424291352096,100.42978033796018
181.03999875977908,186.58763420391224,46.91055413623979,101.4547884590973
179.64298735639875,187.76246072097976,47.407927173570286,101.40178519439246
178.18893516787827,191.39876970341504,48.01145920216347,101.04288427486519
175.98831633281014,190.33652710287265,47.792951850357355,100.85749696497881
174.90342275735517,190.7871016777491,47.65937771099147,99.95634781522588
173.72601282627758,194.83515481495675,47.72630292114728,98.72392549680873
171.39841784036517,192.33491037735402,47.83934126090945,99.18226273995153
169.22634577928773,193.18206124314307,47.624020601014635,99.76769339939824
164.59917506099427,193.8441560359111,47.74025242091276,100.72803121803435
162.46906240941152,194.4101728176048,47.39936697002092,101.89655303167562
160.71116866004988,194.9495206462158,46.29190297562316,103.12948312101419
159.04285823791312,196.36465555713076,45.00824106838466,104.91949605069625
156.15239776661224,195.66710954419395,43.84878314958815,106.31458807656986
154.16303443749393,195.56132799343078,43.201388504528204,108.83921182974443
151.1255815533341,196.38170711093488,42.26261237120066,111.87424152916779
149.12466856252982,192.94494169170036,41.53512593612807,114.01845995095564
146.75352519400894,191.45927941324666,41.51291507337083,114.6075357079636
144.3874030907987,190.13690242169457,41.4646120460621,114.86201607420318
142.27318422759774,190.5045153689496,40.90697246598777,114.12679017969315
142.2938037401982,192.99943472414168,40.86573344078684,113.88180823256675
138.7931229586843,193.3792549516357,40.76255627739292,115.49034735305263
138.4866664869581,194.92805558708915,41.37546922084541,114.78203486749408
134.60023593606851,197.10779194815882,41.97748677291487,115.20312451182784
133.2346449574307,196.00050030614682,42.301472724120714,115.01051178978216
130.38107115302304,196.0869654064817,43.18803400114046,114.83758158911236
130.08051583484217,197.5915947033164,43.78914463750222,114.25212261162429
128.62103346113548,200.12814763823428,44.28190117277391,114.0314331660718
127.13864109440996,200.50795361588416,44.81480726316816,113.27182121077206
125.77758470035873,200.78856382592897,45.106422142412185,112.71060079068243
125.57412520403442,200.33042522093746,45.51334113506081,113.62687800066543
125.50724361961991,201.2501412054834,45.647104303889805,114.23553037695736
126.97636387508457,200.06255185784966,45.16809747933208,114.15147538585325
124.88092268846057,197.6148992988832,44.46004595910138,114.14784661030743
125.09411015216305,198.47258070118005,44.0336710316964,114.86922726613355
126.47064933931105,200.42478300888627,43.720049256298644,115.84373584851758
126.73313791260779,200.75045197759573,43.19507210970518,117.6401985437628
128.28783804780915,198.33351888684595,42.54974640830629,120.00999015625854
128.4952217324207,199.94853089781202,42.13497903908322,121.75251979409268
129.96702493120938,198.76104762687777,41.694981498070916,121.62387747939604
132.9348945714859,197.1816924311409,40.74676015777816,122.28882890073966
134.30147841884633,200.72218536042982,40.49950421156869,122.66557828769598
134.35108730023111,200.12830681221254,40.40028644879915,123.85333538413055
135.6965938382341,201.08208218861174,40.211087430539315,124.44759868907825
138.38438026955797,203.84036224357487,39.849083899762995,123.94460791102344
139.6346959240099,202.8973821891578,39.84143905460491,123.33758155611184
139.787719393154,203.10632355454555,39.535392116316686,122.91969882533633
139.91957738716619,203.34404598286346,39.2716761282923,122.44425396870054
139.691857289335,203.57405968607134,39.72711632395471,121.98422656228476
140.74159830772575,203.54875816043796,40.09052775298017,122.03482961355158
141.84844096357858,203.70534771019533,40.34712156785151,121.72165051403678
141.72659421978108,203.07489243195852,40.590815055446534,122.98256107051043
141.8687951708271,201.83325558421836,40.306413153354455,122.9729084761434
141.87922958138623,205.40628426537623,40.285544332236235,123.28957881152148
140.35333322147264,203.32640328294275,40.84564195047692,122.46595057321554
140.37127197710473,203.33667814594767,40.809764439212735,122.44540084720569
140.34937384757444,204.661843061671,40.85356069827331,122.28436383926909
140.3119763307963,205.7566644488981,40.92835573182956,120.09472106481488
139.21028543777987,204.1309081591265,40.67375265108249,118.43026391079816
137.8810150784207,204.20419583023445,40.9026742641028,118.28368856858224
137.92917238825328,206.69699408952226,40.80635964443766,118.16149038155865
137.92206763231334,206.5111096560227,40.8205691563175,118.53325924855775
136.95730925690577,206.29914689100943,40.31632319037389,118.95718477858436
136.1432821787868,204.5855482208636,39.51376910518077,119.95377387744489
136.47934942719888,202.7518293097219,38.84163460835658,121.19109864026024
135.40829396397518,205.80375215420798,38.54838910992025,122.39332222593922
135.37732887556177,205.40102575981683,38.61031928674711,123.1987750147215
134.01794388815128,202.00769523225466,38.869501763921804,122.60667357690704
135.19945406254732,201.22758125848952,38.96244621319084,124.16690152443732
136.60581416580126,202.31596566238466,38.62954019395448,124.46994690391867
136.91127170318856,201.48491990955625,38.018625119179895,126.13203840957542
135.76002080931994,202.10319421842368,37.83092305130915,127.38569364744859
135.80440458729322,202.9665223130581,37.74215549536254,128.1634951963003
136.70755607308283,202.7898309547229,38.44965867058359,128.5168779129707
137.93279831518328,205.65027268056622,38.53112260817914,127.85989130487704
137.78932876759606,203.68052395398183,38.81806170335358,129.2752262853277
138.81539148359968,204.83439460598515,39.31545107717277,129.5169997871475
139.77423603681183,208.442270230828,39.959919586982636,129.98772138616434
141.2947715997856,200.37575370634016,39.49960198884754,130.63623326826564
142.4058841893108,205.76829243957778,39.85879243449134,130.17681830056716
142.04902402539008,208.65169724721892,40.57251276233281,129.5731321202701
143.522226291645,210.57396918956618,40.21230052327433,130.90097282247834
144.69460061585582,205.12410405003368,40.46591233666864,131.40726125427966
145.98176099120627,208.1451148811602,40.501815600593915,130.58568762127896
146.0487742446942,210.4312740191906,40.36778909361807,131.2118570623924
145.89846142629727,205.0205199942806,40.66841473041187,131.61080174071373
147.2127200060877,207.5362005187992,40.6567493903136,131.81314433064165
147.34526488617914,210.81642398869297,40.391659630130754,133.11120857322487
148.6221826348402,214.90713209459676,40.47080912678084,132.82874734333404
149.69788390545034,220.1662538029965,40.94985771257,132.8323084345725
150.93304894681194,216.894693483185,41.11889230967155,131.45733503472127
150.44013450901082,214.81463772275305,42.1047211852738,130.3714564334763
150.41327372141293,217.07260085533758,42.15844276046953,131.10699954766443
149.92809345121657,207.97162462486182,43.128803300862245,130.8487614628617
149.67855524402904,207.9098035549432,43.627879715237356,130.97240360269896
150.96744074875798,207.71362726976227,43.71231762087707,131.3647561730608
150.8296915554075,210.0766549052619,43.98781600757805,131.9773759550065
151.8966188647238,211.35209794305078,44.53705848207463,132.1095869725579
151.55912174034833,212.72831398055814,45.212052730825576,132.05217642415653
149.4943077098148,215.2595706040454,46.63515786902947,132.40270902290843
147.52240756957116,218.90378107807538,47.84153805001407,133.32654837335642
147.02796648486122,207.47264456384858,48.83042021943399,134.00881034515086
146.29205538335466,212.43092340423323,50.30224242244708,132.49271827648454
145.87993389538465,220.1372034897354,51.12648539838712,131.10501117666098
144.14285261099678,215.90671730289034,51.80081018200829,131.16647019488732
144.23224394225707,213.4078469665985,51.62202751948769,133.35142116701542
144.0669880563657,215.50614744496835,51.95253929127048,134.83680541055674
143.6596046240559,212.46286908288258,52.76730615589002,135.18685690546403
144.9692522854055,206.70255457826914,53.035897619846835,135.15593876806693
144.82951450461107,208.01503239597992,53.31537318143571,135.42323428782257
143.2551758787768,206.76229298352803,53.562955408268635,135.02761808789083
143.11548890455975,211.6433306807905,53.84232935670277,133.96503715471073
144.08264082066682,213.7022131208962,54.79755092132589,132.73679767133663
143.55531677498277,207.40772690416986,55.852199012694,130.88161836525254
143.07189171509415,209.04266030724287,56.81904913247121,130.49248645573567
141.89434544312905,210.77322158501352,59.174141676401376,129.9235475518789
142.55693662609514,213.76451667394883,60.7743046914883,129.7916481360464
143.5056160761278,211.14204610874623,61.82836948892134,129.13374187145482
144.36307643873954,215.57604537357514,63.07366085883023,129.14637962719408
144.01562776730012,214.1109624315326,63.76855820170907,129.0945010397623
143.20397843767753,214.2302720238578,65.39185686095426,128.85588185511193
145.56132498246365,211.93379407465233,66.7130178232313,127.41298370167364
144.80981649997494,216.23146771567582,65.1965254870515,127.87616432309812
147.5777917345778,215.8585253473733,65.66095769267594,128.62204905970313
148.28983539013427,218.1529887549445,64.23687038156302,130.07140809257723
148.80316428058663,213.3068700348561,63.21021260065828,130.71641247899814
150.8943769074574,214.40014690294427,62.035136279082295,131.53720767498731
152.95359843732294,213.96675795123528,60.91555087119444,132.4039855784053
154.9745171702079,213.63537066642692,59.86562363796372,133.06676014802198
155.57606453332497,210.40295195746677,58.66252891172955,133.56533341788167
156.1073543092109,211.49900597325882,57.59994935995768,134.34242656279835
156.49984473271786,212.9526473599364,56.81496851294375,134.39684252946373
156.69172380852612,213.00017142800348,56.431210361327246,134.30179439332954
158.3450726463544,210.16219642151202,56.06493299277962,134.0969037920946
158.44514900976236,213.56796342426563,55.8647802659637,133.14730048907205
159.98260767536772,213.97177534734294,55.70356454302078,132.33967664291742
161.4465040107111,215.85817298739207,55.674949276401094,131.4660587668863
162.94952979375265,216.04227992444197,55.554944530172165,131.0978448927865
165.91990446410318,216.13846169016904,55.371394768299446,130.90548136133236
169.0331740474156,215.91843289721845,54.88999347941972,131.3455389472335
172.26469032879925,214.4863090422366,54.16774469204411,131.33939476950138
175.69544470815921,213.84249909588505,53.02119052242806,129.76953736765256
177.42085044116158,211.297866041549,52.38482471238374,129.2299121644038
179.50662491676795,211.56404172841266,51.008612159952825,128.6975607906765
182.900594815958,210.61177512767352,49.746900113558475,127.83898011616188
186.16698385521758,209.8779700123353,48.670504898115496,126.57839891530026
187.72001865578494,210.51091883927307,48.25521901536053,122.62171754304497
190.6338640109964,214.88220630907873,47.68051392666839,119.13212822516442
192.4691160147956,214.91155070931603,46.576027064690805,116.5074222790689
195.65014220037375,214.11386026687637,45.23101295236031,115.59428403453538
197.26665412636882,213.37324727841082,44.469327872287444,114.60417123954915
198.72094366672317,212.44290028258948,44.004214802591875,114.0213992201787
202.56968781608023,213.14385575634248,43.58699289564327,112.61948827267273
203.066553888667,214.57266405466993,42.59326075046975,114.56014914863121
205.7802942830351,214.5842278177107,41.98399678219955,114.53702162254964
207.51525722740558,212.1337047696341,40.91185252932272,114.6425044469745
208.98560019039869,211.71330110040228,40.35105347992443,113.10342490885027
210.36795912250446,211.36124521734072,39.9340629074049,113.80753667497339
213.50799482288753,210.98907386260754,40.704633580053205,112.2016653599683
214.02832233992027,210.4079421538453,42.00521778405548,113.36392877749273
215.85907740026434,213.18497370757228,43.106445134568375,114.95397187684037
216.14121618533954,217.10824348115972,44.96616658607806,114.37942939464575
220.68793036700518,218.25104420350618,48.118407082467385,114.54296172189697
224.35493716703348,224.48397522203402,53.322552866366536,114.61525906879703
225.73343955183879,224.52447376622254,58.36639216643938,114.53426198042001
227.14648327094116,228.68528348050228,63.600364468762976,114.27270229238886
228.00336075759213,228.58424928842211,67.43178692007811,114.4747706765492
227.83686611849828,228.42911965574325,70.60539698378773,114.78502994190694
231.14852101504687,225.0352898194156,72.67829296958357,115.77521909530012
237.86744882369436,224.79338732046818,73.98197228969778,116.25902409319494
242.5259322870636,224.8191644677798,73.5971132825484,119.18483910510139
245.62970813539727,238.3645622163595,73.41884273014682,119.22580875713786
259.5524242011028,230.1133832523334,69.67146551255459,123.67913922828077
266.04580486840064,218.76964092421818,65.72985092795899,128.27633038451114
273.2770818894792,214.85925056947247,63.32833706246585,127.05133096150462
281.0326961625587,208.45742624742752,59.640390429545256,130.98751817066568
286.9076284596778,201.20609067610457,56.73746616813086,136.64324898048778
299.346291227808,205.08722399573378,55.6974356284354,134.84030609037063
306.10297533829726,208.29967647527445,56.859917381688135,131.3505711261355
312.080201545501,211.73326584058347,56.52678216442442,127.38872169480335
318.3676373017285,216.02494823319645,55.32012371962357,124.4894634434044
323.516130588589,216.75974634321423,56.13823802948352,123.01986722336885
327.7607034457303,217.51541483882042,58.73630393061461,121.50853023215649
330.0432217063512,222.1999372299607,62.556676578566936,120.52489461906998
358.94667617180914,193.55117641498236,61.68606337036286,123.7329353124504
365.5778099509828,183.8977610375366,59.93908578354372,128.6456536029316
366.73404022156734,190.35475639639702,57.62662524237464,130.3324016477005
367.61466132093,188.78057609243382,55.86538304364936,133.4807622556269
372.91266519435936,176.80140725165097,56.94348797431016,134.0908745821533
372.88395090248923,185.75783588301437,59.94736432323262,130.91025614533712
385.8078547724246,202.19251488083736,63.63192292672435,130.52650112738985
390.6874735718088,204.2120494562031,65.92029336865544,129.49933398683325
366.1809370037546,197.09726090083132,66.34964586743003,128.5464983984099
359.4471782991754,199.99144134684727,64.66763167972636,128.81795014512278
361.28033975225486,205.13831221192254,64.00616583885981,127.5387796108495
353.5714464775896,204.703834759043,64.5505290009126,125.43304983915303
348.81595076668737,210.87419122712396,65.20188715562733,121.95197017008083
343.66427841537876,215.51881479303165,66.76553108302791,118.48919022174326
332.6851734631236,217.01109386958535,68.50193540858763,115.5046320686358
322.5919817064185,216.70113323084942,71.44426235819422,113.25054391880705
322.6092223844084,216.31120861221905,74.29967265855893,111.14050149972329
315.51175724913793,216.2439602261293,76.87110533068639,108.36912387229944
298.4145386968484,211.0380752734231,79.09286803260605,107.15446672219934
298.95099953686184,219.07270944381474,80.94464057389192,105.70866948797985
383.7507519300139,202.34873482169763,75.59019433281367,109.82714399199519
384.84267363224757,197.28389700176234,70.49886393691192,114.14184564899683
384.0899701081596,193.19509633073022,66.2295716202614,116.54474762623461
383.1903057285321,191.59077394844252,62.32702137480182,119.75339239080999
380.53797717967893,186.1589732536491,59.137086487072125,122.12240179496087
377.91175065365337,183.39188478017024,55.95634102144246,124.84551256935828
374.89473641071015,178.37900721641012,53.60499113101969,126.48588932056938
371.70208574243827,176.72921353353894,51.658060196542735,127.00806592930482
366.90345291710696,176.8293978334184,50.25383106331185,126.80769732954587
363.27045251618625,176.87320554459507,49.35252329574453,126.72008190719255
360.88246082978526,175.51166193365123,48.71841008533356,126.7381208374737
358.4732527374711,175.58177199420382,48.14895306414644,126.59790071636854
354.66170028559077,176.11814592664587,47.726969392188735,125.52515285148442
354.24768280732786,176.74870401596934,48.55500434871456,124.2640366728375
349.88476712735564,177.29476300940524,49.314431128341255,123.1719186859657
348.158804458605,178.08082680861023,50.11302070652626,121.59979108755573
346.4698251529865,179.0798089047415,50.84607409676068,119.60182689529319
346.08061061257183,178.71503994431643,51.624503177590114,117.70230896499561
344.3193472965573,176.97333939122433,52.53171840736071,115.95508726666283
342.86195773493756,175.73449483598895,52.84058263841955,115.82686148495291
341.5060181911331,174.53644172595978,52.942993952710395,115.6134999316932
341.70358660620195,168.67299878138692,52.547857122572566,114.29958139245244
340.8528873260117,169.2182148694622,51.66711876632358,113.20914921630192
339.8176875735123,168.15256385715855,51.1866614645838,110.23873762743204
342.1462999482998,168.9119156865497,51.527929641553285,108.72003396864977
341.2022839844446,168.39128134680644,50.93287721898467,107.27821829785717
341.5248166632504,169.13182721696842,50.28781186137308,105.79712655753323
340.855057818757,171.50865005780037,49.208471539451445,105.88119689768615
343.62984658522515,171.57392652130056,48.46138326599477,105.75064397068573
344.1746435999002,172.02393329166205,47.371789236644666,104.85063042996279
344.59958018023104,173.71386642421902,46.52191607598299,103.8248557837584
342.74374278124947,176.6347880151678,45.585040310466105,102.63156316534088
342.1476506620984,175.72942508825065,44.48673385934159,102.15179832974854
343.4654146673349,175.91878858123562,44.11539515556541,101.77307134377864
341.65992984736215,174.55475059342808,43.22205967849355,99.99684220237621
340.8228545309851,176.08312397217233,42.68554285034796,99.15076290578743
339.96952739101823,174.1582930274204,42.20325149170697,96.43358787956699
339.24539027030636,176.40366698676226,41.51043383693675,96.22502375327123
339.50303876888495,176.8043153675891,40.99513683977956,95.42372699161751
337.46144837478886,177.57460904362085,40.86802451498233,93.88313963955402
337.56030169642185,177.38836715646306,40.670317871716406,92.17502143011245
336.69350514248015,177.45550293101934,40.351543039551245,92.04074988099987
334.7515708989945,179.32237313220918,40.14579896014688,92.39662204499595
335.8103193080811,179.07691111364096,40.07463484265816,90.84121338144784
335.07297443935846,181.70441728516533,39.52678141097127,91.65383054579573
334.45673974545775,183.93888681515568,38.73459983693731,93.25884437132126
334.6873515498373,184.47545719344706,38.273376228178236,94.21952063740262
332.93989908435515,184.09193469280854,37.68934340194089,94.98656563867966
332.1577827628129,182.7799069916597,37.213482298084024,95.570527294036
330.20948878981756,181.486323565902,37.03011942770851,94.07774332918513
329.0049506141998,180.60713725305516,37.42396061852021,91.80564563403121
325.7505432877327,180.32256705793125,37.96411462607294,90.38523247581857
324.774918608889,180.97312124627325,37.93670911675421,89.08412409913453
322.60204999963054,180.8730787648285,38.36371362577198,89.28420906202408
321.55461676131875,179.82906294803098,38.48876838231373,89.40242897553733
319.31377931880564,178.94584684685967,39.0229789606489,89.19512902453442
319.34698996444837,179.3688404973591,38.95655766936338,90.32930073524338
319.29930923106434,174.40553552349107,39.05191913613149,88.28345416581652
318.1319779634388,174.5183277343164,39.41912612166955,86.09041419445303
315.89017642143534,174.10952520633725,40.018600234946504,84.96595476504626
314.885869404319,175.1991969891953,40.09103412347148,84.72279134503793
313.94545116796445,178.02778486083713,40.037970484427746,84.86731593701269
313.1704779887183,179.61773336884417,39.65283598706951,85.5575806326998
312.2642403524949,179.45657272149117,39.52690596147536,83.94149662936485
310.3635838631007,180.86641968746633,39.502869089712846,83.03447762268995
309.45200959071303,182.6053202840647,39.42698190905993,83.35474788034966
307.08208773476537,180.4885717065511,40.36206197013393,81.88109955914487
304.75486532387623,180.94698944915672,41.222252945705165,80.96426407393363
302.3628082569691,181.3047279016211,42.20920505881146,80.24878716900483
300.27666923096155,184.28715593640067,42.57134364044698,81.90421004020493
297.275725684471,183.09479091196673,42.76635784108556,82.35331579162535
293.99070716044946,181.53249685699237,43.499664555430904,81.58675034577549
293.08635918726475,180.46703728054055,43.36145826022988,81.77076725710866
292.30680617867387,178.3762008061776,42.973324474408884,82.05796059982913
292.99511256685776,176.77537126839587,43.54150879218231,83.31482258125132
291.2429015218388,176.41871859869258,43.099856322281234,84.02812792065797
293.25706211811837,173.2142088182079,43.02334899289188,84.50942668687247
292.662378269286,173.46074816887105,42.23107015637943,85.99799451972335
294.0038792004659,172.8437241375055,41.53779995469803,87.23204258245447
293.2797641949717,172.29530642447958,40.99033235544921,88.32887800850632
292.25890979944904,175.09118477639527,41.02992039767743,88.7434835511263
295.1445827137853,174.7949910549405,41.285112139528195,89.33587099403584
293.9726637802795,174.35262928523218,41.607021588872314,88.19866611578496
292.8562686739826,176.09826614257315,41.828817084383196,88.72938183526887
293.38833965495263,175.19790817304326,42.78727221951627,88.50750067725558
291.4524319181912,175.52346887732637,44.62303514760967,87.85637926868932
289.7839949294346,175.24123013547376,45.90157967451199,86.36252730178362
287.9299422117112,174.81753880056038,47.55129498392084,85.15151984557235
286.4544299921575,175.25945597262645,48.43358947867111,84.26768550144021
285.00817429132326,173.5907161412959,49.25545284105366,83.46386908552927
284.6328116276149,172.6170698112726,50.00617816847038,83.33852309351943
284.30482467227137,171.51787803065181,50.66215207915737,83.45345648786143
284.3342446298953,169.28321509252862,50.603312163909564,83.73035242782595
283.27138308337607,169.1321062992684,50.62968720126299,84.03257001434639
285.6117631539754,165.69386042040236,50.15751125367643,86.70047757846636
284.9369886350094,165.82591451690212,49.37111036169433,90.708269245295
286.3325397740375,163.89940905310556,48.76183760027428,92.37945065625209
286.4443061292373,164.77567976621245,48.538304889874674,92.82291218280841
288.80605743941953,165.84322567489778,48.21216614556868,92.88650230346695
290.1985195579101,166.2862841126288,47.62124763945455,94.19439115887201
291.89219335953067,166.97997068808982,46.4369033567613,95.01002132849777
294.7456748932318,165.69409363823374,45.118800610135786,95.38734526782156
297.2376626313236,162.35390755734053,44.48883493363201,95.53670273008815
300.77337123450354,161.48901853155064,43.921967086776476,95.09829766183316
301.9414398621079,160.4848292449185,43.73772096581515,97.10667623509741
305.32505203520253,159.39907786297536,43.50404621799446,99.2781789989837
307.48012242202617,158.27528024745249,43.60437499617484,101.52577423002947
310.5500342244861,158.8858891857423,44.18319286865909,102.54410351258457
309.94036619401686,159.49569615355782,45.402528929597565,103.58899958743882
314.2234070543407,159.45804454439394,46.04107324517438,103.66430280576654
315.0263853140825,159.71570332604378,46.74860870571198,103.14898524246689
319.39196556140536,159.36524640144236,47.29121524502479,101.53145733318007
320.24863802243146,159.72605756681128,47.88229150276304,100.80983500244224
321.21560848335133,158.66328430723152,48.252574290051406,100.63115781247363
322.2946382919834,157.4614366191231,48.402581255759834,100.7267866057179
322.35087414670306,157.29686804662737,48.29010954632057,101.05592375070938
325.0102778980074,155.63567211319395,47.601135443102464,102.06339891788087
326.07470413640795,155.4997246855703,47.78986348123232,102.33529377312817
327.7823679142832,157.74996214690802,49.02420849388157,102.48449141885266
327.18507127720574,157.58306525221002,50.218801768036556,102.81828520824865
328.0238703115408,156.9178171487373,50.91538194040135,104.14878141519408
329.6687326912437,153.8734737991005,50.03136917453537,105.42604412738817
327.1059440304341,149.98380530885373,50.338989215948715,108.38742382767592
328.02748454969554,145.30421079195162,50.95339184823747,110.3741618490449
325.0658584006438,136.028929398446,54.379507210279186,106.45049221149844
323.1904115449696,134.989925183014,58.130400921627455,103.52980238346802
318.53144214480744,135.80227338695562,57.365910294932135,101.9051059755848
317.9681578022014,132.78461696849809,58.49247898014422,100.489720797074
317.62921403461974,129.01988073052553,56.688644741248154,100.57402795084093
319.3997518219606,131.6601555628513,53.14756916656643,102.65053317908102
319.4731080472934,132.29435245536442,50.57850370319353,103.80449240676205
322.0122599753961,132.711851492975,47.8950326719029,102.96949433154087
323.1419218934603,132.85180298057895,45.63570883577451,102.68959135633301
324.99331867170235,135.68940323096746,44.225138952240385,103.89106187440623
325.6961417293569,134.9697156171858,42.81949283693126,105.33043710196951
326.36950069464837,136.34804322871287,41.47277490634833,107.13489652695779
325.7631485650154,140.05004987164597,40.40302696239274,108.86069205397803
328.52107353388715,143.5072168288165,39.46311653002924,108.81026739770705
324.77931051397616,137.5844543105039,40.13583003054975,109.30443820216313
325.7582155066018,138.19159614978855,40.46752168634752,110.37965616464282
326.78599077213323,138.73483005704745,40.72285429787297,111.60407149271343
323.91473022576,152.68570786100202,41.7993364406931,111.6985495843624
324.28990690351304,155.39334185772975,43.4027805132497,110.9908764470321
326.1157730992766,152.62549159219537,44.49592385773712,111.78170124208634
324.3191825752671,153.77437785849537,45.68574415780073,111.88728945744182
326.584682096492,146.83787473162522,46.00693823414491,113.6298129141976
325.60279530125405,138.70236794445424,47.97071182462075,115.15925204961925
319.3623636669825,205.54925438902936,47.8820190632702,112.18886187136347
322.1510759589355,208.343036808435,47.243438721112035,111.54014127430015
324.4466578724408,208.3267583360174,45.10101574843456,114.02143907346839
326.77807014866937,221.65441717091278,45.33098566581498,114.27649098778409
326.81712749016594,176.47303974182142,42.79869420108063,121.19723526676401
332.20805699948124,204.1153803081782,42.04784066060164,123.59083563342244
335.3055380477677,213.8466761155484,40.909331506949115,126.88228226182355
338.2725930068802,212.37334201234523,40.083625573204,129.8289504682299
342.1334800864714,221.2413119140669,40.1042241788818,130.15854711612712
344.44396790218946,224.71690012716567,40.65493335837827,130.96489790632825
347.7974963882807,230.19823679176102,41.77021938034727,133.0394629007235
348.4076075133609,242.38242131674707,43.20744682687891,129.9306914242885
353.4821545091594,246.08229417770343,43.61711558390183,127.8103270766857
355.638230886076,253.3033346654413,44.53892659756661,126.45315551995476
356.8867005930113,253.5548790755472,47.270789641933646,123.3356654706241
358.7264880648006,266.690689220501,51.44853346344756,118.0168952209632
363.1494594363964,265.1416861023593,50.452889701698204,118.49813513009917
365.2580638668594,279.0404259113247,51.44796143487075,116.76205848266133
372.36383297657727,274.2685524096056,50.22929553529262,115.91150763021349
378.4366350088712,270.69700935600883,48.342753226712006,117.9250628594034
381.52550131001607,273.32483601953504,47.28587388937396,117.79026279730269
385.8473380631382,274.6252904202638,46.26116773129877,117.72900977856814
391.6152713285135,274.11770038498236,44.807163946749185,118.7441898491311
395.66973739862925,274.8348791388393,44.22508858210967,119.81878459994792
399.3676335185953,273.3194970134537,44.37087909320476,120.33568793371002
404.4131345445945,277.50654626937944,44.375451599427436,119.5332703405245
408.16261952181515,276.27757419285854,44.4139352331342,116.96624543480092
413.26004737119973,276.00660174742455,44.12459951403519,115.03181033075145
415.258881241073,278.44323366107665,45.0137775855954,112.60196940910079
417.05153256691136,284.4809569617628,46.277302043869625,110.22417702763012
419.8568657845627,284.3058504013053,47.904457442956264,108.16178287041541
425.6676782811954,291.4364480029545,48.34034828293373,105.95810350035991
424.9764026891121,290.96887597146826,49.72289946710032,104.50607968612611
428.1808757384888,290.2183559762957,50.48452357719626,103.61692960685482
429.72566529379947,288.2538407815101,49.78540511712858,102.76503869531855
431.072208911618,288.45798914897284,49.45819049389944,102.3567419603931
431.1334265342539,287.4506938145988,49.33575524862775,102.01710939248802
431.4772282672021,288.5928577904066,48.64815178273128,102.07991754535797
433.0410622419839,287.48056398794404,47.85657107703248,101.96841790641815
434.282307797187,287.31142999900754,47.694738460516625,102.30668588429111
434.25383639438724,286.7440547475554,47.7516812661162,103.44143638719541
435.78009475388745,286.1435282233999,47.039431265953475,104.64248943550636
435.6530992745302,285.95714206826756,47.293422224667985,105.01526174577117
434.5321317766047,284.94142707282526,47.180250692386444,107.04669173665569
434.5226067207246,284.97373055417245,47.19930080414669,109.36467149207346
434.62624792745,285.4962981869164,46.99201839069589,110.73603274302621
434.9881292210936,287.2691915291132,46.26825580340872,112.05557874096233
436.3323483523328,286.7131820970427,46.01870128438148,110.72871386165208
436.305510540221,288.0633526422193,46.07237690860509,110.44367653825968
434.9259712587366,288.00884493068486,46.41931354951856,110.55269196132846
438.6687964425088,290.7760594287684,46.193274116795095,109.85800358837544
436.4476302583955,290.0483164597686,45.823949959645944,111.3134895263751
441.5951776793224,291.13711835045945,45.209979466259455,111.55616683211021
439.56995975401065,294.1335611337556,44.43471166956565,112.80183673649378
444.4877196362641,289.58944883238894,44.266957812519216,112.22229543176675
444.54118506685336,293.5602258951806,44.160026951340676,111.4975615750394
448.29172574067763,292.02444427980726,43.83875780237582,112.17585407289164
451.0127207091426,293.19775292045676,43.191320071531884,112.22651289463573
453.7702122984672,292.99366083536023,42.44913250911118,112.63469706482874
456.3349976010606,294.72288723226336,42.07739546287329,111.55516105049679
459.9007799768599,295.20025814641434,42.016075181563465,110.60041922219489
462.25499976222545,295.59300233852235,41.99153979961764,109.81493083797884
463.34997536749506,297.0539359722702,42.13182909507495,109.22330407647976
467.8443570152387,297.59683064326134,42.44012739400396,108.13751473449753
470.00873848437533,298.0358703048814,42.7397416832073,107.2594354112573
475.4105929997463,300.9664210979376,43.470607184308356,106.01216363788221
478.29941850763606,305.01255167197377,44.5988789032465,104.8258252245274
482.4117023074948,304.3403532681304,45.593768135591446,103.86535782419855
487.66088918658863,304.4133327935047,46.63805041372562,103.71939877344992
491.9383453573428,303.8814992063404,47.38227638517347,102.45828136953958
495.7681412657904,306.4180496557108,49.000689396544935,102.02418288493209
496.6452195952295,306.30231093886,51.929356466489736,99.91424845422219
499.0085844452675,305.7618397250422,54.28622342957757,98.63399199413642
500.57184309723266,305.1129115634538,55.92518755689521,97.54910760168919
505.418724809478,305.36991882672265,55.80979512005998,97.03509307515151
509.60887040970255,305.36517532724275,54.58455590489384,97.04458007411128
511.2771582766844,306.92883831507675,53.61231944088017,96.28159336839337
515.1889968988505,313.15386664669137,52.79814683327534,95.51404443304281
516.7396812865602,316.96814252420916,52.008058227188286,97.13061335533678
