450.5,91.5,31,37
442.4531562820322,97.2387714974659,32.18598213101441,35.22069185500759
434.94505227268127,102.83885473793923,33.40589538707575,33.57180636358128
431.59553344684764,106.23479431032804,34.83110230030043,32.053757957246084
424.83323363677573,110.39292741241348,35.71876784658549,31.109036629492856
418.7821510582157,111.88500157658672,36.25135028765918,30.228448794973026
412.93710637494723,113.72630049324887,36.43707551819638,29.683404816921346
410.4998259273357,114.69936167472363,37.15200208582859,28.777191035869592
407.7159538728399,116.68835745073466,37.53895249565956,27.90767570334385
399.9123082535643,118.52504525022604,38.75618000573533,27.317885189034385
394.34591999431575,120.2613223839914,39.522643952294274,26.95522469308507
394.7357202590617,121.25454763213848,38.743043422802394,27.053190692216937
389.32713323380614,125.17022976819496,39.2395707752057,26.446279108779507
393.3593789275444,127.23599565687445,39.411129475730846,26.432772375421344
386.2223233545329,130.52318521218092,39.2391467367745,27.081440207298076
387.3676978959706,132.35286608133552,39.02844205400127,27.582167269193423
388.2818161862727,133.49969391410698,39.29041932824551,27.378725458498934
371.87909525870344,149.37787658073583,40.72456310721818,26.993658201407182
384.7638753210508,138.63975888775414,39.35648300584321,28.312149220280343
385.1506521505756,142.2468155510835,38.58292934679368,28.532690128222132
385.49400654810097,144.0130852560277,36.842248374586056,29.2160394269611
383.9848352068789,148.56141582680354,35.70637729781292,30.504912683452492
383.7899054849025,150.69114959923596,35.05434394163286,30.41301633911918
377.8048250364244,151.44514322168666,35.69082957095473,29.935363209457257
378.903597252964,150.77641411292717,36.59075289759394,29.207842920497306
376.9627743056236,150.7174540397049,37.368699678067436,28.2911966955394
374.08615588692356,148.82205156335505,37.96423277161837,27.955838653159834
373.6653562608497,146.6166015270366,37.77071619817807,28.226275423444662
368.338459809114,145.15002999645418,38.05848915484366,28.04961250056776
371.4111989748206,142.7534967182325,37.103436762639795,28.690338305643582
371.849875662856,139.48826686121132,36.22608338656902,29.016782549421755
370.9933797420748,141.01601035768738,35.88732052400888,29.038927612653502
369.1278144738241,142.04532013509913,36.55533816765682,28.001345688781075
368.76281157830414,141.66263264119644,37.285343958696785,27.752313610363604
369.49427310217106,146.07500388996763,36.84388164984861,29.14217850167838
366.48146825399874,150.3851695064732,37.68259376845377,28.8208833930504
367.32871132006824,149.72385253282874,37.0330794173487,30.143517340339315
370.08932562256973,148.52347052787303,35.7378801241795,31.487774022292363
370.6155392985546,147.5773163324701,34.68545277220967,32.321939759615276
370.85785633898195,146.61682483974033,34.200818691355046,32.132781930337885
369.8490367735745,148.94743980294547,34.129464407581416,31.649538833104845
371.076256493719,149.30643515304928,34.78214222478958,30.931548132897216
370.1855244415583,149.38641493198818,35.52918931537742,29.737171561285823
366.3430087854139,151.85320005469467,36.026589965809706,28.91081883693382
366.9656306436968,151.10307988280812,35.802446536359774,28.36885860647509
368.52120523517834,151.99046641439142,34.70904779738615,28.611835987297972
369.6453460090094,152.71711663246342,33.456789133396775,29.15058131849956
370.40956108879624,153.14397405999185,32.91371859981078,29.28222608943032
369.3008153796992,154.5263174309395,32.194071374406015,29.45467799113385
368.84664217795535,157.04759776488217,32.1318109795333,29.2651513150508
369.8185075063994,160.47894119102702,32.121315890039185,29.168788948640206
370.88775533983727,164.2982183388524,32.877575652624635,28.28466398839879
371.3833828015022,165.73180170070808,31.886320729294805,29.267520066213006
372.5231825734995,163.51166357302,30.56955301244548,30.819300840152998
373.2681182464354,164.00770331518234,30.046433270456568,31.760724563593953
373.89902027697497,162.81284638469836,29.757876675089705,31.23069602742495
374.67894471425825,164.22990248247197,30.11878769444733,30.317343725801777
374.429738841321,167.09421275888926,30.61719944032178,29.347467257891527
375.7069041916607,168.1093525448286,30.89568633808155,28.26146021882588
377.0874417345848,167.68413547449362,30.928744270022037,27.249139014303424
376.6850120781212,169.33698711207967,30.817874680875498,26.690622445352485
377.5780042571352,169.1518973662436,29.93695268154921,27.06080193702462
378.86315077756075,168.55737890430618,29.16129303067907,27.35252216590897
378.83747080720804,168.81063515900837,28.322785596039363,27.735877031849753
379.45195969246566,171.86852178746256,28.859410803148982,26.91691270781608
379.8156772186096,175.89920260808668,29.0102098697797,26.759658136835498
379.65893105070535,179.18888096175482,29.323702205588216,26.3269093196766
379.8326344393627,182.47763245223376,29.852365281118026,25.881895308631147
380.87349710355124,181.8049151281216,29.524935785113364,26.350182040669306
381.3301799620072,182.17930313048393,28.611570068201463,27.36054194417208
383.0677889212312,182.07378502319753,27.780538765489855,28.452973697323685
383.48754979644843,182.94874890253436,26.941017015055394,29.35969982871942
383.3376250179023,182.0143517512085,27.240866572147603,28.569231438601285
383.7272579814353,183.81768072652113,28.219274526461923,27.5990843100464
382.12998735434934,183.9386528284358,28.776768655892766,26.478124397970046
378.7330582999759,184.79820180095015,29.480854005709894,25.628993989931278
379.32736591718725,183.62266960829248,29.159580265284866,25.378033893253892
381.4720278358172,185.73142417440053,28.30363145456529,25.452243544213253
381.0154555778345,185.22221988105062,27.524273110617884,25.624400700956627
381.338010999292,186.76918307519236,26.879162267702775,25.87788747422362
381.2161150640063,187.7711941227643,26.29217186595712,26.36621219603086
380.81378507274655,191.16701456297028,26.267566162666586,27.037962487908764
381.2514603261798,192.49021539725229,26.231650882045706,27.749301724327186
381.1064858702655,188.72308103127338,25.671590048492373,28.4834924932283
381.11739957148586,189.40982041174115,25.6497626460516,27.96256222223957
381.08499296725563,188.84646610554537,24.870483699545,28.24517867966416
380.94191971378416,189.17321278243142,24.320585257246098,28.427730275133978
381.52176426263634,188.01772488974572,23.990948537753212,28.248548925871
380.5678696343802,187.85452135374945,23.432780110398397,28.57495599786355
380.26580454233937,190.668752187226,23.218892274790825,28.67262046873474
379.19047588659794,191.2490766670286,22.92136931341481,29.144091691035506
377.94004335421823,192.15335433895123,22.96684481120482,28.972462725169798
377.933587455479,191.3586423201608,22.979756608683214,28.92873926738424
377.9757175582545,191.1203299517696,22.895496403132405,28.5892505747016
376.77294954570124,192.49012228588117,22.87240359777226,28.27829473694503
376.4668833436377,191.83846062957332,22.680138634671113,27.972823315104197
375.76820099232566,192.42250113184065,22.484313220704877,27.601337368864705
374.6302135305355,192.63134310446748,22.397126254294896,27.183653423611048
373.83663587278727,193.17611789397202,22.4245025275288,26.873993365733266
372.9942461167575,194.8919483921958,22.558155391147128,26.54458566616832
371.3171903530149,196.1558478331435,22.821730267315104,26.334689272760777
368.73991100286037,197.87336128314485,23.334554052189265,25.99415231638135
369.72432191766086,198.91135530546842,23.695375315694385,25.47125966713834
367.90517409692416,197.92934879474927,23.462913770035826,25.886969813723823
366.76257897890014,198.64604753127372,23.417316713292216,26.007430535869382
367.700066476472,196.58482544576276,23.09849218764124,26.23949853315929
367.03409175317813,196.40961883456015,22.877276637839998,26.589911755564486
366.3615607120489,195.47812903654503,22.665414442493905,26.895967073990295
365.4982522332703,194.77030585265933,22.832465383727474,26.752047425438096
364.7616900759371,193.68403725300286,22.74509306752952,26.583839678454513
363.49096872312106,194.24368295615304,22.957799828503298,26.24079358704028
362.7489738995711,193.93214429880848,22.89309020771875,26.089521267787184
363.3739965831358,191.84936480373523,22.414013833764994,26.400235292055683
362.38214574703625,191.68375379669578,22.093453665576536,26.731457306134565
361.7648054908469,192.30090697308626,21.792077236432785,27.03320789487608
361.10891439291,191.9389196283897,21.568271762154424,26.98938874919306
360.69084167500034,193.3703364578436,21.64092195629688,26.417040815315644
360.25120990136037,191.445483262838,21.76430214466284,25.731447051842615
358.9695706387678,192.25395742321933,22.085644717304152,24.86181071526125
357.87637862975043,191.50783433470232,22.0550084012721,24.13703655822851
357.3999117028179,191.10184328653725,22.280693231779242,23.494520607842805
356.00783502571136,190.9582665078935,22.181622002670572,23.060868019299825
355.22687213449007,191.17117417121923,22.318654744018843,22.635052692648394
354.08363965943744,190.24538607219503,22.48133564344972,22.36284484002242
353.610589171549,190.09667406103875,22.721229668868357,21.954061911976822
353.1847700677187,188.22307191571548,22.869345910905704,21.48013440888445
351.95919118507953,189.20189282776778,23.225509637016266,20.919155277558446
346.29098903310614,188.9040449907781,24.13759890899992,20.12494228060943
347.27878480575924,190.29358999537692,24.947333126101604,19.43484659321768
351.32078470635287,187.10630776662595,25.23432777050876,18.833582346057597
348.87265091469493,185.10239800137157,25.285543138243085,18.6884999774964
346.78361808265896,179.52474209540915,25.32028693018016,18.794953463728277
348.05682210668243,180.6540587149228,25.545181251296327,18.61479700157333
345.7638847477694,183.27879194982083,25.278037198477303,18.911637698228805
347.13217404442094,177.625981535658,25.317828684315657,19.111778209988014
350.0277190412116,179.31362426424468,25.110501165388975,19.226344299473773
350.4545006693201,179.19424130404033,24.9536170180236,19.465110219882497
351.2022374823499,179.79989788214874,24.854485886855652,19.650139558557328
348.1471540043644,180.38642169071454,24.66770205106249,19.876414339595566
349.2448322117781,176.81783454318725,24.573746387214673,20.00891946471808
345.303055331853,171.91670325574276,24.744446024795195,19.9948222476274
335.74162686668666,163.97086954644863,24.87112558035556,20.408122916401233
323.6728318542397,160.47401868231017,24.79416863724695,20.992091623736254
330.19898069360363,154.1957784480933,24.709461522814582,21.301403225890862
327.0270515189504,155.42335244045677,24.536568797219523,21.742589052231256
323.7476590186205,154.34068072865315,24.539092167898918,22.450985446953954
319.66239479732144,151.14964823088678,24.57161663667734,22.91450209789066
312.8096278799431,147.71552498543429,24.818567569780303,23.053457137968728
324.6988809860698,138.9845078400635,25.16044623751006,23.178964796222367
320.47699264542456,128.61478717879132,25.23222562575334,23.368958217650718
329.2411287955881,123.47574850749808,25.30429722245158,23.699015096701153
331.892964737932,128.6462550346859,25.401840607657434,24.160432582112602
318.49022797897464,125.00610160076077,25.672115174725644,24.416716198268226
315.732719711585,133.22411664016892,25.665961835836562,24.544195740456978
312.93116930515396,131.13889226423026,25.734429999316415,24.761335457061236
305.3127353532575,135.83217337982103,25.86303009419071,24.91683710519674
296.84570168557565,134.53815809862812,26.00448436226713,25.10592294368441
281.74053378014776,130.7937542110449,26.435103545776506,25.351015863550355
282.3896145484607,130.025719672962,26.76791153837515,26.071600175103857
272.1308762385616,135.38226774480836,27.314982596652683,26.175807043901507
267.77763094669655,129.7471007271649,27.598204365542408,26.49589161989584
257.0065545688348,123.62664541067934,27.84457440903455,26.811163934017372
245.08803596017327,134.89175709878364,28.443202358534336,27.51934982563205
239.25802585305473,126.32049855857687,28.646712422277496,27.917736686092965
239.91267217563546,108.41747510684186,29.11894024198469,28.09337429219138
235.02224823494643,106.57504474280313,28.989391564235138,29.075399595052218
223.1357709090043,104.83637121310318,28.98779257682012,29.809528926840713
219.23564675494063,99.43797405861305,29.3806851761017,30.421209136157948
207.98190783897343,90.33707945343355,29.286727596546484,30.730195312421017
216.22780517368224,80.70773830029074,29.806373818539196,31.087276628250677
208.75922488863196,78.61177373141044,30.36000312084278,31.443597427932083
209.4197067532741,67.55193281615472,31.95878233748567,31.17858333966864
207.03359686595655,69.57881123865471,32.753921133572874,31.101907473216617
199.3498112864796,65.73981120361472,33.038700328943385,31.741271293624326
193.76909425536473,60.81674780806492,32.97896970977416,32.40644516357935
188.0674003684476,56.48314812378435,33.05585873485331,32.8361908966822
186.74742558455353,51.70809935041992,33.620471039911564,33.04727076112651
180.92615054037847,60.190712861216454,33.71438516969316,33.92993567550301
168.61477983930143,63.07134501159393,33.83606508015501,34.56025263345039
165.8428230878463,67.84862218493721,35.07160949739933,34.6995287295121
172.90693364019253,76.25396410732243,35.22719268437891,35.46891170526106
159.46624583353537,75.02843240982294,35.38881985761723,36.80665224859021
162.16355043554253,60.123944446999474,35.67861942971103,37.05670253847484
162.0001076164303,60.79284534802463,36.005505067935495,38.00967422164081
145.37096448696155,52.14574232060532,36.63016815215414,37.82158214716577
136.57363044820357,62.9774318809619,36.63837156955667,38.43439159592967
139.65060205382014,62.39986908233914,36.39524662899586,39.589517193175205
117.39885016182879,62.597484652252305,36.633945060616384,40.39063214395324
111.39189589464155,58.9481451182922,38.94685568821893,39.200938043448026
114.25018501576895,61.7109059845771,40.61431119108323,38.59810547429096
121.25863246898089,60.67066109512443,42.812818178151524,38.18391803881289
127.73010024690159,61.724537906621265,43.89508395026261,38.626201020901476
134.42577324455488,63.02099371413246,43.49259193707833,39.92994560051577
132.9570083066884,61.458596622828466,43.80323938591276,40.427857356225246
135.26760853461712,60.138394029063065,43.16066195626025,41.742054868354415
136.0656518817167,60.3090993586021,42.90157926052362,42.73764820773888
137.8345400276645,61.5944066144151,42.06110023614123,44.2129795973827
134.1030547334201,59.20923781297495,42.731364489725394,44.907693399320245
136.03358994126924,59.48558956836511,43.01040283316181,45.73502614158481
116.67937037416633,56.10246956081119,43.989011317189565,45.51426048073375
122.9219260107843,58.35214862516473,45.59839181035463,45.24324988194697
114.9419611373269,55.77299862332258,47.252578543031575,44.67925267993615
127.59019669078906,56.1436856361442,48.012971731431,45.385482226255334
128.80471849583734,56.011771028287555,48.525320685712806,45.64931144196863
127.60356434348313,54.520690758857775,49.444736822813226,45.66568764561224
128.87402246572864,55.43265526675624,49.89883328268263,46.83677133417569
130.68301434428236,54.870433887037635,49.32725859869775,47.9612140936129
111.08298216045391,53.2943742425081,50.22571861440136,48.04920503451572
108.40176237933888,53.07604134867859,50.94553307397471,48.48587082217474
111.7726759376807,52.34456961938217,52.03235146411909,48.38308517940198
121.65269721566398,51.16727238535721,52.82640576291453,49.15659527400866
111.57608079671567,50.234483449935006,53.71038014736193,49.41640160706562
111.12850380552719,47.7834870037783,54.60553412973891,49.44731905107837
111.61704579239097,47.59322035196165,55.266574324939086,49.82785235471167
107.99446358476236,45.69482365172856,55.89383395256768,50.31569336136353
116.81105066341507,47.899642163068066,56.65281576989129,50.922098877219724
104.87487026976564,47.52655277813544,56.81628742718585,51.66827764708497
114.87249127841172,43.92243004723061,57.31629407151641,52.04477355502037
105.28114789143132,43.55256484720259,57.56004695410451,52.78450395507641
98.0194042814542,45.485725212870264,58.18511362455702,54.13009092980423
105.70492161456838,39.69541094980218,58.73017541397563,55.09998848550907
101.61742943819519,42.20832245186007,59.73566738393306,55.451284768485046
102.14608512865101,38.22762301418675,60.49201002995096,56.15806753611338
96.51886389783488,41.37104100469927,60.72629989982242,57.21799994959555
98.23595579278965,36.27982514380919,61.00648633531151,58.11450610787912
97.93336267596372,39.74630922140196,61.61167256896337,58.68466965675117
99.54368142662477,34.591758580383356,62.17961584124656,59.52231900477511
98.18130704768475,36.22217729308064,62.987912913338945,60.09438495095584
95.84863829059168,34.01727203214388,63.776910439574024,60.62785548487826
93.73823567021688,34.801320877834556,64.07976917540971,61.01873104595387
99.43750591266492,29.268112336944412,64.50067473406759,62.23560975810588
98.73387433159851,29.086974669416634,65.90793789620038,62.59788509316144
102.58918457647297,25.4562112918155,66.2915010288434,63.78877413156975
97.48848803724798,23.0941569633909,66.25082670530253,64.4160558276226
96.16719056028461,23.662149413255385,66.83572619300031,65.33776639412255
96.6619955796524,21.021538415739883,67.92755505929635,66.45611057909025
95.43417617474064,19.40267003444415,68.26694738626614,67.57760085882799
95.0364887855739,18.038074874224407,69.06232216459964,68.16751384098188
94.54044038759557,14.453052404478726,70.05441896055629,68.85429389804928
92.36388672979345,12.872025292479826,70.03248952758086,69.82882974775725
88.77813014831963,13.815452092319525,70.59638305878191,70.14451602532674
88.6591243589503,9.21707489541103,70.83439463752056,70.47571339635772
87.26789964730065,4.571642775951446,71.39148982096587,70.865160675861
86.67318682157638,4.252042577372407,72.58091547241443,71.50436107301908
87.63065425003123,-0.844740428003135,72.93502425467877,72.62175252707416
88.20084879477994,1.4893742775517183,74.08686654317516,72.53798587195216
85.71435279036541,-2.040009392109681,74.44181738070341,74.97871203997413
85.00299278788259,-0.8486973854802145,75.86453738566904,74.94916343263138
79.00245448883558,-2.3045052996004785,75.99057411555916,75.48577128723113
100.23372418286513,-4.408689593731715,76.46615176865912,77.30868892876255
93.90788040563316,-5.825714169224433,77.00962958608302,77.72109613233998
73.25557400278812,-6.270974628614802,76.89037805320751,78.61161705112072
91.44525420035436,-4.3911958820081125,77.24320983623177,79.74968518166156
121.2542708495705,19.801464483429662,79.43143354021976,78.33711977262544
138.13889084350606,18.88033773480383,80.44560242135803,77.69484406494786
137.734505438589,17.81041662054254,81.25437323119218,77.34437975175506
147.16864352798552,15.590790497483745,82.36552422865154,76.78877520380954
137.01053048451092,14.39113196312455,82.63389249207137,76.68211004458675
144.36090058156378,11.990461543415819,82.98400645713603,76.46649949761408
160.5137844844245,17.008728780992598,83.31483123916311,76.47199351099852
152.8455312424667,25.84984417583958,83.55683156606881,76.40001990448272
148.91345137507625,23.33505493349967,83.86586594280107,76.39284815046342
155.1100205244848,44.88228252555743,84.08809370083354,76.19063755963666
180.8992354178855,70.60004035937102,85.49913991643015,75.22128951334096
204.6431164667243,76.94433597636734,88.60610273876357,72.65164326335054
175.55363800526675,78.00807791403412,90.98463623027219,70.52415938801698
217.34956629180078,83.20986323514134,93.69627526361829,67.73560306401555
219.6259352838049,85.84918617421822,99.2795482280576,62.456957185861796
219.2256843317776,85.09092005229459,102.6105251288334,58.912539436266584
211.66252779615965,83.84298601781167,105.13538140485404,56.36782478714637
214.1590781950826,81.53006976476243,107.68488824954525,53.45104965070774
207.73011432221762,80.14924281788886,110.53728202237951,51.20993655800704
210.9129948511897,77.79753865223121,109.1795167276788,50.9053491260789
200.9395590249914,76.92205997035771,109.29509261764844,50.17739451952254
201.19277034985004,74.02669706129964,108.78866996793116,48.564539819156956
197.80656373988157,73.28344704269679,108.26446318086211,47.618833187360664
201.83941860891852,69.31539678705981,105.01467851817569,48.33104608555334
203.40579324402944,67.86925598235385,101.88192924795383,48.850038598260525
206.0693635736476,63.88546515689386,98.89150306689004,49.80747681466303
206.3169016312392,63.47367493138699,96.08682491488595,50.63105726567677
210.93866186699762,62.083500225171534,93.69118564133058,51.12877961212055
212.87946048062219,62.97494229042196,92.0654593093243,51.601766376862585
215.20555175310383,62.78882917632451,89.65320626716942,51.973992605057475
215.45037880647874,63.468302020046124,86.95302365433021,52.8255754237037
217.79176402387185,61.863793958590676,84.45502718821875,53.84981757793977
219.65243014152722,59.365721331697216,82.89835112507973,54.516650487383316
221.03441057533385,56.89756028966372,82.28683581311195,55.14808146015919
221.06349347170445,56.946324598214765,82.22867002037076,55.050552843057105
217.67872943843648,55.99757685762697,82.54441916601769,54.79678868393636
215.40274204111887,50.793171625555445,82.7928139777841,54.44664919090761
200.16584238399992,59.52027734413842,83.17087821888276,54.19000065267838
199.03777192854636,59.60245173523965,83.2759257485046,54.025651870475926
219.97860202965396,44.78773892244976,84.3928270745691,53.556084426259964
226.10732820860585,42.739893935159245,85.08824632765615,53.334150530510705
226.9273955023009,42.797206336538316,85.61360518186687,53.219525727752554
239.59839743005406,39.632345586811,86.32862353429444,53.034991675223715
234.87302746554187,36.24914122338747,87.06340615697053,53.2644324223096
239.14061454089514,33.89502308068774,87.30344656755126,53.58506142706541
240.47209977506685,32.38457316135264,86.84325022596553,54.4031871389779
240.7350711605084,29.888798717404903,86.31730745508247,54.975459392415104
242.36026919712245,28.639977214118176,85.2782663216663,55.261747459176576
243.91259482636656,26.469037216773888,84.37418751037998,55.202482559461224
245.42615341427845,26.01110464173045,83.5330933654871,56.1183477095481
247.22878391472702,22.48268607113617,82.1164480333062,56.60933784458785
246.65430978613426,19.132288054269743,81.08998995861728,56.78391488269749
246.9957538248723,16.563327649843146,80.40710188114114,57.59625334953017
247.3508289650881,14.977413943218956,79.69695160070957,58.60223444202168
247.666072351435,11.647385685330825,79.06646482801581,58.747500243173235
248.07750517255434,12.376026948621064,78.2435991857771,59.454611140503864
250.59640832291282,9.716510523299391,77.5326390491203,60.44679782708708
252.81669569498803,8.365045106952856,77.42953573281366,60.98099294585826
251.558722659479,5.987019772912401,77.76963972563573,61.38535945754723
253.52591530262671,5.814521152929473,78.21048756477768,61.73035669751309
253.79417078254752,3.774175492971807,79.87394567310997,61.41110988108065
256.6426599718587,3.663450020337045,80.83758843078671,61.63256082635017
251.77811770864923,0.8928575869472226,81.61258317328519,62.69670080116963
254.28766819493615,0.8955521329750269,83.39658534847612,62.69131170911402
256.26727415665414,0.6195263970249698,84.02699897995134,63.24336318101413
259.6615911962959,1.237902650489751,84.17867670114755,64.32004794091114
261.6300731652533,0.5180418867706535,82.57504178268988,65.75976946834933
263.6912080785086,0.9609389889314812,80.78499788725279,67.20620119510122
264.20741777888634,0.23240854831107072,79.75257848649738,68.66326207634204
267.1166266120824,-0.02591911182354778,78.605412257202,69.17991739661127
267.7477903905908,-0.6483294845363403,77.34308470018527,70.42473814203686
271.76902552290215,-0.8964072197162167,76.27985830202559,70.92089361239661
270.99414233235814,2.1453697069459423,75.51188668778806,71.79055374504884
273.860379973387,4.241904701705728,74.41848820449071,72.23656055428965
272.6341804089057,-3.0054665298421313,74.56142291023824,72.87451647809479
272.7050475329035,5.760833873522927,74.41968866224263,73.91621825406301
272.59148674552694,4.158211621147437,74.64681023699579,74.78546758856123
280.88602654642364,14.542309552241115,74.53057838641413,75.19664740650342
339.94061949301164,37.338077503323696,76.67445747005308,74.40527296628893
352.17055586626395,38.862366059647016,78.3851385895095,73.73583711418419
364.8835055921431,52.15127571186051,79.30782712712758,73.50660579913364
352.7781139389188,49.67155515544559,79.45768101279634,73.65386102780752
350.05822022417397,51.8982452373936,80.07592388340913,74.02202542278839
350.71010498391223,56.565683220815735,81.19842550132611,74.39223400551829
348.6069714790327,60.27597005565221,82.95503206044734,74.32064168775861
362.2078931113721,63.65472263555179,82.98752742870933,74.99068342785236
358.4671817129244,61.026186489108184,83.00780363650982,75.27365799467634
378.4169226781794,77.03176520932055,82.97836016880555,75.65690680528127
349.5744273065171,59.55844835195015,83.22020865027255,75.63814957802185
353.3061863904404,65.78146511061959,83.25967237942827,75.69708588902007
373.38248316611515,90.82642594298314,83.14784149813912,75.65811756186835
438.2005420110068,124.3964895111724,83.52138551759886,76.02300708221225
450.4200669882084,125.93294698570261,81.68868222284891,77.97372472418583
448.2931855474434,118.86158381125387,80.91404819655162,79.5454588035147
452.9268130949796,129.71793256934708,81.75438666833298,78.04794842103611
458.2371134450926,99.31940015317491,83.71580084106536,75.93493888858893
449.4438209807681,109.36245881833472,86.22175607580924,73.44288953449183
433.89473579208146,110.20551709940673,87.17124952486475,71.75677297234779
439.11045371081434,115.2132015678352,86.73924868921262,71.74083903730441
441.07752202731257,106.98636207380787,85.29806573861103,73.23679593098967
444.4032356507562,107.78725083978097,86.13105351834638,71.63501839904346
435.1502368647998,95.70538516374367,84.78199705554968,70.97993220773138
431.35298345700414,88.97537077992591,82.5743634588826,72.18728546004388
429.95258923676,102.9911317013117,82.93933329808749,70.94976823139065
440.5438199571722,121.70004937575811,85.97298102053902,67.43448571108416
429.22325605776416,127.44256631580308,86.91104456585596,65.59525816588275
427.22584901500585,132.09316754195845,83.71845232923343,68.27306625047065
433.1249058292809,135.19860303878352,81.48224085318643,69.23362187119797
438.07800423406707,162.58472540451282,78.69059748900298,71.37780470284926
440.49964411701086,142.37077635182135,78.57247840898678,71.64183697832539
443.26943160604,141.1132059251941,77.76280387245349,71.79202761081741
445.30553338866656,142.243807583794,76.0453252144299,71.88554920084732
449.6060562921004,164.19179321918529,74.43244880383652,72.24798410646868
437.0142916507372,200.3686748612596,74.20747369033485,71.50000593896279
440.7455727190188,190.2973727067502,73.62843238285595,70.99204776072862
443.4493104661807,200.6678771819511,72.77574342282603,70.74757821464922
444.21573984655714,201.72682905170313,73.50303803257427,68.62967447514515
445.33551056126765,201.97920580818953,73.5014780849147,68.12492096217238
448.5467462164761,212.9251049554993,73.7688122704009,66.30253915526215
456.8995050578538,217.74419859817272,72.49874605035902,65.48460984860876
464.99501099732237,218.77949255426415,69.34131966630943,65.58628618557384
470.4556513479378,217.52669125551535,66.91859281723605,65.96725032003205
477.9609287959472,221.42805017496198,64.46410013764408,66.53524062542331
480.8821332180066,221.7119412515344,62.74752586130119,65.96745847227852
485.31468671849035,220.8816305851514,61.98981509434645,65.60123074654123
483.4222112579929,207.30122194604442,63.765659436852545,64.63455592591191
485.5881136327175,205.64580293002044,65.49997187035594,63.90131583599153
484.6017817741058,210.95944289847168,67.47263558757939,63.46291927767062
491.8335305961321,210.8366594078772,67.44128652384953,63.70848625885958
492.13125258801597,223.06328692180935,66.84584254008182,64.03693044709543
491.75298001617244,213.98752938116226,67.60238768376885,63.639199280814225
494.329647334897,225.83066489928007,66.58217513250727,64.75166076170443
487.9558562405845,243.8356886591471,64.85236319994092,65.96919812503374
491.7086823228656,248.66767663458546,63.52720093325581,66.60603867061887
495.82379541239095,233.14607541884016,61.444571634297056,68.96045566168073
501.0824993580164,216.34794139203507,61.19101168578407,69.7124102985296
505.0517047729397,223.4469267097785,61.494116704684416,69.9370923983499
498.8561482610148,233.9567305372557,61.47294035781534,69.60463369459349
500.24360228403606,237.74163559907345,62.82447326868495,66.16126452786997
493.1351627676288,238.17867883557355,62.823641584102,65.2871780548698
487.76120418399785,241.53983238556793,61.46715895361943,64.61707085375323
482.8714721474892,241.2256453410422,59.33408197467371,65.24544494280474
476.65899113624414,243.99752560541612,58.029733464899586,65.58567464217012
470.2789414603582,242.6152629025185,57.16930304888167,66.40441008113825
464.99700799259585,242.47774495115803,56.065068119077,68.62412962808088
454.71345530739893,249.2893133549863,55.05987875094057,70.68993444844638
444.11709712955616,251.0958607462816,54.511270706319536,73.00629177503032
439.460303424727,245.5293276522603,53.81054252420297,74.12504237129801
426.67348951485883,246.8609130257553,53.27531062862039,75.47861927281866
413.6229540571805,247.74284195502878,53.115475935880106,77.75490073859429
399.37845777627615,245.48962145954582,52.879286703160254,78.15774433034183
382.07363698953145,247.50529109486024,52.571719191472575,78.23431201091022
361.6245337656858,246.1731953884863,52.46987119236701,78.84850070131822
338.9763769130565,249.3553731028398,52.500114064992516,80.71433996945359
315.00888830154435,252.93060659711074,52.45550041632448,81.90814965424956
