82.5,218.5,69,73
80.45673630548117,221.32731650878713,67.61453007267887,73.05336295696387
85.57520704776522,224.149978822261,68.45173067116387,71.83769516323733
86.95263527874442,224.56667732852583,70.11511704989493,71.00429815070765
89.1401416331685,226.9579857068078,72.40713024029003,70.66636532697258
95.17246869895351,225.7323970060027,73.86098143841504,70.86445850696694
98.20570998915596,221.90753285927,74.63155481422034,71.67713084422219
107.77991575140527,215.60341076802055,73.91479407409605,70.46163693844032
115.6939505622105,219.43220907964198,71.72761642238865,69.62448630014904
119.39941866247968,221.72913655971684,68.76859175565212,71.70849864070205
125.93838235283843,228.1475431876184,66.75124700354013,74.35650106494668
132.82744301671624,229.48390708540984,66.30129903822865,73.90513549643774
153.37525043899524,224.18042053658655,67.14178928912999,73.47629146370038
138.91095083221046,240.28632842223595,65.07584207966221,74.47291828851289
142.15839275563138,232.99884117265046,62.97370277471041,75.86965916201365
146.52093819293353,234.70292740802816,62.98521391081143,76.82978769661092
148.40846439196744,239.03032262370385,63.608383059506835,76.97144035878601
152.9107381872197,237.4965567790298,65.66060338973813,75.61626487983983
158.03134382617463,238.2215170510313,66.53664763571396,74.16634433583681
164.9410245780222,237.7775365618864,66.00716961904864,75.05430531412661
169.6186256172082,235.92811011816298,65.53315968265493,76.5328601660789
175.6546609526044,235.45051447350272,64.6390040624452,77.48805145539939
179.47970223468354,235.5543621104504,63.69672205391849,77.28035618150405
182.8577498574203,240.0945664591963,63.59322740846304,77.07008161736962
186.45554477774002,241.07987471509833,63.03551860623416,77.3120921183691
192.41797659152903,240.03075338600604,62.147344842309224,77.20299680382303
194.9372366390271,241.3893148910722,61.491403117457736,76.67716297876306
200.40677315574294,244.94691941059506,61.41530486828282,76.07973881027138
199.9232204512003,244.53213803141637,62.38241027736807,74.74710627066636
201.64640504648227,246.31333683922887,63.250689375050854,73.34203279916464
206.13655946261593,244.56313155351978,65.0183725094659,72.54324658390985
208.58368357982562,246.72603605722136,66.62066709743388,72.54846612476496
211.8609044055578,251.21532720027864,66.63965387452416,74.52559788624148
217.6829636671826,242.16002802542326,66.10657269367597,77.08074395659033
220.07780149969437,237.01772218357692,65.82342120610568,78.35230728537641
226.43468287398534,238.42372998108334,64.45135680445793,80.0769710291372
232.9883843771871,239.72867392794652,62.70749740587901,82.01250057854071
239.38335982224027,237.25639214070594,61.28744722482233,84.68308401121189
241.11915126710997,238.6708171680753,60.107219533451676,86.43694435321062
245.06660154528444,240.35017599825454,59.10767158642243,87.67512843239852
247.83989507746125,237.39150950096712,58.16222334857587,88.99132260046632
248.75809337324648,238.19010372504638,58.63045621603899,89.69876361134136
246.64944050845529,236.69647048264525,60.52471390932686,88.03993402355461
250.37293244739553,238.34670590347653,60.0663729361391,89.39855845168717
252.39596988848342,237.20352982415625,58.36271763432885,91.6849106103277
260.54304452927516,229.644452089983,53.81028062526899,95.06135380615063
275.7412500605158,226.04266400077415,48.95395035273125,97.62127893185128
289.1800726194105,229.38277042084553,44.83870554073326,97.76978618344592
296.62456603168596,229.28655178295818,43.19046332932412,97.96222345922064
298.4254090257033,229.91692859031468,43.950054659425376,96.70146984450764
294.28837414236074,231.56410561577505,45.69705339682564,93.40711579358691
289.13786572134427,234.54380536231395,47.365411928675556,91.76404545560058
285.9203306413772,232.91539786644523,49.47459257269046,90.69497093141865
282.03941276850344,229.4879819428225,50.68622132479468,90.99959578502092
277.41253109187915,230.25776337243474,53.31425033941828,89.46003292579641
272.9415222742307,231.36277100161146,55.56528540820631,89.48034518961268
259.30009147715054,225.45489756329602,57.89443856337988,87.68497837225073
255.8686946986718,237.7106194401161,62.47667477635491,85.97910805843458
246.42712703076396,217.5668638164915,62.71540565856304,86.64725984176764
249.16970723701408,226.87792361882214,64.26406789256595,86.78200062778157
241.73141737780702,230.9403240234556,64.90828263845717,85.77338230477613
232.42284575181344,225.1426782826296,64.58746322223115,85.53244711879488
227.19290773863258,224.98747937070397,63.25567154106997,85.84284494264612
220.61151023343578,224.32870524576407,64.71215314025585,84.81913051028437
215.40877419067004,223.01531000354845,65.71964500465228,82.7469308841481
210.73368145392593,226.00413718924335,65.732994420466,81.43769454159566
209.76947407962274,227.0056261949643,63.03271445896037,81.7490638852098
206.56827885700392,227.8550335803643,62.609324319535475,80.05024911440978
202.54530129549119,224.08657073876984,63.92806088731247,76.37514387218464
197.42367837792986,227.67154534539355,63.13468424289227,75.827168146663
192.10349897132505,220.71855104148733,62.84458135166051,74.43051036825753
187.5154462018842,220.6250191985462,63.381140015653145,74.61757405413978
178.98935934592078,215.13505359624662,60.89065675921255,76.91187993946451
176.19853599345493,214.11914230753916,59.97295668252597,78.9437025168794
171.1262038853078,211.15483865384144,59.204829927614114,80.50719343579244
168.04368982452604,215.989970163517,58.78849932584892,81.80586162198918
161.6220484434797,213.20635379914242,58.39185759729999,82.95978618719114
156.23611936029465,211.2207402280585,58.07577309156136,84.71342479493721
151.87744707731844,211.04673051962266,57.837736459789056,85.06144421180889
147.78080903681726,209.8439081101034,57.07042008925897,85.22694091796434
137.98148600763085,210.88882897116247,61.05970236759744,83.13709919584618
135.56701621598071,210.16399978095203,63.62448985729959,80.0584533890708
137.12272872168282,210.06930223163116,62.77208521216356,77.98882812144431
135.8146345575848,212.1462525550266,60.96133999415058,78.26186102086244
134.6227894657736,211.06201389652642,61.156774889874896,78.24208304996465
132.71456740017504,210.64582978165822,60.59095584465145,81.26558286791138
131.95121065339205,219.02640283662998,59.88964746347492,84.55663363065013
130.63982535856852,216.7917067662258,57.979543329547084,86.75958840967111
127.64651838109458,218.21664623642667,57.16196715607539,86.17777284540915
124.30639899484905,212.31668965056735,57.105025476876335,84.5033251137476
122.6003993297022,216.95361021493346,58.29743162383719,84.10785671834675
119.66795268922064,223.93643211954944,59.695574434094,83.5424643212337
120.16908193197293,219.30417508077858,58.69331594858943,86.06331338927238
112.85348679200284,233.67781474129924,55.169129667690164,89.08794304969999
110.94685411346097,210.84067788615712,58.98239502477389,85.12997489473987
90.76388469040742,213.92000962267716,63.18628752477043,81.23143931833168
82.91613647871733,214.2760919467171,67.53252362397718,78.24942260541714
107.39539707141763,202.7287007853179,69.04700310346212,76.10770459577272
147.4284409894673,176.21199854146346,66.67855589419668,74.29571569983412
