227.5,207.5,122,99
238.84286449210262,204.61344792683298,126.11906963426445,100.29750431902536
255.55311275433985,209.1355291753229,128.29671063722597,101.93278308027625
256.1476839834099,219.85976621022988,130.7272817582971,102.20259048572966
253.61264467344898,228.60445240873304,132.1360561422015,103.01973926881021
251.2381973807187,235.73160090913547,133.1888133193443,103.54999190127661
245.31971906385613,242.63060644655576,133.86319438876654,104.63541491217326
239.2885753835547,244.1498915888364,134.67900338778097,105.3456707481414
246.5789531728857,245.653946502165,135.1896590226166,106.1104137248585
257.8408559637709,254.9522084680313,135.42443258967904,106.47937241715331
253.84624998377222,264.23084192838246,135.80827483749377,106.93552977690759
248.0498246713015,260.09456441939534,135.953213006668,107.57614315770374
243.98009592486406,257.88110533625735,136.43548379728583,108.17446797285119
255.3752358378916,269.2470099973699,136.71935848166328,108.5168131610586
262.9030792758398,280.5962552954532,137.0860601943666,108.95190544779153
272.152982532396,293.9563485961412,137.92763147553563,109.30964775840974
271.8367833566894,303.68302776355785,138.5600298269488,109.29116041356224
255.5948406019654,299.9216333120359,139.87304716478872,109.02123227370407
236.01249718931498,293.9295428796379,139.9171374581345,109.26923417891356
234.01900855980233,274.00121841132716,139.9873470814107,109.95820675804373
241.57517038236455,258.24233475863923,140.59119184024658,110.04363725549887
254.9495140767179,252.16304059590192,141.4201896500003,110.38321763877619
266.9018406067088,254.09009742937874,141.26275754214169,110.48697413050972
256.80526315465266,277.47951501175487,141.6701637339727,111.19393587523231
224.63612884346625,291.42732763463357,142.4104375552319,111.12243335496215
210.34098023624597,289.50628712843263,143.1054854628256,110.97947875210016
230.65163241336876,269.39382981412433,142.41752161038823,111.27105287890856
256.79065422678684,249.6385537679082,141.9777712078813,110.90599479877997
270.25882975163995,245.9308786924903,142.86571376637295,110.37154677584486
280.21247936897225,257.9684314512501,142.85727567598656,110.17507463145913
273.9837261355302,263.9676817498207,143.38545287940548,110.10590329778307
243.58293328770685,257.7555020978983,144.43633871250822,110.58012262911926
209.34034501180716,253.47365103487823,144.7999737472299,111.12952575315026
199.12015140686583,247.2839610460767,145.13207885345128,111.44393646855649
200.92779604554727,243.69413270940723,145.54864022806908,110.55989183793423
209.13701239617103,245.68926405959027,145.22534621882699,110.59341381056953
212.74159158985614,243.54131400334006,146.05499230598974,110.86991168580343
212.66591421199158,253.1946810461467,146.20634706171887,111.7460032040546
206.74339754638794,255.1701088177501,145.8918723244394,111.84831701701007
200.73229737127576,251.08648534981603,145.76395476824305,111.9154853485977
196.66460249947647,232.84151199551127,145.80098065286973,111.96279469183365
200.29956552622167,214.47014881244965,146.63209108620458,112.25085686724314
212.34124235584628,200.12333890792786,146.95612917812667,112.46918629992015
224.7982761528019,204.07190556630826,146.50048160998318,112.72485965841518
217.19689831543388,224.19049626898916,145.4087705532404,113.22384508175043
211.3696985658798,244.38190921078595,144.86798187934758,113.49164644149376
217.18272771309975,256.6934316521183,145.42536665597726,113.2354877009683
229.580346425986,266.87685060504936,145.02316439238297,113.19617909692133
225.77815281496302,278.71291644593833,144.5101179086061,113.87634853261174
217.34566311131746,276.4417870498072,145.12740709180883,114.35668476885192
213.3633588280466,272.40064452958995,144.93366684065057,114.28062099158632
198.7736390784525,249.90723089010874,145.58829521228094,114.44274507010084
194.88850592028825,227.14619112805585,145.18330769696743,115.00092852017535
207.2125658729343,210.44064995137313,145.07813661587707,115.6880791079385
217.30728547571812,214.40565978105974,145.3888415060816,115.95811708687418
225.35714155000153,214.07974696835515,145.72581277431902,116.6099427122833
233.61581392753496,209.79805868515223,145.70809060063954,116.92350798799556
237.2205744599089,201.53855994039307,146.7580010669577,116.92364241538161
231.1059958521888,199.25297243088144,146.5497085407792,117.34900085386533
210.1532189469531,213.45577903046842,146.9600634217283,117.99002690535703
189.47399050496475,238.0559765571186,146.65649815379942,118.7840584343433
187.41586112059483,240.048085392107,146.59835593269742,118.9742417542084
208.04368352672952,235.985753438616,147.10856649844573,118.74573458558683
228.76110088601132,225.19524046450866,147.4809433285535,119.42315475946585
241.31011796390555,214.61723337221818,147.56733306349372,119.59214903510616
241.13462679971295,199.90532088649104,147.91831539187893,119.60571557249261
236.99508839587972,195.66681557380772,147.78324350454608,119.66857750285993
218.26457857941753,199.8408895250954,147.39010197603176,119.73246541393758
192.31353726766957,212.62783894601486,148.88001994480828,119.36464889945834
173.21581662521908,208.12077165924887,149.11411198989805,119.9429280863657
168.81302596813248,188.75392796514632,149.45791672259816,120.59862085794187
170.37511896375182,164.976260491963,150.58051435199235,121.43933597734669
166.36040845967125,158.3911973911413,150.05468064077402,121.77658009992074
169.97515387683222,171.1622020985689,151.37521490621626,121.88464598435812
197.96225395024166,168.92972265172537,151.26247296853506,122.05256963118848
227.88591296824723,164.5927235963577,151.58749581875963,122.13051904389019
226.00659510344522,192.1397578164305,151.04185650725282,122.9920261381854
208.75102164740383,241.1046397669288,151.07429434263415,124.18855083270546
221.78740478336397,301.5513726494045,150.9795814129095,124.52600066466661
269.3707413892941,326.28389344557627,151.1535963696309,122.73130315661393
299.4079151552545,308.3866138134896,151.38198063007195,124.0671585394378
277.64126453287025,275.5186200297726,151.59081767551166,124.81644980787853
238.5088190021696,238.16786837904186,151.59599256765438,125.60599894948461
199.39748970429355,216.70065927072358,151.32809871053084,124.93455469230142
179.45065297367233,210.0569968343185,152.11113469475086,125.185000406104
187.88777188428998,223.1626808126635,152.68377045278112,125.14394281831235
193.76918935225382,236.4215859191716,154.03052287980586,124.84530733120094
189.02723820630257,236.25272883074592,154.74296759184372,125.18302150805232
197.64027575868903,218.64480703145026,155.1254297240549,125.18179063267537
203.73184255421052,196.6171912777506,156.16625342540155,125.15716449877578
201.23993392274863,181.19370150435006,156.72651410680186,125.0392479749121
197.05956903503593,183.40077852360008,156.22677247282212,125.05532964111461
192.41571528670917,198.9542395240879,156.66881158889413,124.90824697217437
205.55926856582292,212.27978622598948,156.94506534574367,124.82051388344826
231.87176458365153,209.77238821442117,157.48052404600884,125.40527234525797
247.45568071029084,203.04424933757298,157.44679798737556,125.51836172982064
260.55813215338753,200.8218717903391,157.93617566319818,125.51407006395236
291.59012890217696,216.50162785969,158.2628615387431,125.34989761181244
324.69479587772605,230.07860272362763,158.93579150005075,124.94885344889954
348.96196539460414,227.862773759456,159.49013387611168,124.91790397635033
349.2823116264973,214.21987698825907,158.84944141232538,125.38017943801349
331.256547387556,196.5295401306211,159.154632951479,125.0145162145605
303.9554896491993,191.90885885352898,160.15246759216762,125.32183196274059
281.7951484035992,196.54442463030276,159.60030048634147,125.02527032859831
281.6601946103019,194.36554783956166,159.87020807293612,124.90900684876736
283.7716422023662,201.18426972320674,160.12356805104173,124.70032856818001
279.6213732549428,212.4268778025997,159.47063604110593,124.59878717135047
268.312456241772,223.65949616547357,159.76297261577812,124.4590478972722
263.9421396539567,234.85446253220047,159.56901233104614,124.40559881472478
265.8382420548875,230.5374674829701,160.2402692752928,124.1126654209692
274.8868190890911,232.54275937452113,160.0189321648303,124.57103587735327
252.85180934688736,245.84341139630777,159.35863387035988,124.80792250110663
214.85439227730353,257.19230613673227,159.4180930536352,124.44406683081418
207.9700532538332,243.69982103822338,159.80143186276268,124.65835855220561
224.08909469526907,221.3638747947301,158.86123756541633,124.61898163129884
250.85259700927477,201.2878955302324,158.80750310682237,124.66598753323117
261.90064916461813,197.12627532070945,158.9916368870608,124.07713271590694
253.20890947924835,205.72971993370982,158.5779540500487,124.66740569765798
232.74343772980166,219.39575212325323,159.43587643201022,124.05068872985902
230.0924741201398,232.9679734119658,160.2821513215736,123.6401601309961
238.919746364514,234.80068147709034,160.47520270104434,124.43664296780184
252.68268481232005,232.31061391156632,159.81623532542932,124.93895984551699
268.1742189304639,230.04214092060678,160.16458454026622,124.99998904870397
264.10337346896324,225.7863373781581,159.34180225035476,124.54712292068864
254.81774435036942,221.27383239308054,160.06390457828093,124.64755493621301
261.6093086025812,221.2855054287936,159.90566878069404,124.62420886478687
274.91810504778596,221.23404806391875,160.12106728647763,124.7271235945366
276.5195186208706,216.86845863888036,161.39537278635316,124.50403715252394
260.8971385301323,196.74515791901692,161.18932584680377,124.31388657950305
243.04197128528722,192.24715336095474,161.0058349582179,124.33643935105842
249.68337960874356,187.61855954958384,161.17589781115075,124.62504064056976
256.50151667488,183.0937935775421,161.01439686245985,124.69139046226525
236.55260794353467,183.0086915965468,160.50037669468637,124.86159442425584
212.31314357305857,180.55391177210828,159.64299532485273,125.28603497215241
192.2510363170761,175.96364797558576,159.4570304263441,125.50874491842553
203.99832527022943,171.25209962703036,158.36086110793096,125.97247818037894
217.5405888730856,168.84590375231804,158.09886571276857,126.31444796137856
195.46111967460882,168.68337380810038,157.53828272546798,126.63950784981384
155.9126585677091,179.72180033092604,156.2000009573465,126.9057670213628
133.56537221472894,186.47061260193232,156.37069756441872,126.7653053090167
180.1271063647567,184.12241297909165,156.75470199045782,127.00896775821735
245.01807651040684,186.4431090768117,156.38749351421245,126.83015252191706
276.28023408234736,186.4319314266741,156.2197952384627,126.85250782219228
282.94069465349565,186.26934368819684,156.25436426188185,127.17768329914678
276.6738009688986,190.66270796708363,155.41528843024452,127.30619687526072
256.97216967953386,186.26274974248372,154.7973322965666,127.21250916614784
219.06442592388626,181.60705045062394,155.20447066441562,127.65233726240311
190.23492203133821,177.07616535089588,155.02450518522528,127.8158038827383
187.9655090320616,174.66233719666246,155.11430848404922,128.19443749147584
201.417087200137,176.7726663004636,154.95025382416844,128.4302962299185
210.35054151806912,172.2027393973886,154.91453566051257,128.65455479996433
196.78579340099932,167.75193121906946,155.27883968237705,128.63444041917757
192.46568585109532,165.58188106148796,154.9867541250156,128.50839040575585
199.2549637913404,165.67218126819992,154.78705691559833,128.32778999233193
214.80457433347425,163.57274928499191,154.86325356483985,128.07302285396088
246.7503253027995,159.29532197716463,153.2814556265892,127.72649118384402
259.74228277580625,139.59708735813078,153.82200990449553,127.33625658603198
251.12994547982947,137.2519315375525,153.35558427684813,127.60379317228832
239.77904738769993,148.4407168736626,153.9578385667699,127.3257643944054
253.32484756561098,143.69549073313934,153.41441779041148,127.96682348229734
282.7790555725494,139.16386394987808,152.05268515136035,128.1767411450005
293.55444785612997,136.72126368201617,152.5471783630558,128.652886124953
284.4472802201724,166.96455889317522,153.06411804908495,130.10718025323587
264.42001594255026,211.36819705641494,153.0171183654834,130.4144111241917
259.78759118614755,227.2256216780264,153.36208981000084,129.91913511997677
257.5362448469682,220.27712498543337,153.4074814150639,130.44422528527608
252.9894810468527,198.05305767810205,153.5681145516861,130.2278875818947
246.50437792596313,180.30676693671677,153.14197649088985,129.99688425779777
226.7892216158682,178.24160230083982,152.4759053207,129.67205977506507
220.42927028003888,189.59318803567055,151.87687152422092,129.1671157522999
216.0769435777595,185.20492868835808,151.73697340434364,129.09908292248878
214.0652146718764,180.9578431531795,151.3414097730257,128.75521110667762
238.90211774976507,176.6715877463888,150.1488247403953,128.5129544433232
260.8537490271473,168.130567414189,150.09622649410034,128.0547293843351
271.7043980519019,163.90926989246427,150.2793804933453,127.74354360828289
267.70207692509194,175.07035377108957,149.5345898966358,127.29495797685568
269.65401106936656,179.3165587635841,149.98672357321277,127.51455192211907
269.6402459468429,192.60495854549845,150.01425381826004,127.13684272953142
265.5139585785523,208.05774572303523,149.54509802818458,126.75732521775616
261.5181667605326,221.23844420793782,148.84164549501122,126.48103675558929
257.3484811386923,219.2514681137436,148.5165889065013,126.12277502788243
263.64218190918126,205.96428391265192,148.8934876607218,126.76854283966897
270.07544727533116,190.60494719480505,149.03986887035396,127.12375507752128
265.9496543793896,181.9880473313088,148.6002378826298,126.97512124529919
248.7136880900461,164.71417637475724,148.38074935677253,126.83144205385804
240.32986375007522,162.7713535052391,147.82548812824703,126.38636031577748
233.96381751515082,176.0746647363268,147.61259277364715,125.66971350249929
220.8530626275567,188.9883114991629,148.03297031831391,125.64355220734859
218.6471989573091,214.68567092051933,148.1384383284248,125.92394532924848
244.38558415491144,221.1582626849311,148.4104325903987,125.91595296471955
277.09344798201687,214.5100845917319,147.74172613514497,126.26290491132653
305.1647177288131,195.29743679944914,147.65151971919948,125.88273913444411
303.3155963869805,178.40597778029155,147.04554793161233,125.23194140273966
299.12660374981476,174.54979500747706,146.85474734642872,124.37552108885359
318.80624351815527,172.64369235806896,145.9045321222523,123.92005257516925
334.0457203261244,168.84038924580054,145.1453283895139,123.03530169022049
346.79781217198797,164.70162251080188,144.9595078644905,122.87338077131656
342.7216903869124,160.4365349683766,144.6832433219241,122.97504774344958
324.25527936704856,166.41774447096466,143.7114495819632,123.64750066483639
305.1267053460506,179.64852206005062,144.10188826270888,122.43041839416458
330.41257292010937,179.53939304233802,143.85682176335854,122.6486764295898
372.38304361320775,175.45056161433448,143.7881481582427,122.4391125074888
401.9327651890893,171.2481164551432,143.33727890503258,122.46563512607813
412.75912733371297,175.11096767305617,142.59778075728164,123.10522314685066
416.8571657372323,186.05804356154766,142.76467061530192,122.11848803251516
429.7118718944961,190.32122308903325,142.0645740666068,121.92856756615478
442.25840063783414,184.22605608674505,141.89760365469579,121.65585803334865
438.3936728041013,169.84754316901714,141.33228574194675,121.3811763380528
416.19831481953344,167.5598443908989,140.24640299210148,121.82233764710922
379.25286931825974,180.06449048091457,139.89600101727189,121.56014312620349
340.42133346712495,193.15788641565126,139.37620953739273,120.06267647214551
319.9098834038238,189.01830105617012,139.57090448365446,120.17620615503972
326.20560607024646,187.25941361779496,139.2424211047153,119.60632704715465
338.48755583405494,183.31571993297217,139.11907119950044,119.3468645426662
350.9906628257646,172.8596666511995,138.5169642079085,119.92221527968876
363.2929962311533,168.94881458727434,138.3159403927382,119.6093717423367
357.59589007915565,169.02728698835574,137.53271971627254,119.4524269401739
347.3643384282966,183.66844390074482,137.77329611594013,118.48165077826653
341.54006424157456,196.24826787355266,137.32389137663426,117.51790905815069
317.2827195168475,192.60763362407104,137.7158754863926,116.77872666716462
271.1985530458838,182.6574147157427,137.78308092447062,116.65718024385403
231.27292330954867,180.8472931544323,137.56476275270052,116.27394448425288
205.58576059825762,180.84785947113804,137.01782783128186,116.27281185084138
207.61170346422892,188.90277921622578,136.95142506340207,116.1049042169171
221.71524329677038,185.1253087593968,136.61664487000618,115.69633099580727
219.805159101473,181.32861572339948,136.46679658519156,115.34968371698304
208.34279098991541,179.51940907836945,135.6187745343836,115.00597062805588
194.5015389234403,193.50746644778388,135.69672451683277,114.63441003972795
208.7785964886005,211.16728010795026,134.71373750077282,114.76337600915863
247.96314555911977,223.54803848899786,134.8572718538305,113.55564899529222
265.5258344713775,223.160921235479,134.90764805611167,114.32988350232993
246.03446891528267,223.51627035861165,134.6738325375967,113.61918525606467
212.91187081431832,219.7734225987132,134.50665619311516,113.29166047628387
185.980721899802,213.9916880732717,133.7863327433854,113.15885353886071
182.43023588161424,209.81328838647482,133.11629016348988,113.74463829618335
209.82307936909214,205.87721098919076,132.71472515624686,113.84763280964968
256.5905172984208,204.04434917144454,132.3005397378444,113.63332767679813
285.8007755709664,206.14771031396816,131.932784735144,113.29678949457697
283.9888046518813,215.71079410175327,131.6976323665694,113.46609295273085
251.83055382026976,213.87517719363154,130.4251372866341,113.27915048996499
192.64925897294435,210.51508094365053,129.88761687301536,112.32836814423223
146.83265358034896,209.00745275829175,130.0347874166702,111.53170617155246
133.51138757653703,205.00099808430224,130.06747860275954,111.9418038562359
146.97836059959093,191.02471971147827,129.7930081917398,113.23488496679573
175.7633244599977,183.0854170140954,129.59792308066932,113.81353233229666
189.29629271696444,179.2575049414188,129.35063750601333,113.80688478071343
198.96470656449506,177.63195119889303,129.1502891010594,113.23069640774352
210.35968121916682,179.6555502629635,129.2501272231829,112.99846285151379
236.9344397514639,183.83694243933732,129.47969283463274,112.26126173820099
252.23060289569392,185.99342978102408,129.323600151996,111.75281625555537
260.02220154779434,193.53390667072222,128.9162317010241,111.84769132938808
248.9277593009288,199.1329182790679,128.3700654935304,112.0171934633091
237.91518975481193,206.97212322945632,127.69459069252605,111.47252615802424
234.50974528739945,216.54807372243826,126.97699018211921,111.14184878513977
232.7160321490571,227.97926836832806,126.81658699474104,110.76643627773763
236.51597922341136,231.61067257866046,126.69535266210812,110.98228767314843
244.05909663321154,213.3315650821604,126.5727559138901,110.13140748769261
249.76415233769433,186.91201774701747,126.33877219258648,110.81523961555611
248.03636036598942,188.51600923981184,126.0616480867628,111.33996467920075
244.62428791653585,211.07334182318993,125.41217186112185,111.06702625973307
237.3746440552194,225.86735981261103,125.02198565499938,111.25793813840178
222.454419481199,237.28246646442295,125.10751478362307,110.74391484934077
209.50103724186448,233.64752009275708,125.02696561853,110.58886083731181
207.9087928909806,220.9841588954031,124.50271088843289,109.95437920896613
215.41393912860605,202.77159398802985,124.25425906472402,109.47490739485771
215.3642301446224,184.4950376250812,124.35367703269128,109.23867842582968
226.3851162452267,194.02883158933025,124.37206875338822,108.55456043225286
242.9878717169974,210.23689389800114,124.16074548716269,109.13262349222688
256.11855495569165,232.42593074751534,123.60341525049465,108.81861192014799
252.73216537035918,232.46219142522486,123.05951926298093,108.74609056472895
247.26685101215327,227.27916407625133,123.04392249469687,108.16591977798006
243.73791317200158,209.1540507139831,122.82336859477888,108.02399860141007
254.62578070684143,194.57283030908576,122.84877434144865,108.11825165607222
256.5085974510042,194.81020134399907,122.7185670177526,107.64350958624563
263.69981477451046,204.07382951860814,122.83935934875792,107.24528695954987
261.960550691376,200.83986446357696,122.6965883559435,106.4706187514454
267.51336191949065,197.42241011556487,122.41097632534516,106.09218716371561
275.0771814587839,193.92286820276982,121.66805782167968,105.8989107018452
285.9078525853082,190.36207049689347,121.49619632868516,105.85734586024654
289.40054548229847,185.30864503148084,121.66731556496282,105.22943924568455
287.7613972169714,169.572987003415,121.37477984967335,104.56326508832416
280.85711353523686,165.93968073590702,120.96088247803159,104.71864525578471
264.95715994260553,176.8061174365169,120.79543149091475,104.29601063615135
273.6843240975501,201.78401328826624,121.05293100644434,103.93333684382466
296.61084792344644,225.1883893197625,121.22671632718364,103.15141775336414
310.986773887657,216.3117011018506,120.72003580315169,103.25156206144473
298.3106836654477,186.6680852242793,121.40121471063954,102.62350436975521
280.8458018885789,175.92752048794347,121.08249171500836,102.9555419128056
261.80734235572413,185.11380254563107,120.3814439354984,102.20932636343923
263.4629504942478,196.1388437453814,120.57267251663609,101.1739131130488
279.0220205680568,206.86406623590273,120.8531023135361,100.65584809501811
287.58933236448564,213.84193490459208,121.14199302680129,100.63892220253769
284.55102714997093,208.52890514728279,120.24084419394356,100.79834282432545
280.9651463562779,187.53733511883618,120.45747776851995,101.05071480436088
270.4839495585658,164.83061343128503,120.51005490821584,101.15955585871839
277.40990190354256,161.7071163252229,120.60828322698022,100.43148356648376
299.793620288596,172.34270661019036,121.04592583371249,100.0241857858592
310.3249255975393,182.72051283416255,120.84820640439241,100.13346452648122
286.1190593651297,177.61408355519262,120.59311386094795,99.91771772550742
251.6036308017225,169.17606549991,120.24810354448958,99.44978697525447
224.20928157327313,167.36431495660275,119.74190155593246,99.617356784028
231.47609467460438,171.00344238215305,119.01163614419649,99.24078232839065
247.36047283570053,165.73542627003792,118.1445471362135,99.47625878121784
264.63729019354025,160.3816490146744,117.83036670812442,99.9119770056678
266.3281371765566,157.247364723174,117.87478217156162,99.3283267297287
249.0404967368998,153.74395820172774,118.27603723775474,99.50033460999713
218.5941077054862,159.02241413337296,117.494314567417,99.22250620223417
201.58359434300044,169.597493006367,117.4170469987251,98.5313250324442
198.38378114846694,179.7481388914083,117.02165551807117,98.61508687152421
183.5605579406029,188.62828466441943,116.13326239523312,97.81859506914981
161.4671803919231,197.26089802411326,116.55898828054444,97.38453343131914
158.00871085224395,207.49127425003311,116.74431783041467,97.11860956794368
169.77456442538585,204.09821086743716,116.76322141152951,97.1759904110217
191.76511856311515,187.23018015621653,116.53477604054156,97.25615729156242
201.91771658665402,182.0996209345254,116.4097547675087,97.42718834792227
188.6411602366893,180.65767129353077,116.04933032464795,96.94689548706273
173.5332403370005,192.5870506124544,116.10709573615954,96.54441692866686
180.06577049617812,202.72189148940856,116.423228314757,96.3465245201876
193.4687686501826,197.93259177653363,116.39302024516468,95.88420335653117
203.55719731163362,177.9364710757779,116.25043700555625,95.80789659145546
213.58010015965596,161.37968508743614,116.21835001815589,95.56527072039839
235.20789979587013,151.25453371547218,116.26845527929326,95.82832521806526
249.93871657534666,159.71363799223002,116.83286353091961,95.59125100376033
248.27178062938725,173.16160005408057,116.8256576555125,95.42394901866656
245.03651191432957,194.6031576054323,116.61966954428641,95.93824993468245
241.79081040107087,191.4109796096717,116.42426191324797,95.63579526864785
236.60391379642226,166.39057705841176,116.7915119114906,95.6438843158951
223.01848288280468,139.7931474229274,117.23203280272115,95.37806171485457
209.67603779844325,136.593294066936,117.16679818739999,95.09023723082635
216.39050389149395,149.92466462976128,117.09029573505381,95.13235557268632
227.89768918175434,173.60274771233577,117.43922128840987,94.502781675291
241.19635783158932,183.54896775834658,117.50412043616568,94.60701891883876
252.77384944200634,173.6492982713553,117.6973836981006,94.39357519330517
266.1400906193815,158.84830227825245,117.64466820387506,93.98082946142029
276.22022186820533,155.6034798418985,117.4492383878119,93.81553010693341
284.3441195351303,165.8087223232946,117.81042167341914,93.33581948748983
279.36788129149505,177.44157008088757,117.80425278165474,93.30696319005185
251.3465682699417,184.3765914011741,117.42412403879335,92.71286285205954
202.01634273855623,172.90465126799654,116.97901793853003,92.53211311370669
170.89226007996777,166.45796421379939,116.64559595997052,92.25041621247225
155.8355758927599,163.02052073256021,117.20217133544449,92.55712695296356
157.41764990760845,169.59202381161344,117.33561442309448,92.60448526424554
162.47653310878417,178.13627084528406,117.11905816320248,92.01800810100337
170.82649606878127,174.9861431332721,116.85693868465977,91.74314094844668
197.34196788169277,172.03377426248113,116.29133020058569,91.08971179731
229.87811725077785,162.35423633835683,116.41520947073796,90.88993424306192
241.28565201945122,159.14394021977347,116.40932664715032,90.79361599058319
249.13489616252787,155.95037182456366,116.9948318414233,90.66715538883224
247.80718144860234,154.32487321675706,116.38657095758201,90.65446229275311
241.2675857571369,164.13417945294952,116.44901387088504,90.56097252480996
231.10985751374568,175.51767493488745,117.2427470445663,90.56932542621885
226.42463046159293,188.7497727437149,116.81554710332503,90.23220726335549
202.2708944769006,198.84866028159033,116.31498517280899,89.5576457475649
173.15674731253299,208.8348524172551,116.30903791434872,88.99667533863384
141.33417766993853,205.71083304714935,115.43416766239781,88.79271312513136
117.54965567022205,200.93352905092559,114.8633704187842,88.71935286896955
114.64862206782128,195.64494791385846,114.26661512915425,89.69828140145655
127.83225868565044,192.59859120385255,113.54906057378489,89.37856515139615
154.01934096074456,189.58295414992867,112.21551102705033,89.02976238381217
177.06247269367364,180.23303762915597,110.42460557498084,88.74587056230524
197.64572641896999,176.91594646422257,109.97272735960003,89.11626377906254
215.10957327963783,173.99160953592983,109.48554677258115,88.70302615668136
234.20823060286102,171.04911449085625,108.6896757378361,88.35444231154494
240.15622629631312,163.46296253293266,109.18937663859386,88.03213086781459
229.0204641903583,148.00182993036478,109.75124486646318,87.94060181003562
210.44563223532523,146.3878273829326,109.598704473027,88.06008987960809
195.07929033169648,155.58489869150546,109.25025488710199,88.31462729837193
207.90885660307327,157.3876832463593,108.44622445525042,87.81594595252702
230.01612520726172,158.67631307988765,107.44228193348644,88.32515733451407
240.97300605458088,155.74282638001682,107.08344345546416,88.03358124379403
253.5287878008806,142.24679482604654,106.52424520456978,87.40423345481632
262.8281971587983,138.99622867735758,106.22709870760323,87.8048083459046
260.1164174759024,143.50568671109346,105.54630700228125,87.94241888510358
253.90934176415706,152.80190506514685,105.78481000001482,87.6134548156323
243.20149950664864,172.3077914776486,105.9045402005353,88.15131143183643
240.2691477822312,183.08689115561364,105.6636459888358,87.96270388777693
241.6451349927612,187.46754173801068,105.95771835400966,88.33954308168445
247.92687160606098,184.2973760103186,105.62085707270995,88.56656856441867
257.0884051369575,181.29847451560087,105.6285094085381,88.45413175464712
264.75703334342074,166.2066505876548,105.55838511863976,88.10351536448277
280.3534033311437,158.5728459797598,104.83259762017413,88.1376483417827
304.5386791656879,164.45076047202377,105.03895671392388,88.52604704796428
326.083951203107,180.93773930055823,104.5853212184217,89.05251756037366
329.05335975052907,202.42360949550712,104.74042630198211,88.73823241930806
304.58639608393173,224.0216360849219,104.96552852604503,88.16240121096871
272.55726029695285,233.55542154150135,105.21518490164968,87.32586321162499
255.92547733287498,218.38205301625928,105.16119383603716,87.3839120859562
255.88938841525402,192.57315369338284,105.23337167127906,87.50915804556561
251.40342114539789,175.80220796087008,105.10899031024448,87.69789120785285
237.68098800497188,174.3008386346542,105.25476656874045,87.66739763557837
252.88769536604718,193.90468483468715,105.19121724311526,87.91453025099555
272.6164331690974,215.1404951589534,105.2276265828516,87.97478569797951
269.6747305320803,219.76224015729628,105.03198515240594,87.84986575801369
266.7745866295683,204.81793589586255,104.76328301244271,87.39352455594539
272.82017401184015,177.568544717379,104.7641046394486,87.47832315093916
269.7674655043769,174.3817921684671,104.82076434023219,87.8030709346202
275.64234482759855,201.66762824926622,105.19294655867634,87.780132665015
281.69153469156424,221.53211173354833,105.23797311597514,87.51723612344894
289.07047464366326,209.59700968133077,105.64162545657996,87.12898863619951
298.1648315853654,186.8990118593914,105.64644741088196,87.0411446858125
296.7573246611163,187.0577361981945,105.43054940952139,86.72369600820636
293.7381756098759,206.67807069143134,105.42391952369721,86.77505894571475
292.47950207267274,216.01375719780066,104.91807509642146,86.24283494306852
291.1340589446444,205.36010161517495,104.60214691328903,86.50244503399544
269.7258618895288,190.55636944199685,105.33251452197307,86.04846187924657
245.8356007008385,180.2945245205071,104.95229785912822,85.50182839212749
244.39424385638995,189.5034461820319,104.83964678555219,85.05617364391699
262.2839887782833,210.42083852127053,104.89726185513561,85.03134469770487
271.3496193302455,219.41485808962304,104.68745176353988,84.96475657332856
280.0657980873371,211.9859397437477,105.15074664484754,84.90954960217016
282.8217144107497,192.55468344894652,105.61657217178137,84.91728406233896
290.1188764268784,186.37179698500174,106.00276439617964,85.29864398490412
308.1097918903838,195.54684637136603,106.11941056981829,84.99778376250023
317.3442300103363,204.6983993089997,105.68126046160035,84.72540401891996
299.216700368536,197.05437272929132,106.00848040525841,85.04352412002737
261.6184632142809,183.55766862106327,106.10093268816901,84.99948440726754
234.6034448370638,170.01582540619052,106.04339586197925,85.03938404670109
231.74369383605108,177.52456522741656,105.75363915941145,85.04505116573198
222.68373595853654,186.714849576419,105.87189863857623,84.66613874359146
206.42146889526518,194.05021548603239,105.44098724405508,84.9751548884846
215.63127239056115,193.7512163081405,104.98745768422464,85.57315324426841
247.26066295195,190.85798021533054,104.66690325834881,85.36550860161191
257.85831253725695,189.42759704766735,104.39302780113393,85.23750012073845
244.44425221913593,196.91392948535983,104.37868400983061,85.17731548287867
217.78811165642122,204.502541704071,104.02751855475493,84.90660398448549
214.89745138150198,205.82361516351776,103.86578152843711,85.23598585367019
256.381786323626,202.91081177992965,104.17934526871204,85.11286164766621
282.67995002385237,189.60335116125387,105.1725598227784,84.93301190775817
276.38939049996225,182.01750621034378,105.79550370402166,85.15698285140712
261.1440667482791,180.5797359815445,106.25883606049223,85.02979179431614
244.40683576472856,187.89282190566487,106.64773998982275,85.44250996324377
250.08798444931415,193.68609923262323,107.36716959596754,85.93768228464307
296.98220749003934,195.39180071817134,107.80293954305252,85.56577015317706
344.0296017011889,192.2980486187504,107.95244185109318,85.67299753070664
352.8097401471075,189.33214492210925,108.65717850606147,85.5164670750538
337.4271801601546,176.7328422551614,108.89810733879126,86.29571949600876
309.4038865518604,173.57641341664436,109.70697545118293,86.47105282813203
259.7812460796677,179.58870163430612,110.26440281758398,86.78245809005654
233.66677072348764,190.68765088489334,109.83437870649658,86.26766686912524
254.91488157503517,200.97690178913,110.49513177870372,87.26765244830293
287.41350768002854,211.945922680526,110.78687220978989,87.09260821253528
306.28116000056986,209.07826266085038,110.37903507056157,86.60668366824416
291.0052592459607,193.386994764289,109.96598869452642,87.02437157611351
261.59429633285663,190.16111408647612,109.94593114113405,87.2822399444129
235.59565160515064,199.58263680387486,109.22920202636666,87.04414224026692
244.52614709559217,213.21395879817604,109.88408276847368,87.55530583614956
265.0390343976576,211.51298224316753,109.21429735665397,87.85295208521957
272.7818243138936,196.06468010769646,109.22301677136801,87.76095786178954
269.57821822118734,182.2461427599717,109.43522227597876,87.52050249363079
255.54042012910048,189.70167124934892,109.63906715534998,88.09375179532215
253.82438968695976,202.29022518690098,109.96185010346724,87.79086740953137
272.61655059265064,207.92543234090388,109.68935722794602,88.95772941347911
291.47036533463483,195.18670946873056,109.47019026863835,89.44286680805205
305.1725621881356,179.3875022841827,110.2224515866313,89.75610892715392
323.91044234214627,174.66342208337318,110.48840460226083,89.76884099786022
341.26047502838645,194.89907085427149,110.43211999326704,90.24019344927498
353.4022111442568,215.58804051030057,111.39818288884506,89.89274871910982
354.56487735021494,212.40436387168182,112.23826036490796,89.92928222038896
353.07438685752635,196.33210022400638,112.04035022482503,90.28489826113845
349.5254503018234,175.63240367724595,112.77499107708762,90.32328167022816
350.8386556969553,169.28463550868622,113.3420888220584,90.2447838664097
358.5743294942732,173.92263586912765,113.87539121144755,90.57157313594176
355.19808627037787,175.58308481679543,114.19906948417062,90.46507932813995
340.70019627506656,180.0158275672064,114.23613503998361,91.25249863892124
310.0306183008944,189.68222049208794,114.18672610083141,91.30557538520969
273.9252026491935,191.07342967390656,115.31379632733014,91.7542370705226
258.7962635494014,189.56051920072684,116.27097757543146,91.52442502227282
244.07061598741322,179.2744299015876,116.32321439359187,92.497231416674
217.83818834451137,162.67949176750108,116.25758604558462,92.85555541371522
186.2347859788802,157.52758815721938,116.99313367687522,93.29547993428312
162.67150561747,167.47057107327427,117.83050581748398,93.24773778026407
170.6845304890228,180.68009056523928,118.39658736462526,93.376108860729
210.40666533382625,180.40155269487454,118.85261082878868,93.9331846014585
255.72508132624785,163.1749046201648,118.53638793695833,94.93440330902138
275.4862399478683,144.77557268461976,119.29331854011767,94.81042332091124
272.1144430497169,141.62812770839392,119.30451860048585,94.3729195374283
268.4852009490616,159.95989094793123,119.84446721155253,94.66133880469478
281.7573444472179,181.6581830169783,120.27793423706694,95.10360495206949
302.0045005043365,178.28599128131629,120.41607941474797,95.07591220807383
298.1999980733236,163.12301893067058,121.24967660580123,94.91252238998916
270.7008019766518,167.3976255996452,121.8831649829234,96.55672851758138
225.74721030079095,190.75594001789887,122.50080695635559,97.9190835001531
196.17476722132704,215.17283622087132,122.72745519829553,97.60619290819815
206.43033456685555,225.68527294654436,123.0013913214151,97.36639027102872
226.94205939687328,216.91743225653158,123.55174444573447,97.57965382423967
221.50706062433994,200.96577734116315,123.99261932259253,98.19559565035077
198.67416217851854,197.46486411121043,124.24777727309592,98.21116996546553
191.33362883467933,211.17663923634382,124.93969720069384,98.76591323535976
198.27526034937154,236.93089726918242,125.1239924355867,100.01074066072223
215.70064730638046,261.73083868060667,125.67232006625477,99.96960000043394
225.84670389617628,261.75858391657346,126.66609510788632,99.91410952850043
236.16133729077598,245.4584232665777,127.4086430445858,100.45670873964366
251.80624993786608,218.25256565743808,128.35816677136827,101.13617558965187
267.89034386034615,205.7353364789991,128.6594790565534,100.91657828975008
269.3209279004101,216.6641974649806,129.40707638736143,100.71144878340235
279.92789071680835,228.95149958319465,129.8943286030767,101.45488537023795
310.83356073738815,226.79307624614796,129.90189503636358,102.1353257811286
337.6612537651631,213.83667280083202,130.96025270289516,102.51505226812249
333.6442877849426,185.67224947510545,131.65428848306738,103.79467756756037
289.1294368024395,170.70812884894488,131.85128161331383,104.11201587496157
240.36040126638989,184.98460265909247,132.9415031575436,105.23532964785697
221.35410525467057,224.10804239873707,133.5094301820038,105.62224666642254
230.3489389541741,239.15389546592434,134.31699195176765,105.6061072020814
250.48512353201215,219.64965499818973,135.53164175284527,106.89911635868356
263.293588537921,189.15181082205743,136.59272369175233,106.91649168072036
264.44507549013275,189.2087798952913,138.11741464160335,106.80255353425267
275.4682284348878,200.7108909018609,139.16581511696086,106.89303788598103
308.22692017569136,198.61062760337583,139.38065189258273,107.22696329134942
350.57654980854153,194.58820176975922,139.93850065937406,107.52116877381061
361.36393559977296,194.4297541517097,141.6955334694315,107.83806400990974
325.823971869122,205.81349596188835,142.20449090565478,108.5942370645786
272.44951739835005,215.75586861894755,142.55423673255757,108.41304047539369
226.55948575289625,211.48698819468868,143.64329349476816,109.06462684315517
205.6673271801991,193.01514594117464,145.7243365034403,110.27536462713337
200.80159129677384,174.4547353222332,147.41217442353698,111.19983355462375
210.4849020336875,170.53238501738824,148.35873380055966,110.91926182397366
226.64007906859356,169.9696982295225,148.62807548750476,112.04463539970517
248.98823077023917,177.64149634610754,148.97636375519653,113.08089068325613
267.2036905258583,175.09116599049668,149.600206137503,114.06435562852847
293.8589426045263,174.84530799711817,150.14557067430488,114.55607161528549
293.5573146786042,170.60378081771876,150.7488265261491,114.72092651420638
274.55971931792044,166.2949890006949,151.20510758675113,114.9965302236396
254.8141461270417,163.6950854090261,153.05424424483482,116.01389188212457
239.65727120683158,167.57560415493597,153.77728541294525,116.70734258239334
232.78778325478544,173.92453289581226,154.76749789072176,116.75824852695658
230.38343395307956,169.57934473403068,155.310687136411,116.91760613507485
242.60471275418573,167.3518776985248,156.52645535808819,117.09615256877171
242.04997771373547,167.02847555992048,157.6359254389887,117.74295684598029
234.99383356648383,175.47255463922534,158.7723613708987,118.15593517082831
245.28716290657474,188.00637724071805,159.93236829382224,119.18428869156926
289.05867840479596,200.52766172391338,160.0655783194928,120.44459203181253
325.70013407015824,200.00045164983857,161.6923656746755,121.49901217996218
316.7143116759222,195.04897790277226,161.87015865473882,122.50503376989045
281.0561352974297,190.24543897074403,161.7047535355751,123.17689189942834
247.10603062214454,185.25147551280912,162.4641177453383,124.2127061298572
212.69895091157144,182.4107605010161,163.71021623741652,125.38959875817206
198.3021774970956,182.11329829961264,165.24730471130565,125.984523160979
206.6865135103846,183.92448760821554,166.78221800391432,126.9380408735698
217.3790261502594,181.39172447021824,168.47151200327713,127.38870329374197
223.62192724210584,176.44242950177932,169.92962784782145,127.99134787846165
236.48494371077098,171.6563557676905,172.28379371493435,128.20342907849158
245.38443624100154,164.56149483233764,173.36215223784134,128.2351432616713
237.61475010469167,159.6075354295641,174.6927645667387,128.6705554380701
230.00746677986837,159.15584397411521,175.61649686663642,129.5739383489679
228.9885903400725,160.84008192167673,177.65424974622815,130.99791788947027
223.71471533167855,155.78518668441484,178.50847772346373,131.41418632444166
200.88308744964058,155.04676613383907,180.37265339440845,132.89102742559325
173.04264141719148,167.15264279973616,181.94345725520637,133.27476873202642
167.64628573138089,179.30561774688758,182.83766355347265,133.71508152111056
181.8830064365836,178.8334374791001,184.18454839010752,134.65944205668552
184.59501619757913,173.3113911338398,183.76652827471108,135.69153593401683
168.72405467361997,167.81628042667577,185.40900868677994,136.6486098030618
145.01218254426195,174.72951074970211,187.31777075015833,137.99380988878835
138.46666329989836,191.61982199294994,190.19226066879475,139.97110739761038
129.80866400245424,211.85267430482008,191.95516836541597,140.98031183591561
124.63657345913879,211.48080726092098,191.84396460940877,141.7240459237138
118.71252268484038,205.77827099110436,193.21567753074058,142.65272983608202
130.90323086166978,200.0632195655976,195.2055653276961,143.53431102684988
145.60713522121665,194.5120212512173,197.7114448104751,143.9988115883196
156.41900990127795,188.64043892449934,197.5461679699469,145.01273998195833
166.27450580866486,196.25285950729975,199.35016100566475,145.92413745422624
167.59219125307607,193.0956858430809,202.1358828396101,146.81739205989618
175.12133744781266,187.0384233687571,203.5117021313722,147.975842554387
168.86198231877336,181.15968004635732,204.9945390558025,148.69745586553822
158.95656453557962,182.9088197716726,208.1485187360305,150.75146171029417
140.88238417776913,196.1289976128827,210.49366012812038,152.48045546414994
133.92169216243087,192.5586369624163,213.01935134397053,153.92333035766958
130.22581787149178,186.24093580687497,214.65124052295766,155.0390138629701
120.69713198516042,180.1995694866987,216.2997897898023,155.51586483277728
114.13161236969813,188.54790324473794,217.75928685990675,156.32651055792905
122.06275500916462,202.72428396467524,219.5106674856088,157.3298589591128
129.2313104895472,214.19018372071602,222.91635086847305,158.05511857187054
122.34721618672474,207.8189534551134,224.728992585386,158.8420322143438
107.11795416938689,201.00396170938046,225.09667330139368,160.4356783783425
102.53365819410617,194.66423589508457,228.21527544866606,161.01515040035608
98.08958166015537,187.6535487397549,230.99669682807996,162.82306133404003
105.58486504598106,202.38765327127192,234.54196329271647,164.24790766481922
98.22681104097387,204.53632862591027,236.74663747981458,166.20627386700056
94.0298388126969,206.8052213053145,238.81922199149423,167.98984845306643
92.29640477466262,202.96835128653788,242.28609006756278,169.2814683442535
91.6332219489487,195.73824878453905,243.61245571899062,170.82999931387576
87.41914648972354,188.64753058686165,245.5391633481138,172.0085491305763
76.14318316874729,184.192332344799,248.44104462508884,174.36893049304243
43.859607532680386,193.04321466752566,253.31271751639864,176.56565864119705
35.63624144859338,199.03714486957895,256.27402528948875,178.06322263217436
