352.5,197.5,56,100
350.2977452408678,194.64323571644033,56.97236893215184,99.84924739489433
352.2036050883263,192.18066487934232,58.05354135235149,99.88149695397377
353.15721148915407,192.00675194111727,58.61159130660421,100.22932283042384
352.7883651063224,192.02295731887,59.349284072267544,100.1969120749184
352.5788558703026,193.3329585380664,59.768302544307105,100.06877657466998
351.16732515116803,193.28074714313618,60.094326997838486,100.17319936453043
355.12828455914774,193.3346874110918,59.684679896138235,100.06531882861916
354.1102727274713,191.9379644039217,59.225129296380544,100.36319057984883
351.8070069437862,190.66673837364274,58.84718157952367,100.41340299829318
351.5275060114514,188.37645964058612,59.406183444193175,100.02077339718142
350.1932999205659,187.18533945269314,59.5843857251279,99.91280387213098
351.23151770893355,186.10222673260319,59.99956336886135,99.58741609184196
350.04252538583916,183.61864664833615,59.88377353607578,99.56702730242733
352.646764385177,182.41771281753807,59.65833381240499,99.47737582652104
351.05330836348384,180.0167705631768,60.35886232584595,99.30649327535289
353.2169323989333,176.3982419046817,61.02290023610089,99.05662162061228
354.05232186098306,172.7201933693698,61.8552070053092,98.90346161131237
360.793479454803,168.76814988676048,60.946737486759794,99.26324117507669
359.44972545473485,169.86496504691027,61.12935790181362,99.57449843985972
364.63343762197786,177.53052551808634,60.81233116398023,99.31897389248674
367.212278468085,198.57711263149397,60.661567072263935,97.28114046965453
366.06252525834265,227.39219048215404,60.49055663288418,96.4728725222179
367.324425406555,251.25953741511265,60.422330295642084,95.39408388077034
364.75690404430077,266.92124876815524,60.6807694264801,95.76858453354265
362.3569828440507,266.47465559160065,60.584152828930215,96.66177088665192
362.56422590469487,254.4691820666725,60.169666707641866,96.07306181580111
361.37951228991034,229.47286496479168,60.09487328683373,94.73706236163996
362.67147680979997,208.0066642338012,59.93393680193258,94.05559783581649
360.7904914629192,187.30706848561363,58.87570234756426,94.48304557308762
358.5717624274475,174.26807253897022,58.51562298823167,96.57335031499473
356.36488838098865,162.87462812348127,58.08158653003154,97.54520866594272
353.9264231478809,166.28254680024642,58.09644342066773,98.02248167578153
350.53484933333294,177.5685570217362,57.56444192451707,97.39590860854172
338.7937429663815,199.81121000469017,56.84583232386891,96.47208284482574
321.2782193736225,211.90600834683374,55.96373549635296,96.22458216922793
306.8380739475742,217.7056827645019,56.33673454176051,96.50327158667868
294.61876710063564,213.80763063247488,56.9147523154553,97.14119707467802
302.1497100262074,207.8260253786351,56.28474073809908,97.07784568753468
325.01846147229344,199.82398562126122,56.02761536783886,96.32599664157814
340.53567265919844,172.17130106222763,55.909719492305115,94.55470145513522
346.7866144760291,141.2755063263475,55.157330002811,95.24892137722603
332.54129095800835,110.65294540311675,55.478319557098516,97.80725680336671
326.0403400841492,113.87948276072314,56.52609266370048,98.52665927282372
331.15057063306836,141.88597293244715,55.9827361029683,98.15703001773576
346.7858628620165,193.76479724609712,55.97163142188947,95.39154682323073
363.57761191021314,250.98695841445038,55.47540537911737,94.38930009893953
377.4741549813822,283.26322078057285,55.763507736490716,95.35954853268814
384.18536950937107,292.2851732854907,56.49735721446275,96.19068156811878
384.3199388819402,277.5474073615669,56.22821846932461,94.6724339536286
373.5347424878788,228.58029893915415,56.58534693873716,93.61141731114002
376.7464707113602,182.76916584743333,57.20369140156011,93.6902716673669
385.8590618225136,160.52030176544372,57.84932287896581,95.72866900699312
388.3637069396963,168.12701222534145,57.64021124048338,94.91578387484671
376.14328139162086,210.4968943054647,55.85199981719439,93.63212773099985
349.8149798465672,254.06489072842032,54.79879609880416,92.8988675770195
336.1386330267046,268.16255502865806,56.77977752148382,94.68828977850683
335.06490862474345,257.935388990678,56.56065233021292,93.84345589772788
348.29377869731,227.4707615321507,55.956274544458594,93.66476341988725
354.36894673077813,179.90802390390627,55.49320943731075,92.95461680611096
350.96819017783844,148.38671529590778,55.33749137982753,95.70123060629808
333.557667645074,142.12472461318265,54.800041951314824,96.43904714040119
321.9663146006049,184.6984342080202,54.392317555291214,93.8581346480924
311.7602901855806,236.8271264707098,53.97945676937856,93.72529820251975
309.18522615753636,272.30735034649973,54.519765949301295,94.21704303150814
312.86150910608757,276.6006055856832,56.45264751464779,94.91598001559025
311.0714042596721,238.59463812421677,55.30397696973467,95.26583113461845
309.0968946952073,181.3996090990525,54.552581476954884,94.49573095306798
306.7244078991962,136.41042198284998,54.645453754550815,96.0841802113722
305.2639659275331,136.15591682591096,55.21517555319859,96.59319052525022
300.96711869768046,177.63336974289203,54.335360020403314,96.53149712566818
297.7114763527734,228.5444801620568,53.78911698622756,95.86717366452716
306.7916201518647,252.5559977211111,51.96253602237986,96.8452584494232
340.5795244732013,249.38577345993502,51.56894816595244,96.23582206285346
350.21360083004186,230.8981258568862,53.00897713835994,96.3965720492378
329.2585128541982,198.25001547737799,53.01680248942654,96.511358540622
282.6555937425505,161.37167072065625,53.033189708526635,98.04622352581407
284.98912232840553,167.49855294205605,53.071442570529456,99.90838918415326
302.95416052906836,209.76503296399312,52.85240501608884,98.70118644967748
311.0514468563337,248.10592768725698,53.172293801410305,97.51407787104556
317.84979588921686,273.53704665871965,53.658721666966265,98.28996834296828
328.1547879532105,271.8784309381882,54.351254088361756,96.87330721750169
334.0004223254994,234.3335392609695,54.449161118920756,96.5123656110631
319.5847768700218,181.60300966545927,55.03050339561442,96.036117423603
292.7409997165942,148.61832302665505,56.86428964706998,98.36677536049369
283.23250886595827,160.07390743252597,56.5001308819385,97.25938957345568
273.9990321949532,204.8762648406665,55.76671188027476,96.4563968466664
270.1688627512153,245.58724843290582,56.29992839927373,95.80848317159187
271.869453918116,257.10540559465613,57.64898907252112,96.52338388333492
286.6954736705342,244.87394836192226,56.899412188524934,94.492374279699
290.2946986816619,194.3624307442225,56.79798842437581,93.79136648224242
276.28142095906685,133.53775509293897,56.582198805714754,93.05722250812124
264.3233255300032,111.0820085517876,57.10879874080898,95.86745192896461
263.83784396977074,131.98667276355906,55.690096024069575,97.07210857509975
261.6077974322338,193.66915025540038,55.38311940425698,95.2674308110237
265.56811806693605,247.9672733322269,54.51719354016565,94.84348753884092
266.8709589605673,264.8992892148939,56.572722703374986,95.93853790204619
270.07069480190626,254.7745839504882,57.318249533089045,94.75295289368158
266.9611352872499,215.66699209373786,56.407530092252024,94.53991343553422
258.65230610513294,166.95746742882443,56.51858485892559,95.27742740822215
255.800033606409,149.61300475566975,57.481275725059476,96.7733738353341
242.96610968181992,165.09857472825072,56.645452825600685,97.12475386583405
234.70246173381,204.58182892004652,56.36917835425828,97.37507721409293
254.56625779575637,233.79680130765593,55.03428207397237,98.93371969450983
296.27211359638454,245.79527865483445,53.22010303883731,98.93603928430609
333.51551352869876,237.2954611876459,52.17127887890495,96.98393855295525
347.89261988986925,219.36779602689177,53.6062715689031,95.68332375158448
345.0292661540644,201.145026578622,54.677869060992535,97.21553780172137
340.6797634808775,199.47987844092827,56.27150650807262,98.17737811067762
346.7089702368722,204.8052627899882,56.26199217766395,99.57550859413841
356.45172567342547,211.6396427232596,56.21904419347804,100.48867089428609
363.2761679974321,226.44364727066431,57.228733897184995,100.19781050291715
368.8761367485425,234.8316561589919,58.30860896929723,100.61353033032825
363.8612208404894,229.5424678866189,58.41666706708227,101.27013315675308
343.9563876956287,207.64561465546677,58.35414330627424,100.20762581221173
304.8635369171793,179.42596103234533,57.33366507978328,99.71749133914324
254.65205816598862,165.87296580899374,54.83029270807065,99.86658586644089
231.39611585198344,177.35129341269345,55.54792881561988,101.01216672244203
234.66006615276206,192.9859715213725,56.338184852861,101.45482260654308
252.2410826972346,208.68926909549694,55.60781748191444,102.02048848215003
278.51042229337935,217.7458483352065,54.630159795489035,101.09433717135225
302.8758671110709,215.99190213492525,54.397469034076046,99.75240968451776
325.54307802512915,213.966654973959,54.684793292954296,99.00061494466141
340.65950392239665,202.37466596290906,55.58636594181661,98.23503570260937
341.28094930291286,189.76479826414536,56.74246934586584,99.46482944932069
328.51095056327915,192.95284649457247,57.91398701614554,100.39927693116276
324.3218419768769,196.67766501376894,58.88047457953891,100.36136950218096
312.95558068110114,193.79799155412655,59.23553925684372,101.14794799607756
311.07114017912147,193.5788962790083,60.500349522937626,101.5861385463141
326.2806314148141,200.9920947227518,60.46487784941999,101.9514970577608
322.659175071538,206.08013837857038,60.097414466412985,101.9225778388692
300.7200504403478,201.25005448384363,58.43291764432253,101.46213538732916
279.20463457981134,197.11091434567638,59.04647452836174,102.25501422183419
275.7957181348812,187.29909121577145,58.31242709332059,101.74031294857375
285.0458089874257,176.08402962463262,59.78994138823194,101.69552813085117
282.5062929903589,173.26173030179007,59.82581168714181,102.29696508131259
279.97347957511823,163.2462151053626,59.82920249767223,102.07905139436416
287.3681535087772,152.33373622430545,60.20749600486589,101.15254709471101
293.4562060037001,147.97681427167953,60.634229613761306,102.30468784071809
290.5518765507186,145.2073308850896,61.35308341649447,102.75384951066796
296.97536819526096,153.09976308137652,61.32469295215921,102.3512965077936
301.7514106004038,160.7293123609339,62.00161278950728,102.43570492012942
296.1708184072672,157.90103550278718,62.88312634063836,102.95242321885175
304.91617497400125,145.37833163990217,60.94714438729696,102.07327897774391
334.2649178491848,139.2594341608155,60.824802278761055,101.5773470572583
334.09490763044244,140.47758063579738,61.16482271624585,101.67835794260395
331.56009473292335,153.0253271002402,61.14536645931777,102.02827527354962
330.01447205439797,160.82445568640892,61.68719158717653,101.72653947636348
308.25714689233314,161.9358894202785,59.22876514845561,102.05773182878274
248.41498045501933,154.55470731138803,58.07514369097515,101.71535175505016
217.47294943715954,158.9063583627395,57.63886378794876,100.49049068499676
204.36348764473436,167.26435262532533,59.18517637142486,101.04532986078708
217.54470134325305,173.4256588287379,57.83969878176595,101.2311923576512
268.160351229869,175.38315460298446,55.874162499935665,102.27948898372819
339.8698582994553,166.02809039358323,57.81104752763785,101.28034293922562
394.08456716674004,159.0707043523204,56.1027083342608,100.30380173693368
404.3781378031546,157.4207870685617,57.460998687241,101.16525501269447
413.49601744110487,169.50598759102175,59.01911468606616,101.73719806118153
406.4495593776664,176.09986097473214,58.05712847084874,101.09520324550601
372.6017992775127,175.93150928612383,56.21968726127644,98.94858657236979
313.6405573706166,176.08220982303726,55.5463930841835,98.6471854985429
275.4893309303178,183.42743794931405,57.31206080544493,98.3832037929576
270.09207585757093,190.77691874526212,58.384678432788945,98.26708097828612
254.89850267849286,197.8642419268051,59.40917516606699,98.77375942763919
252.8480907648394,194.20367791846206,58.56657695367176,98.67975438477208
280.8629860736006,179.7327185989264,56.57086121603308,98.14854127117954
317.1142001908497,169.0261909472922,54.08694506765089,97.83171351323958
357.43896757585776,165.6123728964005,51.56471942810408,97.55686696679845
400.0344031719348,168.74091662716216,49.90394113537559,98.26062058022725
436.10961152348665,172.89678254997372,49.116242312365365,99.15698136429359
449.6312852442516,178.26808359113602,51.99274218367995,99.92201286383232
436.6902765870018,179.43492770976565,51.88831971648914,99.95072824309037
414.88611510827064,175.46226591134297,52.9981304271199,100.81296646546386
419.1665400888027,174.24698103248454,54.00841297649936,100.85075309556981
437.4036216514401,178.33119445579942,53.694357970827085,99.91434787286056
457.4045145346566,177.53445633687596,54.34809610445155,99.11632270482173
482.0009034133599,174.25357355316862,52.97364413285659,98.5053394043647
514.1308580261907,173.98073447473712,52.39056367462865,99.0510175612277
525.8414259806708,177.93901558470913,54.89023132073066,100.56020208857912
523.737305093675,181.125666121541,56.676991090208375,101.45134702845753
520.5686602696311,188.54867281023897,58.08402647416992,101.39609644344007
510.87163709739815,192.35670064358757,57.57219192718629,101.24474611103635
483.32448762376663,188.87014701532772,55.688571409598566,100.78595082866251
459.9153118723746,187.44045843999822,56.17645083215578,101.20688208036219
447.0760571529192,188.66566059956648,57.32511821452652,101.20946196687969
444.60854628665317,189.8946101588847,57.314981801743485,101.22414192090085
470.1820239117157,188.07428413594005,55.62050664593316,99.91954595735865
496.16562985405176,185.36406279604614,56.99199521967506,100.49101586819971
483.6546215661058,185.77173392980086,54.99491095221863,99.67567360069032
433.71578899410974,191.86088018598082,53.64353084920805,99.54845790344973
395.95238996868085,194.42798046711772,52.842635212693715,99.18473819663666
382.17056139033366,191.793223181705,54.37852455419899,99.72193134651857
372.80441397375165,190.64807217508536,56.308221234501254,99.61186219506332
361.43998524009726,196.90461812955277,57.15227805213405,99.25699286928185
348.68118132372626,202.93649683346683,58.26264276496886,99.3968570214073
356.0840943400576,207.53574465927323,58.22647587592559,100.04480079887415
375.3191336897158,204.40746159711952,56.8156206834115,98.88952222182108
401.31336204422917,199.80072683499674,55.84806007926189,98.38472582132809
400.68733322186114,186.8541830478083,54.694459119842804,100.22122735415371
372.25517366016624,178.85104405163403,53.64351692731057,99.33555412935836
349.6240842511791,181.4322956827482,53.64574178081131,98.9372565476009
331.2076273840877,180.0385502445338,54.83460563754831,99.34847743219991
319.2113246401397,181.35616480879008,54.800724867647524,99.115896929467
306.7315011182594,188.45793137272747,55.77401176048953,99.30417989214335
303.51346512843963,194.12957090102296,57.374076171621624,100.0509197568211
312.8093551003914,197.8158616906435,58.4323266420032,100.04709958293697
326.4876580326627,195.24586665483105,58.29120129425557,100.23882046969
332.56209970913636,189.8547485341477,58.515267560265876,101.12269701589047
323.91519912700477,179.90979583308237,58.36858674728835,101.08062301546023
311.63093918934294,185.0683591788057,58.05323797638465,100.71704378250443
290.1385295431313,182.81064160742955,56.44037571271787,100.2771809745801
270.5359906608687,179.95135868282856,56.54567615588271,101.10827465861205
257.75024652839346,175.91518068498556,57.53897605045647,101.807174143185
253.57256759233778,180.70040441177508,58.43915035934805,102.17697144056571
260.9739585438271,183.1658076688324,58.671363211087595,102.25782984469049
276.58869683051824,187.31233352498492,57.57355241706975,101.49769457722655
303.3653789501205,185.16348627475486,56.12263097403552,100.83325166852757
329.3511656193939,179.5555904569358,55.5285286204432,99.81631211727178
336.3465487098928,178.15251939674954,56.06612196478963,100.2010609834202
323.4634316528282,182.387964153974,55.03372414204305,99.03888926993744
302.0916625123261,188.43493998711733,54.55076868946726,98.95229697408969
282.04292541864936,188.43900102266184,53.98500291496654,98.94417490300063
259.54176759173725,185.5951540797289,53.72603334467712,99.86752297580196
239.99599838834513,181.50281406743204,56.947260620870324,100.87814077427745
236.7158192526254,178.86721673191514,58.5851180832025,101.22683463620389
232.73899813315447,165.32369004891075,59.0560830141233,100.87740453946876
218.54117866918165,137.64054598475528,59.98453093467751,101.30931065299684
229.04428554767807,125.18800687331762,59.13137534593358,101.0230661655609
254.1382812864383,149.98625321889182,58.95246402444215,101.43565363044159
267.9962336823768,197.45037345698452,58.77558590368283,99.13868468437869
284.34558174840083,247.88349921379466,58.14069444400512,96.93029370112899
294.4561413073706,275.56062624732465,59.725561850629205,97.3024496412871
291.88169175082123,276.382507163422,59.96422668583998,98.11380494803626
289.53727277156054,250.30528661742818,59.71060909792092,95.90123502917925
304.37288667491595,205.20857733077872,59.246844040357004,93.60435489684625
312.7893409687043,172.19884340405116,59.1569192627905,95.0437423402617
327.5775279421148,165.9267026178151,58.522867116544326,97.94058331254224
342.3408305772252,199.2861285849173,58.32864187163638,97.21958643529155
341.6909072883576,251.9710620874904,57.19812658377747,96.35527965068682
345.5485002236596,297.7093533748632,56.67822218319709,96.0189290295737
361.23484222214415,330.22088026431805,56.305909281608024,97.76590530225181
365.0911978735282,334.57590622308976,58.21025997213971,98.67291537800816
355.86910218694203,307.8823009640757,57.054676688028316,98.16074558850588
350.903803128543,262.8702977840095,57.29402269854933,96.11785693900623
346.1638891759007,213.48300678330457,57.187785472474474,96.63527134398156
323.41330763798294,187.7559060964178,57.04308177529178,97.63877786336649
311.2502260688584,201.85822508289422,57.220535880583,98.41259072996291
322.42781916878977,241.49754617310606,56.72958094636021,96.87343749403666
341.9553345419051,286.4316409915037,56.04580856107408,95.73878281692544
353.2038031463414,313.1793757053341,57.24674394794975,96.74842035948589
351.244891320354,316.2380903385795,58.759475814991276,97.84626644779475
340.37669448348663,293.64513020926137,58.47329301316681,96.54008081358366
318.54669089312006,246.6702153915581,58.52499109737408,93.5825569011548
301.023319087029,205.40445057878122,57.880198707870285,92.83383585610815
299.47080082444927,165.86160455001192,58.62779746932495,94.12408171138954
311.31992283444896,171.22558441918767,58.82204211847453,95.34236630761251
317.74561885074996,222.80356820780676,58.02412778600752,93.43561141150808
317.0629650409317,278.554659716853,57.02059646423274,90.90001969833443
323.08966250114287,311.75800022549834,56.537867378987436,91.60320052507042
320.26665460443775,324.7315412214562,57.550815346387935,93.45452548921371
308.7141700474105,305.9461081082558,57.044057654372274,93.24662882590223
297.39101478087883,258.6279971336464,56.194836168116574,91.55116949591296
298.9076826842619,203.32231287446405,55.4714936722026,91.28285909337367
314.2151785669129,168.21588724930598,56.97005674397495,92.68094997853044
326.90502720004565,185.96115571851107,57.328971386313015,92.28852018821593
324.680241920103,238.075364972559,57.09845046543816,88.68206851646177
315.0366568846897,288.2586569753182,55.845400470393976,86.45209149232616
306.75411430827245,318.6103599495283,56.81512481322747,88.13012878390997
301.19701963472176,315.40208994037926,56.583087195402534,90.00817801623752
298.89566436512945,286.6589554157799,56.59885382567952,87.86417624963687
307.2170774949394,239.62911586286717,55.78757118117954,86.93459366474254
324.81653978657636,201.7371284618061,56.33540509614783,88.99087906424
342.4733591073751,226.03370426193334,55.13345356203864,88.15408941446904
345.0556128150308,277.9586319575258,54.451880423807914,87.41172239614143
339.87855936484044,329.9739024361668,53.711252129320634,87.67169227061902
331.1171487986546,344.94338438991707,55.76136467805297,90.88853247091694
327.8855867531972,324.32172739249785,55.34601584846725,90.86100894275187
313.20996957696667,276.9440134129625,54.98669096191932,89.62847628348598
300.6537628534646,209.46493389902483,55.22799378523004,88.92603190939764
297.75897772403414,171.90311636463545,56.508399776037365,91.90303868931623
311.82327882176094,194.46375057132744,56.225939758627916,90.87149539116876
320.44258265188125,253.501787753205,55.08996392734847,90.11459578127372
329.8935738428527,302.405027017104,54.34793868652074,89.91788688696948
328.84795681369013,327.7633636626103,56.43917274484576,91.05638692791804
326.6602452093481,323.6326348686116,56.201164259737624,92.39769697522708
315.54150740527524,285.69684969873276,55.21145488948957,91.61955688628545
311.6688104468065,229.62896727106667,56.07347040354675,89.03234836027836
312.0307677807233,172.83604524655408,55.349555735713146,89.10086181605325
303.11283115882816,144.5927590674369,57.37080099210465,91.36585250320582
301.1484592366916,162.02519140415686,56.64561637543372,91.40545128684566
299.40855993767144,208.6896304916005,55.49463064070076,90.6922597674259
309.07354390018884,264.732984619825,54.44796365562679,90.5907697682372
330.6240956952072,302.23335436027634,54.406098586188705,92.64340448209
331.74510223213844,308.177241666291,56.756253994689374,94.5321353171501
325.3633137667348,290.45734491300465,55.33670920107803,94.51412451267636
311.19374987485054,247.49082247293887,55.6005641468755,91.54213873923297
297.1516875549054,191.89644576027274,56.08635584258518,90.03769930916073
294.63214208767914,150.89034222975505,56.55427675986703,92.05443106971109
306.24648117972515,147.50504323446916,56.561008047140724,94.17794716600972
304.23359337415525,191.14006802469652,55.87620294270077,91.69835046599209
296.401098971923,252.82748397128154,55.39339438249197,88.2785847103959
301.26129652280207,300.83110182956136,54.66373870045072,88.92179775579399
308.53106858893864,316.4392077219342,55.839489114022534,91.38121714071595
315.5960702629074,306.2674511025796,55.518388347224416,91.01137650771604
323.6719102095652,273.1256711860691,55.40069231853967,88.57786263517627
328.2633081755486,227.34106802643677,55.227013228098784,87.80362132880028
314.65716088256517,177.48961448798275,55.585735533556274,89.04343004384069
307.1789280736039,159.219538988509,56.968177356464025,91.64852155525112
307.25952443985943,176.32086869835342,56.80698462395301,92.31238926596117
305.0982581706019,218.54547377089727,56.466245640458204,91.80206651704962
309.9358864583869,266.5539425595034,56.06417829581697,90.83531855685784
315.56780709986447,295.90509710673405,56.28593362009377,91.85811182000187
313.702038350673,295.6482114693129,57.70136913223765,92.37188309484416
328.2752204903543,267.86407301634927,56.72546314160383,89.2517052325864
335.5808217469348,224.15294115375954,55.82151229284892,87.57683313912612
329.9900058006938,181.79180223306395,55.781363526102425,89.25793410222515
315.619677997711,153.97097747791042,57.29615119795247,92.71667007214407
314.3125198347621,159.26488564155537,57.56458199086559,93.8582814097776
316.9816548804594,192.48085766431979,56.96116391832765,91.34683961881368
315.2504623074889,233.4736842121248,55.78392451802131,90.55461608253276
318.90421787602736,275.0388510845571,55.3410824412851,89.80031106175755
326.58318164615724,297.8192617217945,55.86985977533132,91.89960441020061
327.11668747874694,295.2368304252735,57.1125684053478,92.44502641285072
330.6079927009027,271.7046653558328,57.146203631861034,90.39563685595905
331.67417297842803,234.64715727026902,57.32253959350554,88.32366797614465
328.7007894920061,186.14146787408612,56.427462818712115,89.54923430158725
316.92897936916455,146.92374914420046,57.13104396981582,92.61254274924654
314.65159073921006,146.12485956840686,57.00270430003451,94.21032190083372
313.2676125253834,161.65197495301427,57.40744427290885,93.8779050437447
318.39738117808474,203.65576142929405,56.60821143892938,92.64799621613872
326.9348863206264,253.42592637556507,55.8662881801941,91.10618848168512
321.5512665324155,282.5233600829359,55.14435760514297,90.35717182430793
311.75486973985926,291.78736057255065,56.54094709961228,92.29990044705201
310.7862105629386,272.8046276489281,56.15128811400787,90.70675152372185
319.0275342122266,234.9223255476758,55.745286439881184,88.38479126461556
320.1393136277093,193.94372650746928,55.77689547997976,89.15594598672344
314.10520805108075,162.9867348695127,56.50898805736483,92.12211266810172
311.4305632744812,158.18157691814682,57.21069968242162,94.76106167861997
309.2476998273082,177.70980802395042,56.8265833497704,93.7033452829894
297.86698927572144,213.5885880550996,56.06101170052615,92.52676347794457
287.72507029984496,244.69632189043764,55.44431627875515,93.01289592784
281.3617455842106,271.56137992842656,56.57537285542676,92.6225069830092
276.12222040451394,283.21174935917907,57.72496007249645,94.97779176289427
291.38497259596494,278.8711719134923,55.84118525779179,94.11170346486867
321.501820415633,262.9182415162006,54.16141361076592,93.22736682375832
353.23394743948296,248.05519747171468,52.81362509388518,93.045527064558
387.20928483694286,244.44284550847428,50.839257301202544,93.44509578391073
412.3337831961907,249.13602257016507,50.03068698737608,95.29520220704484
436.25166546591953,259.89044942960385,49.66906364474982,96.39308239142034
443.69315864556023,263.73422439311713,52.95070283327543,97.78784523829722
431.5769958125413,260.3903938302357,51.36124281612569,97.43320117773621
391.05686434401775,259.75275950020574,49.06267195642956,96.39350223233109
347.4533318185939,255.4703621325375,48.12475854871835,95.91778635653338
312.57990674878585,260.1528527362503,48.52606774986203,95.50061688310423
297.80125462301277,257.2686885924637,51.230078833320434,96.79339630932935
298.7116930503949,252.48135775663303,54.015811588498096,97.15483876110719
317.26399967456734,241.94314038646883,52.25543470637299,97.02473168170363
357.5427656298455,229.64088672048487,50.72371676542579,96.06206390585686
379.6227280904376,218.17554641047707,52.240873967580725,96.15420346420294
383.2858994753009,208.38041930734448,54.15936425887834,97.25479154841972
380.0734852681891,204.5956713572952,55.86378044119057,97.74366910065115
384.2216974806694,196.790991418291,57.15308688894812,98.97443266958224
371.5645957206211,197.3323145687205,55.66525077115807,97.89178636872322
337.56954288937703,211.03098466071614,54.192989481284094,96.84224054597274
298.25791595855355,226.7898021871776,52.7570897833561,95.93545832465202
269.52582764781914,239.46157648402584,52.301228747763076,96.0767263000628
263.1578130088485,244.5660518881838,53.48176929331834,97.42326422413275
286.37942811727794,242.2108278072888,51.71010361515012,97.4314424344816
327.65126205045243,235.07153091990165,50.398994536645354,95.46352445168714
376.77386677633285,206.97461297740938,49.74121058529755,94.92048504573394
410.58300017582843,186.2961995370552,49.62864565167152,95.77389080722318
424.3777793628511,173.30900699331315,51.429379182674325,96.8795673596665
423.7434002796467,161.87985136283908,52.69813734908301,98.96594324093478
405.5980989501978,151.75465790526601,51.22134588197831,97.97217096020452
369.32538453985546,148.22048585409857,49.51118966750349,98.07905396549317
330.92863049080415,157.28470670771813,48.35702390404014,98.29124140215191
291.74809586918644,174.64764204327804,47.06840510704184,97.70095131970368
246.2847649403914,193.56260654736303,45.96226923940132,98.03096283175125
199.34850940786316,207.23630290772985,46.164767343895136,97.44643095689267
162.12292544550223,211.5825220662755,47.18253772427576,97.65501052396394
155.12979962922736,208.04578863646276,49.93870706371306,97.99042800772189
192.0627408395835,204.85086736619394,49.63000002076721,97.48428535659397
254.63265754845858,192.3438138715382,52.501272543570444,97.35335367901097
323.9990373680692,166.18096989284197,51.4355576840394,98.34556731177318
356.1420009290936,149.73152911049334,52.38004254236429,98.62924288628359
368.9296705671676,145.10896946924748,52.655258454381425,100.82421075382119
385.7609370815954,158.48588507083778,52.41149372861253,102.71503809614349
391.67920642829034,164.5808261626016,55.03863382656894,102.57822157207113
382.334252714273,154.95532268922162,54.0984037664452,102.19909103067276
346.58523542761645,139.20894454266244,52.63453365498824,102.07502196039071
291.0593961227176,123.78906962087282,53.053078490939264,101.64888617223066
239.76062362677442,118.98721705082141,52.192012323196174,101.62853446027492
203.07515568496447,120.01036284867708,51.44536501473971,101.97313264495315
173.07878558073065,118.82208396918432,51.86170304500291,101.96663431681047
158.1931436111047,117.16091928519768,55.341322773220305,102.89881239287155
175.02807954012036,106.53790985440372,53.69921675640505,101.97176259515601
209.75021603057195,94.75635821167901,52.06718342871693,101.31620886160003
236.66889332871847,91.20848005638135,53.06539725012023,101.25949972640892
258.8902459398133,95.43480344339392,54.23225831634469,102.4088669078394
266.63212472230776,102.60051723016038,55.810630526737164,102.70212199891913
262.9450823337653,110.1402265259688,55.77829525325354,102.43554350843957
240.92959394255791,116.66018669808031,55.45146524018569,101.71723616296168
223.71607945973432,121.2709510960759,58.05265730809103,102.28827256627565
227.26424602550685,128.26974849194534,58.45906961668631,103.29616865481727
245.3203595608199,135.8685305700574,57.66523785709658,103.23505963189449
264.4564863421311,142.64261316711963,57.01791061146423,102.22853654343342
292.5487483190015,137.9545631525616,55.44668912030976,101.67494521571558
321.7063407689034,125.91135017043514,55.86996518510665,101.28701244471827
330.34468033245116,121.72759598166232,58.18480481166295,102.30770128964446
336.71770734414446,121.40248020516555,57.955993410501144,102.95793284263799
333.0090333314143,127.57899234953172,57.84579914664576,103.15081236943189
320.74045258546914,135.3210142758327,57.28138245702185,102.72771542573844
296.5276844018653,136.0104798903452,55.82112292083626,101.34878419671347
266.02739465865295,138.84853121121913,55.596245337449936,100.57071812055051
253.4343122153672,144.5179900389158,56.445487400548636,101.40026187689351
250.37475936511714,140.8205142852828,57.64373792369294,101.41393061812565
260.5225817014861,128.6865735970117,57.196265216245784,100.87159703805439
286.0280890592518,94.68089665576613,55.49300397508953,99.8520960564203
331.96912790789065,82.31872952544242,53.199634921172944,100.36326581886203
359.4492969090149,87.32895595471956,53.20076081027173,102.2909572845137
376.3375060314355,102.26745451779396,53.27617004128052,103.84779995736848
385.42375669390736,119.91059802144397,54.640804091379245,102.7514998563927
376.49028917987454,132.41104322115223,55.361247992704556,102.2455967808909
355.8794868947177,139.07780680213915,54.85823466065517,101.1840160607886
327.18101754817883,147.0256679379633,53.93195068596442,99.86909945608241
307.74859168656786,151.22259556851964,56.87326185501446,101.05485500941555
313.523488755311,145.14607637623905,57.636496646249455,100.89486446525548
321.8605184733908,131.00778879393323,58.27491924259993,99.49289900270713
326.581687188738,107.10400973642683,58.685555965627486,100.49882988754098
332.9378692729459,96.27697771471537,58.398823065735314,102.27188390132618
352.44527953894567,112.2026589246048,56.98230672570994,103.00571844792493
378.83117819559743,141.3181010340542,56.56977438278453,102.12069586324992
385.7725087262608,171.57371415619622,57.526255145233954,100.96603691407026
359.3943832392414,180.77494047263446,55.889850248473834,99.87033842190252
310.201234517315,182.4226628844518,54.71388949789273,99.00324135910768
254.2873991564134,180.76020048515798,53.953486966290306,99.93267523741008
231.67542845024957,167.21255120572727,56.045679814324416,100.66968300698102
228.64359582113062,152.4551309459893,57.223709777985924,100.870711758998
224.68253134486923,136.08310085786079,57.74831549143002,101.55883789924765
213.21704533938657,121.72831108790236,58.31479155181753,102.93403349956932
210.2281336222915,111.91817043346403,59.26275541776026,102.43487653545648
241.37306255388205,122.81725900308618,57.539948940791874,103.34934366604195
287.89273279227945,154.5262213305312,57.292270517470804,102.6284879662017
324.61783637692395,191.33145814720402,56.13931506911752,101.31526605379173
341.57186118826195,217.2832151280301,56.58659426921435,100.9447453262988
337.71099028291457,228.54554901141287,56.94004260087809,100.52495799662637
311.04943457978635,222.51968423321006,56.23332971897633,100.29718203299605
288.5994422822841,201.60892022300402,57.204175262212246,98.18957100163965
289.9875830401877,164.38230853737008,56.85366654394966,97.44383764902582
321.1306676736513,125.67615670136674,54.786769894881516,97.77547237017282
351.69159204869356,96.42861245187171,53.12968230413231,96.80579970982761
378.5033773753665,82.56752803331243,53.23433026689482,98.8318639914161
393.5155492760671,98.07132991983832,53.989771170879564,100.97172067031828
401.8993807384221,134.33473375466835,54.10705820450584,100.8089842506713
407.65806641494527,170.58488209910226,54.64843097300913,100.66115229110095
399.9507690278117,197.54881219509514,55.550004706432,99.94770258221074
371.7822386001637,204.6978484629792,53.71824782706491,100.19183448010837
324.5938692160512,201.81544087482436,52.25507031991853,101.1646538426495
297.52982268712736,186.0464062652851,53.909469358592744,101.69554023221642
286.7709847716493,164.09548593575022,56.05584582648619,99.59054490401238
290.94760118450307,132.0089846880663,57.41075653370653,98.2335785521177
299.7003999102982,99.59654304625279,56.91462338441697,99.88045157005669
325.9703153565122,86.88284818654208,55.73926678529717,100.84856781647422
353.178119102573,108.4920983160127,55.008840112934095,101.55430641006271
377.5870397812569,141.05046854420084,54.95438984808107,102.26814392858137
395.79022263599234,180.72470689360338,55.264374301576034,103.695637588301
390.61982461810004,204.94641271304044,55.70881092097017,102.259933177281
356.7868437986,212.25145215622294,54.47951962475944,102.4131227770327
321.6253322922569,198.99321206733885,53.991730344096815,102.07032932628934
282.1175284168813,158.17472475534444,55.300515298779615,101.14380472945534
242.67602142205988,110.90041031358427,56.19624728836598,100.64543367540678
233.9395349247286,79.32075992432306,56.554046669832026,100.23408960491373
259.30263604545644,54.50075053641895,54.72849544568744,100.97345736341077
292.42303006518546,68.31923422754616,53.95759728795043,102.43421881747675
309.7304475628438,96.74951417438507,53.40622135751393,101.5350559589592
335.2573222439974,134.254837558692,52.9711066276716,101.24715555255547
352.77674889339124,170.52975263485018,53.91277084599195,100.65836043445529
340.6864824043769,185.965916006956,54.031287163646496,101.06665534873014
315.811534043615,187.91898711330074,55.49628084842282,101.9890034397154
302.37695339692795,173.85903991439108,57.83628611445,100.67391060471856
300.5631873028144,146.01986025463765,58.99048896000685,99.46569504281058
304.9460972787774,121.76111250413788,60.12441855259326,100.95938020737573
315.04299985248053,111.967304144934,60.06095604304401,102.93294711765859
334.93654293842394,126.20124810737553,58.44194557603119,104.99951975667473
341.06735381244727,148.49063574199306,58.91852741507786,103.73063668355681
328.7362846424623,167.66497927735344,58.210826854481056,103.43670796368615
315.9398745710802,180.10354610952038,58.597654348585394,103.76556694801205
311.59283724358096,185.9554405979015,59.69559251290933,104.72200545570745
310.7205248381282,182.19830156012966,61.440217323814835,104.54168642659602
319.86680621923244,161.21255619814463,61.28999073123894,102.45321788145841
327.41427308150463,132.02170458262407,61.544149428546625,101.99673349540032
313.10659105787596,109.98074317794001,59.491425926102536,102.63219894269162
280.8929659133954,116.24090426276749,58.127515292886606,102.76402310422459
278.8195655028317,152.53335086942917,57.2558572690213,102.94678314329674
296.65261323399443,187.07368086361126,56.549051985963345,103.78470351346762
303.0485634405865,203.23003831989217,58.741533981377145,103.93815048620147
307.9571344910064,192.13181797340636,59.072577082988275,103.30117447365876
326.35688323744597,162.76988437112834,57.738450084940574,103.76050443670599
344.778061262465,134.37362868139041,58.656219131362164,102.6541573349439
339.0163491414388,110.8520729958163,60.11329608822304,104.3987059227305
325.1499556886629,118.8047841000355,59.607259208147354,103.8962785064525
316.4100307700404,153.45449823320826,59.22917219791226,103.47746379467324
322.9119060878725,189.58846429076465,58.91797630618858,102.28783824562787
312.66695118629855,206.43483399406085,56.76747762451231,101.29791109489273
281.90675072612885,208.17484956029188,56.677884932052905,102.74667945145461
276.49055090827886,186.1580947944156,57.57316772659117,102.06316319797939
292.9147157931666,151.49847297332687,57.087434196870696,101.67835340003826
300.8279182843889,130.08345238894952,58.58933831237594,102.42535818805757
294.69874073365133,133.2311396499485,60.79944557723849,103.66616954351915
301.52312930899774,162.79037184884075,59.99027655639898,103.60990254306013
327.1138991255417,202.92504827430264,59.87642534904514,102.4954667520241
325.34595318523645,219.5604420912364,60.87739598861167,102.17865525172847
314.89576786471235,216.1959751657903,61.40068435515827,101.26618324968263
314.55856698472286,185.09966624834686,62.07508611513728,99.89935368638604
320.8646218686496,175.58775329348816,62.129634668465286,101.1898579464493
319.25243852318135,204.72690742705691,60.24699157683811,99.0886572875117
295.8764131046108,248.04100611612162,59.679272129627996,97.13794357611613
282.29256303045423,266.92918852285715,59.8762304378865,98.59174871181527
289.9797353709852,254.06549319589266,59.3631020165667,97.07357622288362
291.3996461943365,211.5809386435015,58.96889005181306,94.00073677750014
297.98501445512466,163.1739399904733,57.76378185268651,95.08970750395927
319.4824216411234,158.33771682764143,57.77333855786084,97.5947586500944
328.12050632950354,201.8900914672507,57.48313971913527,95.41986206104957
322.46082079746463,263.8399113721316,56.85590596612857,93.37559138554904
308.2914974203167,304.1034764670429,57.01483464609187,95.0393055791962
296.41370972975096,301.4590099396424,57.01279564548388,95.57671575764938
292.70422162275935,262.31352167431066,57.28060679542685,92.82115489585672
296.4054139922688,203.86279762272682,56.9197726709119,92.3634260906239
311.21854342856784,173.32095327267,57.63931399920457,95.08980671210162
327.13719121837096,199.66741442415125,56.833504928682586,94.9117077322049
324.6904500186315,249.66502958277897,56.98537851136177,94.49026256774448
305.423833528912,288.4589626124416,57.645125371020285,95.01646163046648
294.8804795706948,286.486896687452,57.25744842852597,96.5745507183425
284.2520552933335,253.9135679019069,56.890100110097684,94.44592912851911
289.05063681760805,200.81652462759615,56.752245396152084,94.22279691285273
318.68351198870505,178.58170012408337,56.46604360899771,96.22717096024981
334.1475449764851,207.8399847938426,56.53191515979246,94.93017859246345
333.0845539667866,258.3505722207542,56.291907603191355,93.2805659305636
322.53079208105964,291.7243811560396,56.36286303573877,94.31744604091368
303.0273173664065,286.0982164220943,55.35141261816901,96.15368142718634
280.5891478756175,255.1300020774483,55.30838889694721,94.25733153881572
277.2183909136492,195.6555392040867,55.043960465392956,94.10523724219314
301.6564416032628,178.9071270569332,55.068071952446346,97.33050119070742
310.49133835970196,218.08240448815263,56.41263582890704,92.66058121195736
301.5649057128118,288.2823361634676,55.62394139136193,92.07241584626809
304.7062768495325,337.62205044732315,56.26565745581826,94.95170956772363
308.8809104159657,336.2484997731253,57.363642567357886,95.33699785501776
319.56533629426065,303.68912652914435,57.469449614503446,93.64569473135799
325.6694128089368,261.52561205723913,57.074578960501704,92.9170905726443
320.035428468626,230.76348322237126,58.96193723850192,95.8125332259962
313.263489883064,252.92763256963997,57.985452804377715,95.04531934720355
309.0039601770934,296.63678581170046,56.9357078795402,96.13845297828455
313.1334428268837,324.65745611124817,58.23982801583807,97.47562499445961
317.6390506115068,316.38626704998137,58.95930372425997,96.9892933810741
314.4188506535675,275.37316034372196,58.08702667534714,96.13850119262536
306.16588624078673,223.58157629332618,57.72157844429317,96.08321023135036
293.65276378653965,202.18889411835383,58.71568266050244,98.0139354044107
291.3075014331484,228.89998761717925,58.508788832902155,96.01464301777946
278.3282112707298,271.4634761506568,57.89738270743357,95.42853192906976
266.5393534332621,278.99075255530556,57.51081154907256,97.14897990307983
262.9749327616819,258.4621863684961,57.39313335720017,94.72699506650305
270.44739319536944,210.12888020132644,56.71313764747546,93.91661882356442
295.5865730925075,178.77340162993394,55.86803374881862,95.42449723843981
312.32584048781257,199.0431743181498,55.459080074560525,95.04087178900703
306.5272240593466,252.8912734584007,55.308831375444086,93.07200751293989
284.5805619154527,292.1762580566743,55.16566514348354,93.30417924646878
275.1701281990137,292.87823231067466,55.43659397757196,94.21897306331688
279.3146752731048,247.5935790494613,56.49515152157912,88.97484974080203
284.5700232282568,183.5627600571221,57.36718587495867,87.27336271948829
284.8008430285121,142.35071870407182,56.9055462744481,90.40147879366809
278.6417831481204,136.43364634836382,57.69989797916176,93.0166090602284
271.7109260517465,183.88513128530923,57.41876347901681,92.39929713895535
274.4548968418216,237.32281314839267,56.61723518022133,90.96823224326836
263.0103559922246,261.5186775097341,58.730823582902346,93.36104268983954
257.33736567138794,249.69264513890408,58.1789286042287,93.21735619080572
264.79941246340803,200.3577863169629,57.46389592852514,92.42364747633177
288.22895018620136,164.62250078694845,57.4913726498022,93.56439028606513
294.41611388653024,159.88894076203383,59.28791997208084,95.94607297442616
285.9040119233881,185.65149733912017,59.319419679909856,95.39907247561939
270.5895088198158,218.84340858525823,58.489819715592134,94.35235510868817
255.27204280071547,236.21342012189035,58.05031075354392,95.46745626648055
238.15127518301648,241.61070572246655,58.69768084430054,96.67080118841434
222.9684312002684,237.73157115925088,59.92245412127815,99.57225120009258
226.875353199837,227.74196330717012,59.58535705089531,99.6134750942426
250.95642016799422,226.67132879154568,58.67959349036881,99.26756673729217
265.24316346393346,232.12093576152444,59.70698666906469,100.7020527017406
269.72744372812804,230.82206939639846,60.76009745451131,100.79436760353366
278.38827194653834,222.2116385630932,61.110362549836786,100.34330773799815
285.73851853048166,209.41448576799746,61.55231485088754,100.70020421329374
292.2697901074573,196.247570152647,61.17225227491569,101.66907428803597
300.0302840809086,194.4786627814056,60.91843289347156,102.66236093627572
297.52744435078563,199.53857665641374,60.81407271052019,102.7626124726539
289.51084128825266,203.46459208120024,61.518798033128334,102.57482202430981
279.33344186734314,202.28001757313785,61.362789218970086,102.3801200834374
266.70946621032084,200.94603777283697,61.027514451649495,102.48975707590267
262.5780148284007,199.48236955356595,61.62753013741768,102.86279782175401
274.956219532067,193.71469758841866,60.000848520282226,101.54829297971678
295.5385733124482,177.2108308227047,59.20349084412087,101.75755472990629
310.52107488720964,160.58162694003468,59.389398510365524,102.3524757781649
326.1683761947925,151.89759522380882,58.389411197322985,102.04868028437807
349.47874982789455,157.45071119796916,59.327325919610146,103.45788570144984
344.6380170695362,158.82879015044676,58.84924361849805,103.24161475095185
321.20459727622074,157.98658427110013,57.673332406823526,102.39746067815538
296.9660774049893,159.13092231539446,58.724847877956634,102.60486481437354
292.63808590999554,160.0952286046945,59.82976537192468,103.1932740677799
285.8874233530254,157.6315430203255,60.60866603913257,103.03167545782499
274.46183897199364,154.42928484614632,60.46238687818801,104.32564782329264
270.321351765908,142.99281866858237,61.02735777839658,104.05056964253231
279.69357718003505,130.04308736783912,60.32530418896816,104.17517904569635
291.9468956682807,127.21891039169878,61.493129810853205,104.68864047830168
298.3470549704938,129.30996858475615,61.667009703973754,105.69620349120561
300.155807437534,135.82417387390677,63.274985689836655,105.73149521276261
299.71292523996414,140.97715886042187,64.16075008497633,105.98728781005795
309.61172395961313,143.6889226836598,62.97740920561043,105.88211918070549
319.83057704807766,150.0553920285926,63.640969627984816,106.33747211540458
315.94273576069463,155.51966291031863,63.449762050936215,106.03145055437213
302.832600576819,162.32319974143155,63.19151621444054,105.66363499426976
293.1561796198953,167.4668100239929,64.07819798552323,105.9285059392983
291.5152313253053,172.65885113036208,64.7031810248555,106.1720779259511
302.6290455656928,173.8559315986527,63.84407007862095,106.44898168118745
313.4726337217651,183.40922585044686,63.442614072410365,105.96739844529141
319.86512769637994,198.22708449194567,63.89151674514889,105.44624053062407
316.067527016312,206.5583462361642,63.54695799866877,104.66323725541903
312.0777251705658,214.23634829445353,63.63919829240865,105.0819599343454
310.37316862364605,220.71934667191093,64.41139985911138,105.30052081511445
315.8433739651958,222.01929151564354,64.08364935757766,105.35379617304068
313.1937139798402,224.83488301381456,64.0860804419788,105.01950206300869
308.204088685175,225.04348958556415,63.49131661982351,104.60228891950953
302.9874106613015,231.40854118005652,63.41556728693875,105.00856745631442
301.55670713536773,232.5916682053388,63.64492301845708,105.27436472609904
301.26858676455583,235.41710240735821,64.22116376008091,104.90324301428069
