246.5,226.5,94,114
243.0909248204095,236.59041756502006,96.54634758251687,112.44998152994432
242.09042003470216,240.39876780412465,98.54735715393159,111.41107633971492
243.0197014623154,240.8063934760783,99.99367451420956,110.59582499580758
242.56199347864265,242.62455802573365,100.90909048155504,110.27481507979809
248.9035174694261,244.41621379842815,101.52569475214239,110.01641659744769
246.93673601651633,245.91151432077547,102.12855674827534,110.35651646243961
248.39394774839405,246.0861168536457,102.55972767113703,110.00731139669915
248.2775075979691,246.0446142647336,102.7926079719869,110.09031657452336
246.3434194523562,245.9742091531678,103.3087897558599,110.23112679765498
251.3633462122983,247.73332959769925,103.35611093586539,110.0752774752219
249.6560803486554,245.94427188255327,103.40993486016839,110.29268510253107
258.16329472797526,244.49009349673227,103.22030208210276,109.83608267805829
256.4359682862705,242.60285667816152,103.3201407255176,110.25574207520513
264.78750227577626,240.95452845253342,103.43185446747445,110.18944218226768
263.04219938725385,239.05686985251526,103.55876616238223,110.62106530016695
264.6673758778823,239.04612494317155,103.68086547604435,110.64255511885437
264.44804116029036,235.83262805757792,104.11953491122819,110.32009527168138
272.62843907706247,232.66512481241537,104.64198456763162,109.90180356602748
281.19494658508853,232.4687167481835,104.40091196246263,110.29461969449119
274.593721486111,232.38294082793547,104.08050818640491,110.46617153498725
266.151701234061,228.87149546186689,104.0729801131497,110.73243483618235
267.8369085872371,216.9210778350241,104.08492140876766,110.95677807607738
276.1766917430732,213.38863681216674,104.33561085809265,111.24955781739321
288.0825026235332,206.2716508793287,104.28622768923307,111.90510763046343
309.8893331191435,203.00212975967094,104.92533855783623,111.63603112211374
320.1248069865197,205.8968934416219,104.91442622617474,112.66651555924214
317.03214843042883,209.23779604932037,104.24788776035618,112.83656592184548
308.9752032060453,216.0755332664758,103.2718589594221,112.83302688729559
295.18569017397994,219.40029994677553,103.63173512575578,112.98828100114532
278.0417920996284,221.0932365989783,103.81409936017822,113.01295088816778
259.34959092598,219.5342451583522,103.6463617829961,112.71710286719457
255.65945666185428,216.3347939220594,104.21353032283206,112.30290535136469
267.50086785918137,210.91664199613558,104.39449650267485,112.91187124271356
286.2039559017602,207.70889597633928,104.62471365201705,112.48438269421531
308.26045986580624,204.35033040141406,104.95195534252733,112.36455236428074
328.31081803162715,207.4268106050231,105.91295244246876,113.05521086232648
335.02936745751,217.62013267152452,106.2672892303269,113.3557201887595
321.0954652568572,228.03351654755318,106.46965618009354,113.2780305253564
297.0098106893659,238.51209674899678,106.19847013922008,113.08193948355041
265.7848008318166,245.4005754165232,106.49792036045908,113.11621981379977
239.705394350782,231.5062212544505,106.78526696130804,113.24014607862776
236.22753902481793,217.25762860532564,106.8117889221654,114.02057661259437
252.2397382067893,211.82756807906986,106.08229662763178,114.44906230863629
274.7423048355755,201.362537703518,106.21719171184401,114.54526382507014
295.4827425880282,199.44255089339083,106.4477834601183,114.90928184089287
318.0372861084999,208.14107903327132,106.64761298463449,114.93873193246242
325.106384592275,214.80094247733913,106.46516800558736,115.57475703282974
305.87312230810727,223.7080324119241,106.47617710148708,115.24035692385785
288.13687625705893,222.08094576128104,107.0394998886872,115.00361329365431
270.5923442268813,218.44941422900177,107.16676807711649,115.27431718382765
268.732523195575,206.13995807510165,107.38398267319491,115.37623722588894
286.0825815488724,202.85939826930763,107.75857044959642,114.92241594087773
309.0950038331669,204.44988921220738,107.3160611488905,115.24776753722314
322.902605629067,211.12889612576726,107.73594319058456,115.90729652685049
326.3200662387824,211.0537069129525,107.94372800431675,116.05767495248
308.95835682106554,210.87032367812708,107.39712144463755,116.42444142213085
277.29727406142626,212.70280144176837,107.28670692305964,116.28351811934024
236.85633580874128,207.3711592117018,107.20678516758572,116.38656802371108
211.8473505683113,194.9806757140515,107.93897091026611,116.52464264992193
211.66387771678603,187.6417108055537,108.30591661331667,117.06571830270781
235.1002203668745,171.61144092455766,107.56359233051879,117.1898542834375
257.9567383358652,164.09273364284155,107.85252093348655,118.07281821888532
268.4823058897403,170.655326390045,108.14320055072271,119.17550920780272
283.077930815686,188.1526048343033,107.58209519460897,119.9686329390083
285.12872845737206,214.8286005317812,107.0626484331005,120.34886937200828
272.46168564716197,238.15829317958344,107.33844620574001,120.2263043651393
261.4812694511162,238.5732190656521,107.80571990032504,119.396452593002
255.72785570298092,222.61552625199215,108.58207900014196,119.12043303096104
252.35769494832525,205.06577762519652,108.15258829341879,118.37086920437955
260.62224514416147,201.7155218361653,109.45544324984975,117.9385986432006
271.66690742303945,210.70421217224492,108.84843170706834,117.86314548352014
275.47723329449536,235.26367399648387,108.36689071523769,118.71799709261006
263.1881311475846,260.1849378720359,107.91861768611804,118.92842398738824
252.0598137844304,271.3989050632743,108.74719842609397,117.92854359124398
237.4915455959758,257.47559155145876,109.33201804832464,117.22345386019656
230.6343080519567,225.5222776308316,108.7774468529639,116.91937342615557
241.60539764359226,182.66731371798497,108.15748209624918,117.34044354562327
257.0928897797917,165.2611517999659,109.1362078124273,116.64864517213155
280.485358399743,177.49093976398134,108.56854425835914,117.07529353647298
291.6301383636371,212.66972055468904,107.59587374356414,117.7740299983686
286.6430786295888,251.6705496922466,106.9253110931466,117.83337392569118
266.9039896406781,276.73647676001497,107.4803786510833,117.24002396091666
236.29141508023685,276.726063034995,108.55834620969836,117.26085141095665
218.2500607058053,255.3650128010069,109.08557903105043,117.31638076591959
216.61135699285742,213.8934662047363,108.79819034598921,118.26916340645124
230.76695099659852,198.00414139341837,109.08769136263362,117.87203787694463
257.82433735515536,217.5663611910248,108.57541300488037,118.05609414526275
286.09891122754055,244.497971368193,109.1177741815884,117.71616340481245
295.162412409596,276.6600445401375,108.84850351079027,117.67985115684937
279.1788857739093,294.7334540104819,108.71527610924494,117.2000107416259
250.92175041092213,291.43053739031916,108.31604748889046,116.69165656366032
227.6038825561605,264.77394965916756,108.89519294196842,116.86261249929575
227.53517152022116,234.37239056809466,109.03261501384708,117.23604363836455
259.58432729571444,220.12567451364262,109.06291151884375,117.22787216683155
292.99139147677386,231.17746799918825,109.94681692457476,116.50261164874539
319.41693358037963,245.4107707630352,110.58211931070886,116.56207897083584
338.8890050240231,256.4964836919587,110.98238117614991,115.85123752356782
333.2185782321837,265.6563071530801,111.60730303156855,115.39147681509192
301.3068164065036,261.9738816435983,111.08695115583019,115.60700833104451
258.4752602521305,259.99165793485344,111.07471473499406,116.00164955146832
219.41256864444154,252.3935055798148,110.53260144726788,116.89477307916297
176.4671143746417,239.72623571544722,110.47511586994969,117.16103119046387
159.84740356386556,234.30522309726314,111.45462579628946,117.24975252842783
183.61692724553274,217.93536069475783,110.73318929574901,117.57728519765806
223.48580686693109,199.7815006895454,110.08623634327688,117.93463871248085
252.48904324042923,183.46016988034336,109.52533339320202,118.26416732011658
290.5042407855754,172.2656105544657,108.81303899077939,119.13382863248057
299.10296961499535,162.9898555748887,109.55955362450865,119.74136629906548
282.70247860939946,159.52959227191045,109.86920346998255,119.44159686819579
264.2179808344153,156.00376269549633,110.73412879600619,119.27244197623506
246.0185305868397,153.97612459986442,110.91776198272143,119.70619143665536
253.10624762828286,150.70009559486866,111.26718376325675,118.99582151493604
274.88967402444484,159.48511294491152,111.20847152837102,119.55417871378292
307.7913952302332,172.19226869448698,110.80736823318992,119.57411020434137
331.2405221015187,189.8990226036917,111.06528877511006,120.43458260477126
340.0701730502915,195.13459164054595,111.63059058716277,120.89820675682176
321.8772895047822,191.84051474161356,111.40492118173933,120.16407325539812
280.0293201993726,190.3002869721318,111.24047789523617,119.59842523360852
230.8877226805237,186.9111332460376,111.38778355321682,119.10740754655862
181.63520322296657,175.9687007177298,111.90073552933057,119.21625328339636
162.88434336392012,172.33958680373445,113.01063755427008,119.19611757275638
186.76321379612222,181.3575900366746,112.78707082109389,119.44248577273301
231.29979785641999,188.60808899097077,111.47669200329456,119.5686194146067
271.3756179124498,199.8061361187386,111.35997203237555,119.00023065210942
311.25342083811984,208.93056255985078,111.4032253596602,118.88748212866335
336.2389536376646,205.28118533441594,112.19821047720308,118.93394362001406
323.4835929659765,201.85601254710207,112.23250172008,118.50530916592774
292.37652811168584,198.12761597019374,112.6800111382735,118.69544110911058
256.46963091013015,179.43889616543782,111.6258048005022,119.63888034818112
221.45638487471302,151.82078162617955,112.46537462676586,120.25385502308926
223.35709698183416,135.26593875184858,112.32830702604517,120.38433125005642
246.72153537705935,131.6440748368434,113.23425038159988,120.29962521145055
258.3735756786379,155.35075804802818,111.9938379133874,120.69087308146119
276.9863200034449,182.57701990124204,111.40521129689036,121.19364242470881
286.43751121307093,211.55002300308584,110.81364441635613,121.84224594491815
270.2272033272249,237.2915105435644,110.2686729051185,121.63907330407403
249.44121506861381,247.40095889001987,111.6797274413293,119.67514114798658
230.87273018933206,232.87924586957405,112.38829928917312,119.57584886030239
221.93198413051385,211.10492596876725,112.00709001650475,119.29400532518457
244.17865409873184,185.33476657419797,111.21877011160475,119.84513407753128
265.84719827921555,179.88160524392313,111.53969329425108,119.83695385217756
277.06088515074106,190.8854522658601,110.9711653400067,119.68810559711027
286.38892296887366,215.86842906367988,110.4739943551074,120.56708502529516
283.0792547299819,257.6491467552355,109.8181825529534,120.66985486146373
279.13040072299486,292.6698120620957,110.4584365595702,119.57433731763925
276.83125746165234,302.63260283166636,111.43487090859716,117.75801664678758
275.57095064601134,284.5886371841535,110.34649114530461,117.75601399606762
282.80516155672774,240.0054900560581,110.24483577645732,117.1300179235996
291.3624545617293,180.8282671167271,111.0317293541655,117.33469852336745
289.77680302556587,142.39166401457948,110.60705319175038,118.69234079808328
286.12725220591284,138.06156513803307,110.68524917835462,120.13163289847424
273.47735387737987,174.23293986618137,110.5459928785933,120.4718918902555
280.6576526396371,241.60373545837433,110.73434459359657,120.30808117140803
291.59427587794397,301.9966377246283,110.68719247100289,119.5657955860103
303.738480283223,329.44704020979924,111.7762848080038,119.04535021758034
312.8171325173792,314.8964897186559,111.7916589582519,119.07016541017013
309.77493919443486,267.4041608553616,110.60571053621389,119.54046725371217
304.170502420329,206.04544282244655,110.94358492890758,119.05324622367175
296.68354685634233,160.70567141526172,111.43175840891314,119.196928738243
293.2375573001287,156.67510885210862,111.06087126681189,119.99518761002055
287.62675317920707,196.22739256911308,111.36848557513571,120.92657568848723
291.1187984203323,262.81214704338686,111.69922646343684,119.4240314098688
310.93349449457594,303.18648122994693,112.10134308858905,118.73838058402748
314.40389440608953,314.293398095027,112.43033442037694,118.33392031831295
302.05542433078983,284.9319172351148,111.69077651568918,118.91631505462375
300.6148100686059,239.8733859987714,110.94084298656851,118.25432619009614
300.4045353854216,189.2234295225088,111.36139235293712,118.50466601463953
296.443415920221,171.21168332355245,112.04462943083875,118.33314915005444
293.03802444675176,182.91059483859118,111.60009518987249,120.3289362776438
289.4164948381565,233.78281827677623,111.53959651142577,120.83429994019588
287.79662358422036,287.02251384923494,111.1206394988462,120.45719488837975
283.82356888396833,311.1330044257533,111.77444097155066,119.63621526604052
276.34948322005806,311.12596178618236,112.14766631092915,119.6503005451824
278.0894435322595,293.06573493513696,112.31762930902879,119.27191802224772
274.1192879047372,271.17507214022487,112.96460379257101,119.29322298305735
268.52422536583396,256.46609156806187,113.18293657269189,119.45307133355546
266.4147172854229,254.8345563946088,113.73872623858213,119.05291518552977
250.12297695718618,265.71190501821224,113.33026529694943,119.29284567039359
231.8133557266779,285.69763459564354,113.31895561244963,119.614993875599
206.265778378065,298.52156957666074,113.06328403009142,119.64253705335663
190.00163937643504,309.87439310330694,112.61293032624316,118.92264447146961
188.2191444726916,309.34740856257054,112.53202910890019,119.97661355294247
214.03009970811775,306.04006963513535,112.16529710143126,119.26912305590085
243.27913694784434,300.62039253950854,111.97453909831987,119.17585540784049
268.7157359906606,295.5292599590463,112.05744942211862,118.43895448102954
304.9327836167618,292.19143769100504,112.2136905840927,117.85556537569447
318.9528152115282,287.05208876346694,113.15655163971783,117.26566663883636
313.18495501010216,283.5819096353898,113.80661574137137,116.94892069419166
293.29156285675856,274.25874451233426,113.62092660624262,117.42594483038646
255.10018520919147,261.2178462652855,113.59707078059174,118.03887095088888
218.55043912430034,251.69985807718567,113.74371425330989,118.83663515282258
189.22158930338645,248.18879440435063,113.80200382171476,118.5338362393147
178.07118522665476,244.46031699968967,114.15095747304561,118.67350621459255
191.1636266168925,237.11437678528745,113.63055305374635,118.69997043701053
224.27223531987764,231.84826238527427,113.26688736559476,118.25660728406706
263.1676055024562,222.54388983121498,112.03852645310437,118.63621442726489
307.281236280611,214.87734350256957,110.98650327563035,119.44010068808319
334.765415702581,209.7143579923938,110.44046738882003,118.88160711700878
346.96947618505413,206.25580604131943,111.30766337796129,118.57719188941813
341.15735299976006,202.69068463015944,112.07256557174031,118.46787192719883
310.5623058221769,200.86974748192955,111.54910992264985,118.47953739987871
275.9871314254824,197.19349535405863,111.87979946750472,118.58786699788008
232.64830487794592,185.94237967026902,111.46078764120526,119.31593213511621
216.34968507458234,167.49929497355947,111.35425303688966,119.8645746273767
236.58413991390637,152.9110367101407,110.93221534612883,119.91609334484174
272.64983980587044,154.43314573876498,111.49517826388406,120.50659342267734
298.02708816408864,163.76715447128734,111.88103128374497,120.10298657773875
325.7018714339444,167.25366588833225,111.32223398401047,120.4353996423125
332.5011361787383,165.49673515392593,112.31978864236505,120.30024007413954
301.33667320408927,163.80584204156014,112.38164916308327,120.01925774424878
268.1108337550216,160.08421010239076,112.96479999867141,120.1437962823045
236.8750055262562,148.46428590916975,113.03682980108489,121.36024702576388
220.14783935505943,144.5787431855279,113.27476598542316,121.74991110459084
240.4856248620665,155.80666887373224,113.30551288085924,121.49750586060958
279.7793047249569,170.14933172977663,112.35772935365833,122.38916155750358
305.7592848806238,190.3794977295101,112.14117391682854,122.58436195943275
327.48498291156227,201.76225731117546,113.03638260302552,121.99214517013903
334.7670779502754,213.0301737621498,113.27445183157016,121.65970122714668
316.4954415197352,224.25341103150384,112.8261121917945,121.40819418895214
285.4505422255853,235.38378216299088,112.21803720570057,121.27611318752885
257.55195422095426,245.3696673866442,112.8694915176475,119.68624997266059
240.93648392142515,239.93192775937604,113.14331606749914,119.57602387746135
239.42085765124426,219.50475879738343,112.51004714825329,120.12062574576225
265.09352455699457,201.33387386201497,112.44650345394194,119.83254553279257
303.73684982301614,200.9693883801823,111.96683679474278,120.5615164964579
334.53800130002986,213.74295374409584,112.60558719888134,120.64305479846388
360.5038340337606,221.1314022767392,112.09118581685846,120.55680461473105
358.367704871999,217.38920951436054,112.70030270306725,120.71490726485962
318.0695036113717,209.82581064380292,112.44036212441856,121.14055171508335
272.24151863332565,191.33523575165034,112.15129140123793,121.34368522767943
240.74958332018684,173.05624876816867,112.63680759590139,121.13792129369325
237.07576123458884,156.11207196965591,112.62268536411936,121.89832607731766
262.84854718188,150.67402056962678,112.77242187817501,121.69686278981068
288.6651782525058,161.2766737779071,112.82381301511889,122.64212206390519
313.0497587493707,183.25620773103782,112.24979867637988,123.17088183917375
338.8220275709474,196.16373350644642,112.59506912422756,123.30073433385701
336.8440499349651,207.63183116824837,112.83708638510652,122.64816707676687
305.36847147754776,205.85519294738617,112.75862760831706,122.49381906604276
259.10047348777294,198.43022472711215,112.69537803562177,122.52787621823165
213.0660223598347,177.79870361829435,112.17692872814833,123.05248374799329
170.0574833574824,161.32724761580366,113.0155706600418,122.66470337665726
148.9067099437391,153.3082875354479,114.49916847713601,123.85973298813511
157.75145099906456,143.56726617370907,115.57448536895109,124.57697670914679
182.36530022148435,135.87686453190005,115.5030162745963,124.83278634646183
216.71286972476892,145.41629587540803,114.92172714820795,124.67443751505164
250.70260774390778,163.92527793458385,114.84520641656822,125.38033745594325
288.5082632583472,190.34080972035377,114.87729206139139,125.4996515559948
307.34453113870444,220.81587325253065,115.05015167557816,125.1021570914829
316.91278631246183,247.50336438691215,114.81913029802105,124.66254393860129
292.67200398925297,270.45132551590984,114.28330548346557,124.01344272150422
245.72949934221333,276.6147182616895,114.37025163349847,122.94242480723051
210.17761820214986,271.23276650441005,114.4786534281204,122.49653456092028
178.2347001163034,242.85902740858216,114.93139217530405,123.27363267212661
187.7077762568418,210.94425662787023,114.7386652937708,123.34152787510233
223.33548954585757,190.22862564176464,114.70820440210139,123.53728339731441
251.29842373101496,186.65670649736188,115.05113562954922,123.1786150730849
275.980892796622,210.94998704637163,114.45054630524848,123.35640278197874
298.25928429344503,235.55149598696931,114.82577999619595,122.82973630909292
296.65542505005305,254.25527338360087,114.29142260195437,122.84294032608604
277.47665492409004,264.25257247133004,115.31103973764985,121.51730370874292
243.8674689327873,256.8357882250762,115.40273098331862,121.4338320374869
208.36082605529822,221.32113693405438,115.55727781102702,121.60439569226084
204.8265154517208,174.08581856722623,115.15684707674211,122.7118831579203
231.31073574801223,143.7273822507422,114.62529262313032,123.5008859177785
270.753013333667,152.5285032541569,114.4774505174758,124.64548035515264
297.50743409343323,188.2379077415145,113.6767082843281,124.75909184053123
323.99634173903195,218.31757142424743,113.25321815957338,124.6618503795713
333.3452544444195,244.87676113651835,113.28347736254533,123.982107873521
306.91977271867495,254.98929863574347,113.83721470157066,122.43461362952209
258.24250848788023,251.62475865244878,114.46653493324685,121.72329296304127
198.99560794460643,230.7237676978722,113.94958632005816,122.61532966291001
167.12814024873424,198.78955869205726,114.36280587463892,123.1620318373763
183.89112005169218,172.2460427431763,114.49600831241315,123.89036722273133
225.43157929176422,153.64061532961574,113.98961068848924,123.56734893338873
264.7805683829315,153.3300267567736,113.8378120389988,124.18852607907296
292.76723037006946,168.15247218077863,114.07788998113395,124.5241162531488
315.0577504051791,184.70395773563666,114.57618808091851,125.23064877093569
311.213218467029,196.20819665221092,114.71414461198488,124.87549297348893
293.96254938808374,207.74265407637148,115.26553227643592,124.43987845412741
275.1288079948638,205.72985966531263,115.1910441952669,124.69127018948429
225.98962923268812,184.6806861737299,115.2691298937434,125.24334832324112
208.71109097550038,165.50309090099432,115.74515268390874,125.73070139736771
235.50108129400115,149.96638490593273,115.39256201284377,126.38846197838436
288.72005336720497,159.4735814120246,115.53915591358259,126.40702218890533
329.08435060977973,170.9011865451966,114.80407538190492,126.4071016235533
356.14268720818137,187.57534550742471,113.8524350566109,127.23630483078152
359.53457958827676,189.6036450121373,114.65907068984099,126.97491601806675
334.47825643989074,186.27582466346377,115.31940823013235,126.02250921441677
300.23952117021264,176.9370153951309,115.40181753775722,125.70149963115715
252.66535428800734,159.88598126919885,115.64924109126443,125.6392402070961
204.7732130478991,156.247082678903,116.4584156511498,125.31902875406125
194.9028686452571,154.18384706301197,117.1647067601621,125.63862044658904
210.07020778901136,152.15164923846626,117.41476631268247,125.8799238656768
248.5126920556774,159.7396958584241,117.14644989607052,126.02716104910515
288.6304815674948,169.40828039467056,117.31708202917468,125.834327966312
328.6566362392371,179.24430742762607,117.66471582156734,125.30511750418128
373.16598341678474,184.94205484031716,116.63996443648637,125.38709350097488
393.8866397843867,188.56428437340287,117.11775282936125,125.76428918536322
382.5814164871611,184.95908485029955,116.78235103016853,125.32607210035526
350.14446915177075,179.53732179366497,116.84990774175728,124.73318563259052
300.91046890539735,166.07779853635267,116.41516295157726,125.02456995565785
236.46822978073675,150.64198876463033,116.0453724283125,125.48342037614115
173.72330845150947,142.8729996475897,116.0402749065328,125.80989070958799
125.95083437909544,139.09316174487702,116.38804599051977,125.75379235014609
105.80958090399758,146.50623861164675,118.5451116537184,126.17781513140547
117.1399991183242,148.42676538012938,119.00488950261598,126.19019730736534
156.14925191631292,156.14247232343496,118.20489263361691,126.20248516614988
202.508872632885,154.32639576543033,117.84772858188099,125.98621839126713
258.3697838809617,164.27764314408324,117.46763363218298,125.28057321093638
313.9623532492005,176.02397939403528,117.12952463667662,124.7217689333022
355.7001000113794,185.58175743738713,117.4347081314358,124.64727580548873
378.3826891419866,193.235583124041,117.81222992568516,124.58719111733565
372.7667427670072,189.44209590175896,117.59329983036126,124.54028366504457
342.25316229096086,185.83850801409878,117.61670192177982,124.12198958278066
306.23559814898346,177.90911924231864,117.32711599560066,124.75451150315484
264.375681980675,160.659472680844,117.18601776848959,124.947060304579
246.96752696420734,152.9254446594946,117.68866124757899,125.16459787890184
250.44300181846654,152.48681774264753,118.38572697974939,126.04185171259596
279.519490598022,164.21184336497882,117.96446609049886,125.68448713587759
320.19223771289137,177.46985227216445,117.1856786143756,126.02403823937816
348.7639856022807,190.8075852552953,117.48381230466603,126.15466602534866
373.3630935660411,200.81569956241543,118.15644243172106,125.31953204748366
377.46168864013214,210.57805124769268,117.62695718730917,124.96409093635471
364.28660136368046,222.18381360219811,117.23786947305724,124.6719338849054
351.1435817690242,247.1361525317675,116.85983442190467,124.2862510437733
345.65067947728335,270.0996098169673,116.45426126686826,123.92484742744641
334.0783711408856,268.241166163652,116.88863366356301,123.8566940213936
326.7251717847069,249.00539468411785,116.43156049028653,124.4195572663771
307.92703867206205,201.63205518905556,116.10373230013451,124.35600021789739
289.06394369523264,147.84699109876743,115.9678231966786,125.91225103855231
292.71452967175725,107.00298803270809,116.2833114991867,127.62532448731946
288.8094612953674,93.08145496700203,116.41336320931218,128.58809296944167
283.3034126386154,115.51646335651205,115.85416191932077,130.0032706044032
277.5311474552472,157.8288361596004,115.78819026095086,130.52220651567262
274.02517823874337,214.03337111870607,115.04579166872021,130.55102346341738
283.3886268751034,257.14417578024376,115.64758915290567,129.37567107072627
284.7415235949599,279.1260154029,116.79891535572924,127.84030789331726
282.9611602224811,266.0907097012616,116.50803700761907,126.94968364511976
279.56170478050694,233.66025156608256,115.64075150402024,126.6479306213269
287.10219106208393,180.12036574976366,115.81812017031746,126.919313647807
296.8149635670056,132.08630476040986,115.5007612777056,127.44650504035728
292.61642364605024,112.9912094181784,116.24827155965833,127.38884792503066
279.35290749481123,124.20001813656475,115.92468906110899,127.9860431748528
271.6775119721308,175.86935616132718,115.91572156861031,128.32573725587966
267.9447105626934,231.63837447388502,115.69116292891682,128.29504178000587
264.2287941892787,266.8515776353096,115.44095458980621,127.00700523061639
262.0484724910409,275.110370300029,115.98460617872158,125.75738713141834
271.69357882260545,239.5505142218529,115.72530716578069,124.5596274170556
285.64407617354465,188.32766855106536,114.30793948176711,124.85418597543759
285.9623701830661,159.8137028402051,113.67135146272409,125.4008607118825
304.85609837185035,153.89950415322164,113.52173229636473,125.93790692248669
308.53537962861304,160.9035387850522,113.70267063681816,127.00883936678338
289.72478367864284,174.03568157653487,113.43102012360826,127.26954347302325
272.1508649685737,183.9033457047987,114.47791547006597,126.47918303520697
264.35743555006303,166.8075371042832,114.89108176913918,126.52999202585474
269.86488012599585,145.3208140063121,115.27859850477464,127.69461663429281
281.3545782268377,143.13335395559494,115.24980649091096,128.24443603775708
294.7587933471832,170.138550812456,115.27370361127109,127.8986970461373
323.72949806385236,208.39099986548888,114.75523606806271,127.95772146024468
333.4400639290046,233.46809855384828,114.43829106976365,127.47440958674005
317.73065656876696,245.68045730510346,115.39097994309132,125.89928646959041
296.8786154531573,228.77452242704481,115.30665904852395,125.5206445773367
271.86452120681173,181.64611719232045,116.04270700630205,124.98487709502956
254.6272810807504,133.9616317551558,116.36167546275324,125.4774263147159
266.23587349239835,131.72961531493144,115.99137071317449,126.13364584954505
295.21295297110004,171.78053025227194,115.21955152878819,126.087091657088
325.5784073852917,211.97363822735835,115.27489940755146,125.48283763504507
335.0743751246867,236.82492895027082,115.23600565286381,125.05816467188595
314.20486998165495,233.4198012223876,115.35794865853589,124.30168062212671
280.26675025031545,199.44012495019433,115.31100249628754,124.33784754158594
261.15642360723945,143.8990900567152,115.79837317844276,125.99339777695324
268.2021147499771,118.78243969116158,116.93458342795887,126.73702276933822
291.5804155103917,139.2033568881211,116.21684355516281,128.0974782194495
318.7966504279427,178.00849735996516,115.63302435339808,127.41384103767211
335.9486460572134,205.02700434672073,115.76650211339111,126.9462233152143
330.33212476540336,218.59429191408816,115.53584324041921,126.56028491252742
295.84199763962135,215.36087700510535,115.90821396411322,125.40401656072972
255.96269404063864,198.4694008943116,115.87822475523824,124.99185603652845
225.42824196459762,177.11631225069365,116.2663166415029,125.97997489101492
223.39455526076603,159.6544929582907,116.51955463149389,126.57639471677116
240.58686369540544,167.29269423256662,116.58211001386293,126.60984650228504
267.9135475347262,183.90791546267127,115.53447022182687,127.84022911203641
292.6457305162241,208.98267141328324,115.87892045188633,127.49953340386777
307.7488189422673,222.67671673950235,116.32585700628408,126.9329169821032
311.6964267423735,235.08513441290256,116.09051395134028,125.09569927110849
292.66875559912864,233.49841277156628,116.17039463763516,124.47159639376164
265.7306556676346,220.12402027261197,116.9995597089395,124.6968639958284
252.26285495771901,202.82511996909818,117.2948389501963,125.04282180183179
269.6498992326516,200.96656908978068,116.86343145490599,124.94407010995856
307.56004000707395,212.3324223239128,117.19236083943724,125.05712692170707
324.4989474116145,227.78014875895258,117.64459516588533,124.67727328320892
336.0561458343501,227.67178509209185,117.42434203013693,124.89400061693038
332.1963646777903,224.20070738988375,117.51273714151536,124.20498881960542
301.74567382451676,214.75276559509783,117.51470103336311,124.06980434208373
277.03351872889976,197.55200696400794,117.48531789731953,124.23414930076366
259.787795561543,181.8831562503372,117.72065064290844,125.12197198221662
269.49937846568616,176.2039941840418,117.41673081427021,125.00874852701868
297.7996289309933,172.6869133030137,118.0750702850645,124.4083982355537
309.38392503087283,183.99038485104944,117.8163480475763,124.71132510175303
319.17473516407415,191.72964381670351,117.32946551248952,124.5085973554975
317.5177419254694,195.36372536202862,116.83539810454045,124.85654203516447
285.3001069144901,193.69166073798473,116.574648200453,124.3950230523083
251.31249217705079,187.62634504233938,116.2525076996275,125.14275944764839
216.85969121889548,168.34619815897594,116.74270707906916,125.69449624944812
205.09749745858844,156.6473147409586,117.36354663280436,126.18871511860385
230.20662096508752,164.3854208532847,116.99820851070575,126.05185947576686
260.86465416528796,175.74991033934683,116.91248115919724,126.28425764697727
278.0755887826023,200.81553456777758,116.9530421483906,125.93207506896994
302.76783946773224,210.90061855995415,117.28455773783757,124.88345206911941
300.95693711059005,217.00119186985341,117.09316241063263,124.12190557378857
283.717087469698,213.46428848483453,117.38852801509347,123.59919374886569
264.79137461700003,196.1337581080931,117.29228230337867,124.10735022694885
249.41256314755026,186.42071315312515,117.64038317564368,124.5274888452381
274.4780612655942,188.22953034900314,117.0820489782983,124.72313614876995
306.8978265447554,203.157439536628,116.96968398250539,125.32716039118128
320.27554607662125,216.63009614871586,116.92016072663213,125.08776297486399
331.52558243138185,220.40762498343324,117.28372249330835,125.153916797495
315.9862315636242,214.8164431347987,117.82312329516867,124.88404264464336
296.93559752285506,197.49984187270886,117.70683432973911,125.12144382655202
264.5123406419515,184.06959462629442,117.55177959326937,125.21658658479626
247.11564137048316,180.5062326361644,117.9413508640355,124.6980156156851
260.47873033653525,180.55752017308126,117.96022689115458,124.59544054185142
285.7236898474273,191.81996816437177,117.12272850795478,124.98704639246317
299.3116407096808,205.19097586368952,116.63257306391432,124.93077727429423
322.94590953405657,207.28482896715602,115.00706819658271,124.54665713247952
319.85534448628107,201.54987281368108,113.64469484230247,124.70131426468251
301.5337196861173,184.33938527731573,112.76323777007177,125.35005333211086
278.9075425517901,159.53394480054268,113.03352434408859,126.23036094979949
262.0474589536175,140.65201557858973,112.85517277321185,126.32919854123654
258.3789580252036,137.13557121223215,112.6617975251039,125.83171016901606
267.2354112809648,160.03265046543845,113.72074793964558,125.09000828515732
270.22030324433587,186.2349597405771,115.27043136472382,125.3216611976224
273.4550213093721,199.36696553290415,116.3770455648518,125.5738257686701
257.9002317392941,205.56252204867405,117.01013083369094,124.61139793887415
238.14550511909792,202.4415638905948,118.47365722126945,123.24412888446987
222.1988508329157,187.55821914227576,119.91581401540144,122.55966660287562
215.90530238677792,185.03747523074838,121.04754663255302,123.78269966755569
232.95896000247888,196.1688632483918,121.64003991767126,124.65312930994904
269.43426630185235,216.64052482815936,122.38206777109909,126.37396641219927
296.26439849814585,233.69940841462298,123.56388797947733,127.51182505417836
321.2201121180095,243.43476636577003,125.05219918995411,127.81023932503967
324.606594378821,242.90779539962773,126.24328752342666,128.86418125732428
318.5290087192706,238.5335214725722,126.34629649706184,129.57795421445826
299.90729928357337,230.1124083253109,127.31770989468433,130.2992891873044
293.5055018468808,220.06446652777595,127.95062671004291,130.11070935233013
283.50882043447893,219.74586491711992,127.62437725518578,130.74791257364217
279.44361009999943,228.12539124688286,127.61723667615959,130.26398241008673
279.28524695038396,236.6203756186925,127.93396297539054,129.51828601152775
275.35805108287667,234.24435577520669,127.67966084354369,130.21597876506866
269.4071652527981,230.27325826243174,127.3975338449954,130.03557468481495
251.33119245813003,218.08591509309494,127.06337606210025,130.0861921086676
247.40287978426363,210.04955138137956,126.82094230909391,129.96080133061994
253.42406834759404,209.72418994378143,126.90975940721256,130.6115242058162
274.0838621118051,223.88300599848944,126.14365724961763,130.68133185597918
290.40343560987526,234.3469938724936,125.85915179746212,129.9750070729614
302.83168223903886,230.44486376415216,125.17518280001343,129.72175920268478
303.00330219156604,224.46236990614142,124.83194289495904,129.6448506343245
297.1596349262041,202.22568831322525,124.49728931604113,130.03759075147028
291.13631858513463,177.88148678073884,124.51936425391796,130.62776283939476
294.93030577591617,171.9029741864912,124.9669440937057,130.5314566958637
307.4250702756385,183.66907571165515,124.11756485318253,131.1394034044573
319.77569665038897,205.67949922672653,123.53279919658803,131.33211604464293
330.0912019750636,218.0141587062125,122.96754282951247,130.74170222439938
326.17861210526866,226.54728376814512,122.80281811777753,129.65526100318368
306.3275818765044,218.42645341854555,122.7513622510627,129.99551517268543
286.4375181016999,198.62958889725303,122.73291934682644,129.7906737614252
266.68641816827346,160.4476761506524,122.47150742578712,130.6036368576314
260.4956128408935,140.41865757920615,122.89835533110863,130.81246483572914
259.18513665475336,152.04651018681406,121.5243477070573,131.52651959850317
269.37483084810646,179.79453788167046,121.0663328508007,131.8103100940492
269.9533295304403,205.54956926748096,119.9093354861329,132.0585858280735
261.9367113116587,221.357720820071,120.07519019526566,132.1770461797544
263.6941686030147,215.66464757127534,120.53160871940565,131.64919335678997
283.465283267513,208.26610400574629,120.69324218150868,130.5647353714082
309.30271823996634,220.58480996825426,120.44708746781491,129.66365355310586
327.36880212410716,230.6683509195385,119.75766856721671,129.1869876881393
332.9699992468718,225.10176567792757,120.31432980644963,128.56110268659896
313.45466930914,209.51170282272443,120.15738781357484,128.39114690233453
280.3878809766876,195.71069674450376,119.75954039175913,128.59786678777334
256.4323686553967,177.98655473203416,120.74431223356854,128.8514612121332
250.5543608050889,175.93740558484524,120.70995682613638,129.01963580382846
272.5429635493794,186.34100363884016,119.98700806488682,127.8734654809893
297.8256314827944,199.63952712359423,120.15833936698012,128.59616237167066
309.80852316606666,215.15969662465108,119.69353765377903,128.89046557401488
321.5659493037806,223.70310989692058,119.66291847528672,127.45979442743293
329.4769384442257,221.75341661684908,119.4057881598194,127.46796899622025
323.66562156831475,218.33827870239367,119.36664975265396,126.52373005247281
306.44517866340243,214.8005703527013,118.96062144867392,125.85538805990095
298.81004666700346,212.78102030087484,118.81093356151781,126.03950019356532
296.7095020756583,216.5962686596726,119.15653051202167,126.11998794034254
300.3541336802367,224.72309108589204,119.59173361578769,125.31527571374924
298.3080739401689,228.53348691854973,119.82731311685765,125.40756400656505
