478.5,143.5,80,111
473.2216295342446,142.8865554932349,80.56288103828183,108.2289357157872
469.4206186567715,142.75906970666335,82.23468696381306,105.51879937422288
469.1326403211973,140.10347387930858,82.81064363496145,104.92787470035321
467.2963066118433,139.48445398321064,83.53193254913948,103.21453598801915
465.6396570021411,137.18602816776968,83.90842899376824,101.93778206934988
463.03495273997135,134.8385554926718,83.27130369547713,100.78619359691501
463.3247395694839,131.97948335499683,82.69173003645204,100.7138169309334
462.2688324750933,130.35333578953524,81.91875605431048,101.08132389093373
461.03856839605305,128.654092066536,81.50134585774333,101.60187298228455
459.690197433446,128.33535515619803,81.31891945594123,102.23934680296051
461.17347807851445,127.94611844539477,81.23834213599412,103.01782022456702
459.48909359264997,125.0068801655164,81.71051137277098,103.10309731441959
459.45025698301305,127.90933009908298,81.7881845920448,103.10934135681663
456.4595138155678,125.80132363865295,81.95581444478404,104.41842603660103
456.2876604450953,121.84799365136723,82.29952118572899,106.46569950508918
456.163391636322,121.91331138044441,82.54805880327564,106.33506404693479
453.18865243449596,121.56614719953026,82.56026795534228,107.02939240876312
451.691160697799,123.05547495136244,82.57581065141737,107.03017768241767
450.1713529065127,122.89869308922408,82.63572027491658,107.34374140669439
448.4779426183304,125.40931333330019,83.03707066244326,108.29344129621809
446.6042649101935,123.50451440844364,83.77791718529957,109.0965302525136
443.3789552258752,124.59891884995596,84.16684986084807,109.93856471603299
440.24771253617763,124.30692385004885,84.32926522958304,110.52255471584724
436.6909251049522,125.55767978350305,85.31965309976452,111.0826363450735
431.61900050012264,130.1617659138347,86.20463286761262,111.13333352622132
424.73205355832556,135.53416656735743,87.57260967892212,109.69297002338931
416.18210914482006,140.87103636009786,89.16420893605661,108.32420417983434
411.1785063092177,142.82998754843936,89.85223740591027,107.51269420360167
396.04069239197713,147.62476244733062,92.18289390804097,107.23813484993602
389.1622371161488,154.3981896971585,93.38680262320679,106.24428218677107
381.675180751781,160.01375923607273,92.65008501458634,107.58180737882735
371.9596098926855,164.5076893926808,93.17483388329347,108.04714349035322
362.8311517206986,167.38494132648324,92.43163725635256,108.62601061305323
349.0118082930231,169.7548602343999,91.59708323333105,110.21355965908043
338.89552614626405,172.17086282192474,89.60648144282895,111.73103050803651
329.53779561732443,165.95216553487788,89.32666251797967,114.67078509076599
314.82848341976256,169.86333551728052,89.88810062326262,116.46750722257431
302.8530604457491,173.4354185325667,91.13830794837263,115.80923794140679
289.39191973329804,179.62735276412542,92.03481546007535,116.43825643488907
279.35813030679776,175.1433403283225,92.43791982670002,118.85145647770301
269.30797149602563,172.38838464752524,92.61292495304433,121.0404824234308
265.79281761742726,172.3250425792695,92.92889944726049,121.16716655994227
260.2698567890651,173.7516150094832,93.88206534803857,121.67827361816364
254.78588260517157,178.0132829544674,94.68724976096557,123.31770168305519
251.4292324120736,174.75538218169925,94.54907168043407,126.40776399522775
249.37480078916894,179.09243921888293,95.18735391980661,128.14539294017047
252.41763731766858,176.18348455273383,96.11660841001223,130.45583849886626
251.76567453664933,173.25328438130987,97.42053397205075,132.75842852294093
252.66397091146774,171.99344803136654,99.23811146849539,135.27810122282756
253.33955236914892,171.2017248372821,101.56919844963059,136.8615476109965
257.692410738819,168.32514224453826,104.09703395634298,138.87019538113327
256.7866741639348,164.09543240851664,105.90850710611137,139.69672231094438
263.9438921235192,159.7167004397079,107.02862266280336,140.73691051063142
263.2838099286762,155.01460091385917,108.34878705248948,142.3555467109227
262.8580595230293,146.52001047898173,109.20028786378325,143.58869206610348
266.43854751325756,135.65896181503655,109.98273060334863,145.4522425939391
269.7054792345731,122.68722930758574,111.47464891433734,147.31836234798158
267.268346320262,110.13236181323094,112.28321858697083,148.03392040075954
264.9589769226612,101.53024184468072,112.81215131661837,148.87893607564314
262.52493825322375,89.20707212390579,113.56890584440816,148.8573386506825
264.6839969797061,78.9463911782535,113.37413356616817,148.76197466836365
262.8030017235576,71.14365233317416,113.01741123308149,147.89260097698755
258.9074038309522,59.561509604235624,112.60934244795622,146.4590927238567
257.06290437155633,56.154108592413664,112.22723908133143,145.13169017666755
257.3325637324847,49.24164205034644,111.68792035947467,142.77819687599612
255.0855168301656,44.68267061462997,112.18215820857424,139.89657188081333
257.1020767248772,39.840665305232505,112.11277959259684,137.68935897927116
255.7051219906757,37.04652645619582,110.9779554540747,135.42016946349466
260.2687153046054,34.484903808109934,109.60178806364603,132.79239552223578
261.20747221938893,31.958422996758046,107.724274234079,130.21963478193464
268.7023252453484,31.570774641775266,103.96344627955054,127.25197212610338
272.0836242586127,30.966464336684425,100.83741554923873,124.82402544006831
273.5897748502291,33.59421577724353,97.82511436600583,123.11722349589157
279.65396506337277,33.153663914332654,96.1178424664663,120.52462437946406
287.38583182662165,37.501675248206595,94.27921051411136,118.64115249878759
290.13405546269644,38.63552436255315,92.13034822752894,116.37345427009448
297.8208225234159,41.13883161525048,89.86869792805891,114.64481072019203
307.0479715617425,41.929146633082155,87.48825584999665,113.06418068452868
315.8521865525707,44.031469264787916,85.63922094503629,112.01141443645636
322.98079126190083,46.25586811708618,83.80470728484183,110.66829067147629
333.0445564528657,49.68824098587196,82.00869744001656,109.91405177960624
342.74014408879555,48.971373180959425,80.70396954202766,108.33337949378618
352.28147959281745,49.75399984017413,79.43533531169308,106.76812617535677
361.24338155000214,51.58810612766337,79.05810733363637,106.02434292309708
373.09301628401465,50.488006217113295,78.6143565322995,105.31760291086121
385.31740865944255,52.96512285051973,77.27696984594846,103.25229440211145
397.9120234869692,50.104386380746135,77.60826463929877,100.4669258588574
406.0577374169561,57.739485017121055,78.10814668630485,99.18948684192412
422.3873623323743,59.68266661107053,78.89469686818569,98.09027365508493
436.44807685400195,63.81963838363548,78.60390369380173,98.16552087061643
453.27830496344023,64.00192368523905,78.29751867153819,97.80095026740929
464.81489245784076,69.77676241692319,80.14488357821133,97.32706831314061
479.08593381772425,75.0195715834413,82.30993147907161,98.00767929669612
486.353962520023,79.32680167000554,84.79561014045558,97.9040871565584
495.40599359387437,83.17590589287593,86.81870805199483,98.83180445049278
503.2584707063377,86.84167257121217,88.64635089265127,100.26656962661183
506.6179185726181,93.02317832165073,90.84825293970766,102.7715544250969
512.0652440261501,99.37262808343705,92.1443424733695,105.31108045243158
510.1034876378643,99.32708345563955,92.96004982903628,108.50997512893163
511.16260655004675,104.59225686387775,94.01220486503514,110.66119975391061
507.64194834631985,108.70984860166165,94.61244892131725,112.08762480510049
504.3090396691778,108.35141986642034,94.77384692794826,112.80448227558308
500.8045131115433,114.27394916559565,95.25116886115102,114.02288604136501
492.6181497088768,117.57180022354522,95.16220488453496,114.01186023824548
486.1923299481093,122.85846090423627,94.85090718407217,113.31074179336161
481.14959025682737,122.84319185659554,95.11165017100086,113.34127988864307
472.95437475033896,127.48852339353523,95.10416327264596,113.8893675615627
466.7258700992444,130.55521253821013,94.40952768322674,114.33181171801714
457.54570763432685,131.77456181796708,93.06873157703018,115.17663333117522
451.4748556287657,135.05355720315347,92.1111109590724,115.16830487534241
441.7838838484058,138.49443427358528,91.93791450747112,114.8049307385858
435.35003332826363,140.3626025894077,91.80237464971424,114.3194043314513
426.8100556022919,144.03206633177945,92.67649739659602,113.46280992873241
419.750317121425,148.68006362475,93.82733568658482,113.89329434660013
412.34662002612106,153.31586626357327,95.56523757225217,114.42380829765898
405.05137307300333,160.0226816549461,96.94141751699148,114.22449147640944
397.87007648102747,163.01362879813286,98.01336401079224,114.88792053511143
389.5530387128596,168.2655892518285,97.89672819468205,114.43442643918772
384.5033835765879,173.5398602235491,97.97225488011459,113.90966808285725
375.95359610726393,180.77405970741,98.40001709012019,112.77871929804942
367.9353493301007,184.72355960453874,97.81790244934906,114.85088442085055
361.41624396937016,185.3116587918605,97.47040018711485,117.02111429213076
353.17687327206403,189.70731186936158,97.0775947408952,118.35273624162778
345.04245216848483,192.3859899076453,96.40411108710435,119.77231050944
334.94863316019473,191.16282601657878,96.19548760114213,122.21863829157303
327.92528070510883,194.67554067147208,96.50825787150697,122.0601763016899
322.72012737038614,199.46044657685613,96.61015263229763,122.79877639957665
315.6701917126885,194.8267934339244,96.91362416101659,125.16788279210202
310.1831897447483,195.07855969193758,97.41683810766833,124.66435027607562
306.3775742892923,196.68802784956,98.04655991187559,124.93616851418314
304.5018440251863,196.74462190365062,98.29287035674807,124.82298040600188
304.6109048844259,197.031297497979,98.07474863826884,124.2496292173451
311.4188686988213,193.8780306727385,98.43922026531769,123.56596323990622
313.5721775519552,195.90154337719503,97.62314452862739,123.0094798005706
322.3653110164055,198.29345413884798,97.38075143993886,121.6944330453071
331.07255718495895,196.90945458695313,97.18969397810758,121.01774517404166
340.11829797136824,196.46514361254123,96.25427116399352,121.90636712286553
348.96116891535144,201.85936065092255,95.71681895726425,121.40690685484515
361.0864189553989,209.26451486592805,95.35929610133144,120.24972826721262
371.17388170461896,212.8716347387411,95.52291058711049,119.8150018496595
382.0049097354297,218.7527650017634,97.5611010220467,118.20998982213962
391.0360188318599,221.53469342810683,99.86334977155663,116.04021079318116
404.2691971222756,227.28563004974916,100.57834730316144,114.73134534206007
414.36279938763045,227.1821018125755,100.72437467494784,114.93840181640742
422.39588086674627,236.221328631887,101.63030946393097,113.83204592499919
428.3624674184963,241.39981426955205,103.26412623736584,113.65031705737036
431.4568668676903,248.75647254392277,103.9053201287085,112.59698608809
438.2597954402544,251.25148017115168,103.93465574253787,111.0157690233716
438.3533231638257,254.1045633620194,103.74760029539527,112.07877629967007
442.8552178618098,254.71745701308336,104.93843327355381,110.85298899754211
445.1238929666653,253.04360584289498,107.19702503413785,110.80272035277143
442.04712189281275,251.56124628654203,106.48466826761634,110.33449000836404
439.1922848963031,249.88350488733926,105.36566152139349,110.27563243714847
435.64005036264405,244.1762263653117,105.67871896612476,111.50307204732341
435.6713386968259,236.53989498026095,105.61614229776107,113.0962220273383
431.87060056851044,230.84603395337172,106.33004740016969,114.15258734978354
428.5723159517921,228.82476618559696,105.98337443293798,114.72350178499882
427.34057110148854,226.39475231675567,104.9718466898016,116.10851207893776
425.5361681925343,223.50583808071377,105.10017655374963,118.40586459706115
426.9499826542527,220.8126672821169,105.79076818904556,120.27398563552215
428.4594857826695,216.64853572086403,106.33000976849618,121.48575308545952
431.38102838906,212.33335427443984,107.65825356367799,122.94478697034504
430.65516666787755,207.57352975795894,109.10997700604293,125.20533871615027
431.5617292891553,208.8276163517524,110.98467970142487,126.38499346650076
430.56370088581474,206.41377375598017,112.98073650810599,127.47654093176153
426.2983619448082,209.96989989335185,113.9413980469321,127.93430500020509
422.3382133344833,205.73918669538418,114.24675061281563,128.78078674137413
418.71439132550444,203.6025797993873,113.84340679643203,129.2285066161972
410.9994006410724,202.89216922294662,113.96944114065836,130.64932776907855
399.07932915269186,199.25814643510267,114.70943689768941,134.06734880814486
390.4014891901379,192.93695567686282,116.40600319956542,138.88017351300863
381.3016138952362,192.55710248730082,118.54032122036978,139.63987989213263
367.65190280460473,196.17389809461912,117.40270439689414,140.5311569645642
354.71356256428237,190.93242824357645,114.8743224079769,142.8983645324889
337.44651089416897,186.22238180557972,112.92773048714182,144.21163623935757
325.9429326196297,186.55452774985199,111.68324885304116,143.54734435081303
310.2032273019849,188.0993035470547,111.07033175800562,140.45779275640763
287.4999818839582,182.99770614176708,112.9794325671601,138.79806301419225
279.36527004027556,185.0309421545399,113.40971735798871,134.73159098864656
264.55005874230665,175.89404206035226,111.80710829952346,133.48474639301992
251.91490114968366,178.99942241883647,110.06378765839125,131.13307650839124
240.29916060593996,175.8981529121481,110.52676204318301,129.7461132875361
236.92188087037994,174.63731445011456,109.71972687828074,128.48699289359206
228.15274468798188,172.99237084980615,108.51612332503299,128.0285049106001
218.28389392426396,172.93631616763315,109.64411245408517,128.14061427494607
214.2190340286903,170.5314356776434,110.2902161566861,129.20856721065238
205.86253966809898,174.0119649328126,111.92843876662047,129.78489175593808
199.09685418118764,175.8331011349582,114.04807515022124,129.94653088172083
192.86086727170579,181.0617844978915,114.9988640576917,131.01034906734748
184.55208442682277,186.83643155217032,116.12799413285401,131.07738166974266
180.5241575886671,186.3345445518173,116.40141175757053,132.0811556704487
174.32665220368955,193.98800887899768,117.06293313740765,132.41887953624533
167.64608420045582,191.55627128982456,118.64310990372418,133.35536830120782
161.4203333638716,194.4979624333564,119.19424519902783,135.40556359938728
157.2677324420094,196.11677237542577,119.4846203748461,136.17535704920164
153.14482656120686,195.39376264108526,119.68244049921331,137.62137651788265
148.55081529974112,198.8133887134321,120.77133123757022,138.88125615776363
146.26375565702403,198.76954430452872,121.25892058908167,138.96894497557037
144.10207438901193,198.44910052883304,121.48657976892041,139.60983252696172
143.5267152036657,198.74720450449473,122.63729813961287,139.01362457563835
141.38753790391783,201.55516206946646,122.79718391682731,137.51617826797624
140.5408895991245,199.4366316523527,124.4904805264139,137.65545471325316
137.7766945230024,197.6227705084204,125.89188990622003,137.15619622867962
135.22987420393332,198.45224098309342,126.84399064073946,135.49725527933356
130.41316044950992,196.44085759359618,128.21582554313414,135.3892257551019
127.69119283099792,192.29718976712107,129.50888441421824,135.37480867617234
124.99488367091605,188.71652235606533,130.7303617143224,134.19386145816463
123.56227899310574,182.46345355709911,129.42362519462125,134.18416143013167
119.09527327322091,170.6698890900476,130.0553676582443,132.8644834357949
113.34757540836277,163.7201198150205,129.12953034609333,134.34278894398187
107.52111046518435,155.29577640596028,128.3355582734092,134.59560648338098
105.56885319975679,145.05789288911416,128.0997179436583,134.36959921404312
99.7202773436532,130.57533833784703,127.39762896695223,134.40314670911314
97.93586760391806,120.38954940191769,126.84397061843882,134.16233544105324
95.97730619733096,108.26395298336672,126.65116185974631,133.75393884695495
94.4480238292725,96.40062520630815,125.60924025297565,132.87767634374666
97.52845826207268,86.52987968609486,123.51862914391782,132.26787860146067
101.77417773543611,78.7862744848065,123.08227984103556,131.64490971634817
102.41629446060591,69.26854192936213,121.79804639069594,134.63683416461896
111.58677011083435,49.00769013378266,119.60541123983432,134.7877473817898
111.69307280587032,36.347497256406115,119.3928058497624,132.07728110147707
119.60140993654899,36.405177480339475,119.41172822269655,131.96192065361035
128.0305545603748,27.506914807771082,118.38306501349209,129.97141345068823
135.76051383162704,20.8813850323601,118.56326486297485,127.58235460952295
145.92985866277297,18.049545904335645,117.60286710109864,125.49471610540562
153.37133156038783,15.216255125800032,118.03113744831964,123.50568959125147
152.7822525336253,14.504740680396608,119.20929550184474,121.12523318896964
163.9339819511024,14.671143330459671,119.61443063165926,120.79242788884352
176.80572304091805,11.040777139947785,116.58648895538525,120.48131343541489
187.3070040633262,10.169877491373008,114.25005318378267,118.4898874779217
207.34171033579403,9.161017508617093,110.83107934816935,116.84256357250129
220.14941153058606,8.311499496527823,106.72627234638182,114.95650036538039
230.4292304571464,9.145510669828568,103.61896322044004,113.2884780187789
233.57991096461234,8.41842221293333,100.73261877863976,111.32763835943773
240.31094241290748,9.319971430040667,97.28602412737897,109.52453992522305
244.85295574225248,14.844984359621876,94.71286404362324,108.2408139284621
249.05068559570904,17.135224661863845,92.70609513559471,106.85467872342045
253.15675545305882,20.975028332900706,90.77538361173146,105.45649957218305
252.70384344591966,23.00245148024777,88.593104651205,104.48975625229372
253.52663734412585,25.005969050682445,86.94751685479262,103.5208186497536
254.60944559887557,25.894029121326597,84.78190034529318,101.74469850846529
254.1914519030818,26.64957930652561,82.68349917488598,100.23359813806726
253.7966558371307,31.54162517671437,80.59582368274904,99.08130926980725
250.17448271598911,34.4750123317803,79.36272512592774,98.866164825745
250.69264485978124,38.594327897806174,78.32640083834349,99.03518295351039
249.8061118715431,35.96405048552581,77.31113483828729,98.71907382500605
250.07056098296596,42.93574774668552,76.78223661544153,98.61067663152247
248.84560742751302,44.17236563038156,76.47540352344234,98.89418106703556
249.11136669969142,46.78915678315694,75.94388497908552,99.17275540331917
250.65884012044725,50.67724447830041,75.60060834246606,99.651590627709
252.1739067997546,48.40939228171253,75.32384708405277,98.6805508204819
256.20102509826546,54.04999014295856,75.47175494651437,98.33554771063416
259.0038283846271,53.59411777646026,75.3285401169649,96.51609657204382
261.95594590147584,59.362398823383955,74.82644008524541,95.7838044821523
269.31892358474494,58.29038316284266,73.50900017550201,95.24613271187593
271.11274800561466,58.70112360804906,72.57339507664528,94.42465182146313
274.87531853889425,59.212651697381965,72.92102249101825,93.40159564279732
278.68875808797145,56.977013053797435,73.13699745561466,92.6443035547992
279.8532970464787,56.582634633382845,73.41412626041182,93.43306039562837
283.6173936326646,56.249578619140976,73.75427984063933,94.09917242411211
283.5949294368206,57.37161592555104,73.79920823232723,94.49360060857228
282.50652771265266,57.26508080565412,73.33074525845876,94.70667084836612
285.34779512276714,57.533216639334654,72.93001105285754,94.17039918100505
284.15944257064626,57.43590207854375,72.6805337717531,94.36502830258686
285.551227690518,57.91886618892106,72.52205530602244,93.39910008183224
284.18773390768865,60.28167093505396,72.64128739415541,93.88900154461793
282.802454472077,60.61435258609332,72.79466410580048,93.22363824253921
281.6724561678857,64.13848875862108,72.44515245030122,94.00389068912963
280.2275879663504,64.1511107476227,72.71914655017295,93.9786467111264
280.30834577995824,69.29977679348474,72.55763092295726,94.16059251389768
279.0947580386683,71.74887393362928,72.3648387244339,94.50233359581517
278.0189827187496,74.50354941780085,71.89434751005913,94.23706633589637
276.9657474522656,76.05810397207986,71.39049703181195,93.73827823855362
276.5689930761851,77.67307916319356,72.18400578397289,93.1028205422614
276.28768187084984,79.30196184371907,72.74662819464339,92.44278048682182
276.34081594917944,82.48254571482833,72.64036003798428,91.27517468549033
278.9591771789232,87.48987070251367,72.55798425595937,91.56921806504485
279.4830352979501,88.82457578578398,71.51026801790562,91.48014973632266
280.86810329064457,91.50664302569038,71.30208930806057,91.23992980759779
281.22029240381556,93.16435384933587,70.59771108171859,90.47940623060357
282.7292899943657,98.40373194164422,70.1115281178634,90.12789891496696
281.4033068206389,100.12688790553773,70.24496568529831,89.20011576719861
284.10053493200866,101.69678577047664,69.86352218494069,88.56682639851178
281.760367141065,105.22575106643774,69.5626260110426,88.98074344026789
284.3082889109353,106.65638055340018,69.45090225169878,88.61154435654143
283.25096781817416,109.54004331242444,69.08094848283329,87.81341074726855
281.9706016528373,112.84727587757395,69.17531012831515,86.13168698735339
281.71834493410944,113.97478179965711,69.67982356577077,83.87667514318707
281.83697948461105,120.02330459526848,69.44255446476758,81.44213929714898
283.3783414001756,122.2956148735888,68.73408824671267,79.27177635358251
287.5125589158787,128.14358426195972,67.45362419375466,76.89313221477151
287.90058892535984,128.4133093403932,66.67756417479234,76.35368205790454
290.28091673250896,131.39757389705397,66.41925182618024,74.88749621026918
292.4701137038205,134.88402240141022,66.48946569680865,72.3632070148083
294.59070630007255,137.96266296060116,66.62061468965979,70.57826008178152
295.66171222125615,143.92148040851782,66.63899030753468,69.46256248715858
295.54265421194344,144.5340853269095,66.87710632616009,68.23735265037523
296.66917307095594,149.6160347697612,66.75182840662293,66.5844929586232
299.80293061466955,153.75150503882196,66.78366584430222,64.61290494560805
298.92275481915254,158.48903357375158,66.4748506966392,63.414514830536575
300.7138737214027,159.63968653448444,66.9833326435054,63.15856878475411
301.4946457196312,160.76573028759657,67.47104612476734,62.955738756248735
304.29857949407045,160.92605912862206,68.02415072006715,62.63508107419773
306.9325081968116,162.39207706375925,68.92785762944683,61.76023330887739
308.6804230999385,163.6283035277201,69.54664019817403,61.34508656844613
307.61166065843065,162.45034560122676,69.62388991138782,61.64072725163088
301.25167756069885,171.31532902960052,69.94663590491537,62.5065906977873
303.91419814971766,172.4931824016445,70.87675898723336,62.23593870715115
306.3516253747796,198.20330389753417,70.19222157361901,65.28981718999663
302.0319533938823,198.37564010631678,70.29866079081235,67.0783709585817
303.2171010315948,199.41744310990734,70.09163473541122,69.32130339144793
298.3050257667852,175.20209793836148,71.13390141847566,69.45163257848955
299.13574555597825,173.7526883297779,71.68636763044266,70.1365460053038
301.4262956824933,192.3284513141026,71.57206412039845,73.18619072352638
300.8848200708637,166.18742149628778,72.65501534365748,73.03694144809913
301.63000094196605,159.2580615700382,73.45901315485528,73.12950398018421
301.7176969483196,158.87645381115817,73.28362114214812,73.89271949794424
305.21006186412734,152.26063590301672,73.2520893675817,73.2179592001292
306.7317341409969,145.98288789844509,72.51535973626136,71.9337656747598
307.18709468181805,146.73943709357235,71.60463865461912,70.42066728450529
305.44605379017645,143.97257173132817,70.61352131396076,69.24459932308142
307.0030897766203,141.04668043922618,69.70191305386567,68.48899076890766
306.03124681575275,136.1616390244568,69.46938522652559,69.554218602146
308.77001380729047,132.77306958585964,68.37054722322705,71.9526614995634
309.3010780086296,127.19209102388372,67.30841882054881,74.2760814322618
310.7393193882788,121.85544664599547,66.66093814232971,76.03336186372132
309.8882806071322,112.77063630558328,66.11707350783304,78.48138716701732
313.39571709025813,103.06821897520925,65.92737744162122,81.96080906100504
314.31342483034155,99.52107862106698,66.41748545388265,84.40404278443329
317.9208840777052,93.89292727138749,66.31531472793978,86.17668179207978
317.92469259857035,86.95204798494393,66.30769768620941,88.07668471757233
322.37575284371474,83.23011381814838,67.10637795899646,88.24495247885656
327.0311372778776,77.57445170081913,67.55884525246321,89.79304055172256
328.03498909177995,71.16348285837884,68.02293180462459,90.25602733677252
331.7635151240277,64.57102347526714,68.02515992807434,91.00881245642039
336.52110117794143,58.409359775420114,68.50168723128263,90.84251559231978
337.7017828035657,53.00704391377999,68.64350798113156,91.63441131121003
343.89899904609456,49.29062237502099,68.83688253815654,91.51457016347842
350.19243742076964,44.158136373092525,68.84449804020228,91.70394836621854
357.5645415845098,41.342158650743876,69.23173020181679,92.29209031455092
364.95230976088345,39.26108117374639,69.6793523715551,91.37985909438402
371.1742282478445,33.94052274381386,69.88853235477879,91.89856238853241
378.5172265588061,28.94803547456356,70.45409839330867,91.71582848673098
387.28454031803335,23.78713660410834,70.75801783818136,91.84417082002591
397.14375323943966,22.64621913702893,71.4817997069331,91.57072979023918
403.3206059642915,20.21959805280153,71.94249210581346,91.29821281926039
411.96748949913723,23.67681366830091,72.61211097181645,92.08237556070213
419.1807757073755,19.378750774030408,73.72001210296253,92.91126457543183
429.10225232684206,23.67989577663336,74.83513892080913,92.16825459151832
439.4227945875043,29.861346214221875,75.20550240718904,92.93750872115648
448.17241826034126,34.21283658967762,76.21591973234472,94.81147921071903
455.7980288583394,40.998611554551886,77.1008697260626,97.37610047068466
462.2149473924737,43.659672818843774,77.98216721375627,97.54003176448578
465.8639390677091,51.446464478167734,78.96369151613679,98.52546375154078
472.29844535699806,59.66678610054533,80.04896657152582,98.82996566754589
476.0413366284844,66.68217585155254,81.00250427200332,98.8647199046151
474.62039985428606,73.73555497417013,81.0153171085345,98.90326521870708
472.9360791017158,80.89619511007724,81.55409819101872,98.73128706017488
471.7162261923859,88.36254947979447,81.1578875761982,97.97816048814298
469.20370474465557,94.46059465205246,80.54707162848823,97.05378782996821
466.6274326272946,99.03572380019335,80.11193134938898,96.2850563044181
462.89531695475324,98.95112217381792,79.25120832610027,96.45425955716897
461.05154130138226,108.85170451510709,77.4113643236797,95.99897845665963
459.122747746957,115.84352070272783,75.81505801165692,95.65007963360148
457.3362797456437,122.10202626731093,73.9965583009578,96.61165778774946
455.588429153868,128.54816666701964,72.13058756344785,97.12355679098525
452.1460213092157,128.56797423184764,71.04096910073264,97.0839416613293
454.0099350819576,135.57877557992933,69.95282481489926,96.26075526341798
453.32059438754465,142.15653619377994,68.72217916161162,96.15186924628456
453.5898682522718,147.94584634653143,68.18363143215726,94.92302103177067
453.7872869851241,154.7284100956681,67.78879396645269,94.15771860935382
456.442451890089,160.3565835753878,67.56221000329704,93.06886334346277
456.4709127800328,168.5416781497814,67.50528822340948,91.82850067345912
461.70321297773387,170.34658243277892,67.04818239563753,90.72056574937163
461.7789977557401,177.06574973041,66.8966128396251,89.6699580703001
465.5149404007033,178.86464068497438,66.80198553292182,88.53126215557909
468.93047431011155,181.71126976194236,67.29152354283585,87.7184078874635
469.92581046604636,185.3714706290467,67.7366479071245,87.70539618172955
470.9445299219626,185.35327576495132,68.14206023682492,87.74178590992034
470.8826255047883,184.29523752797735,68.26586907117365,87.40785451098438
473.0871166036643,184.21272893929196,68.75072080777335,87.57287168835511
472.99820922063566,184.01654973695685,68.9285355738306,87.96523009302535
472.92843895743187,183.9854521193224,69.06807610023819,88.02742532829427
472.9108718887061,182.5654558477807,69.10321023768971,88.39798129269602
472.9067168795029,181.34991125437415,69.11152025609613,88.35339411276227
472.9350580370577,180.5380021612029,69.0548379409865,87.50208276990308
471.60920716873113,177.54396032918544,69.24535892860769,88.56780493587426
471.2428276553384,173.2903425897723,69.9781179553933,89.63328485946212
472.26933327719405,165.52319352911303,70.43390299258999,90.11480529533206
470.5322436143605,161.4979198430909,71.38450986163087,90.59463529749786
474.00015901680484,154.4676034331658,72.08777101794362,91.92344818201235
473.860915915412,149.97083408864935,72.36625722072927,93.18260531385177
479.0635112051098,140.83429782248152,72.36871098434324,93.24230024592086
476.30698540013316,135.35723804237358,72.67603594810606,93.78496651375589
477.5227623444363,129.8208270764306,72.86064052223942,94.39315459468334
478.5135276001026,125.6235411840475,73.50756543202131,94.90236011610624
478.2308455310971,119.62419597266683,74.0729295700323,96.31397445401461
481.90879837264083,116.73353874716496,74.74963581176966,96.74021428846842
480.26771283559555,112.05535638562235,75.33673604120654,98.01136647759299
479.8572905899381,107.48450569009717,76.15758053252142,98.98092785683208
480.42062877475064,102.24574523144862,77.78312986478045,98.4495459665927
478.2412114790268,93.68148383994189,79.37142151293216,98.95481108982946
475.7947689214715,90.62682665957226,81.46025616908722,99.45602453265751
473.6989889192659,83.16375280702965,82.80626677264499,100.15442523347559
470.7264299636057,79.83722127994353,82.9953229719956,101.051426575678
467.8434880108688,75.1992072691466,82.97143712900828,101.64279997457999
463.6724078000293,71.97149642055723,82.60282401257263,102.29103931301569
457.7035310698375,65.9514438627811,82.91023935259278,102.70080630820456
446.8048764587063,59.8220185635114,84.275585937919,103.28424968563759
436.3541857681809,49.39683378404131,84.52764290319658,103.48529482880456
439.80730638777317,47.53175529628503,83.53553849317902,104.25838338973364
422.1385884241722,47.547736623375386,83.43841796849308,104.22642073555292
413.4500639178027,51.17388579882543,83.11057470102887,102.87575314472055
406.98718561698394,39.80481210704285,81.41242727921176,102.21565409075819
395.85133739906604,38.78793807791765,80.58702198828124,101.36226443316279
384.6570978913894,37.607856590539456,80.0901434138309,100.86175770919374
375.1495472207418,32.367946908647966,79.190673963368,99.96182233482924
366.20682886138826,29.743889430651173,77.3602288147363,99.57682818586888
359.11976027126235,27.149000173239045,74.84888405496338,99.20477938735158
347.4531863698948,24.73712725571174,73.57346426101674,98.55995464536582
335.87602202144785,22.60738073821731,72.39527282532694,97.41222098422499
330.75475212641754,21.763857627000405,71.97033776079267,96.43239849301006
319.03430704347477,20.362645114940108,71.60615971448286,96.58981593799783
311.7047729735464,17.90993192138032,70.4165865892006,96.21236190340443
305.43036651724947,16.284592330785323,69.88437437993193,96.84683606022192
297.7894022382476,16.175791716447968,69.46375518680676,97.06443728889663
288.37572863085904,14.619180484916015,69.99680810319754,97.56418913790533
283.9315772709087,18.228533867249148,70.99567271314915,98.23492048318813
276.7794386362307,16.71473341495313,72.01793018728,98.60611742873516
271.0524813909764,15.568808988493359,72.75654655839223,98.21914175180561
266.9947828309482,14.507536671858752,72.8167770697808,97.65663084885222
261.5771665207576,14.465731708955033,72.94206475115809,97.74024077465965
257.23743858678966,18.601909753365348,73.57909470238384,97.51031060254923
253.02873723370067,17.074271165319402,73.93332566619381,97.87786386451845
249.99412993196893,18.196741000248807,74.60431816370291,98.33203524763684
247.27100732388686,20.85371259296049,74.61658137782705,98.45207406425351
246.9507960822216,25.16830339712979,75.2570038611576,97.97995536694663
244.50284251163936,25.273586729967505,74.70837571361699,97.7693887012712
241.88240702564144,32.263036921852105,74.52902894257204,97.34103267510389
240.38300571674165,31.02649716079337,74.82718322245877,97.11346385930847
237.75864657964172,37.997734295491945,74.67183269451345,96.68116159527408
232.2418986019442,36.31272932283537,74.93372188804283,97.35826985012082
226.92139369410825,41.908617154840734,74.74469874874173,96.99652714108306
221.59434825684474,44.59437466995901,74.60316997926245,97.02282193284964
216.53797224499482,47.84157612811355,73.92792116413105,95.9224194359562
211.44819832926362,49.903755551012416,73.4306848129734,94.46725663581348
212.47617738135605,55.27102976870016,74.01359518969123,94.2881821240488
211.62615338134822,55.58292841254789,73.06803372618555,93.66438483635334
209.32189504152927,59.85010432565025,72.43516196873773,92.99211566577725
205.1513804796631,67.60160985495475,72.97582953054308,90.48970721037988
202.30201244206654,69.33863800872919,73.53343769400792,87.01565090283097
198.48860169948088,74.44808819393636,76.10805432961872,81.84895538197719
198.9673728286548,80.22545087012264,77.63761327029448,77.75553362667544
195.14453901141346,84.36270506343493,80.38900891386497,74.37529723096301
192.57187346513592,93.94817234661012,80.66079374285087,72.26177458710495
192.35639486943978,99.52363495681736,81.09175093424314,70.7401340706144
192.34391705375137,81.65094048307884,81.11670656561995,70.64056866344386
193.58360343121245,101.89961187571627,81.02578813256454,70.74694934990472
205.82885506341657,137.70716846213207,80.4227959663262,70.79436947158274
205.9939076069773,137.70782299843404,80.09269087920474,70.79306039897881
202.50239848147282,132.97602743473647,79.95063410381256,70.75655149117243
204.96588560041093,135.53437021751074,79.76813410838425,70.38434016807182
199.0410669749173,133.2730534159359,79.80051535694474,70.18007137025081
202.56955058087053,138.15235030512295,79.82559992984716,69.86421330495523
208.41994292640396,136.99091689932715,79.90488830301491,69.83106550369992
212.953032916543,141.8375485020787,80.26555635070521,69.5646503261652
206.9988418911753,140.7952516411498,80.38380898638471,69.29121816501181
205.7977194646797,139.66983506847015,80.43058563077321,69.18658310176835
208.1592865307423,140.86689571931578,80.41647529439197,69.1469736979491
207.0264401791918,138.60001989988504,80.32851023898698,68.97340981979858
199.9655090298518,136.33761053414062,80.35330828316116,68.79920713311877
202.41494924095994,135.23488780758373,80.14861978546175,68.65755662397413
207.53395338941945,137.76782985826787,79.27723921366828,68.27498638516863
200.5967173235782,136.63762498850693,79.21946171991804,68.21335452045172
206.52544676152658,136.63610163539053,78.96279633980505,68.21640122668451
202.98434166041693,136.7349046002147,79.09629396450569,68.01879529703623
204.25668413769546,141.08467688561353,78.86673952726996,68.57977279552381
204.4020263505196,132.7673858282131,78.57605510162166,68.9703011840464
208.97505659746298,113.38495251824418,78.71932782276016,68.25550164012674
210.52636121507328,110.06678913219461,80.24291319690852,65.63943919348796
211.84765973010332,109.51640533273427,79.89479653993023,64.44572641932692
216.52044285229874,105.19803939175571,79.62851731555814,64.00317128126521
220.64975841234437,98.45366553527803,78.14558937910152,63.94051262695146
226.28882628811886,95.1681338545896,75.8065699532608,63.80723874404711
235.9993134507484,94.09769792663738,71.76187680835179,65.94811059995156
240.60033296670287,89.05256485952651,69.06437180870671,69.53384270190936
244.1811560067166,85.2254745239382,66.26801756275265,72.8227315390126
243.508784816429,80.8773211645086,65.4229625888206,74.94964619435014
243.05417746646228,76.53107856242445,66.33217728875404,77.01417390523687
242.84979666859692,72.36074860659805,66.74093888448479,78.58726773245039
242.714848580259,68.17722448659835,67.01083506116063,80.0941214474633
242.45556618083089,63.64106427199279,67.52939986001687,82.22347650818534
243.69422022224938,57.84384081026328,67.40756486312114,84.39603108787925
245.28528473261522,52.63928736868762,68.99916058166826,85.25768849247285
248.91761914563415,51.298118572036785,71.43795606648453,85.514160008061
249.60417946101126,49.99131566453273,75.00323651114422,85.65856528536214
255.60854948561365,49.86698682329902,78.16679027453085,85.90722296782955
260.65558130824985,47.36095338234896,80.98834561392616,85.75304225586258
265.94152816636716,45.553000828675195,83.5443548804243,86.74336676666357
271.59373657358503,44.24903464604859,85.64782857251188,86.66972103061211
278.5445209177576,42.382209836090496,88.0281614986924,87.68972038144071
284.168963309335,43.67378255556518,90.61532399100008,90.64099385267636
288.50091625031354,41.86812254290869,93.36913888946819,91.39788368288306
294.863488160547,41.64564172781292,95.19237252338245,94.75252080395082
301.1038158972901,45.8697820607001,97.66799783791,98.26926476858745
303.3688282375389,44.68458926592271,99.30921825883246,100.63965035814223
310.4901189317531,49.80991505151356,100.81055514205988,102.98413340428526
317.8397664565682,53.39875389778561,102.15785778773353,105.43441432892348
322.23668873219515,58.582182051033136,103.17121674171813,108.14382936274642
330.39803619846987,60.509911771278446,103.48635006225645,110.94350122349088
330.6971433231679,68.10800307648044,106.26447332461163,112.6290061718432
336.3948872455717,75.6680474768697,108.65609391635175,114.7428029167494
336.7653388881565,80.84120780950218,111.4329570267902,114.94978143830878
344.7297500759456,87.98826470293085,113.32900939055992,114.91556744292986
345.7203908845023,94.7372829165054,114.94210884876358,115.79505531704899
348.7482425842313,101.67453699212902,116.15370529304207,116.45514685327477
352.472662160767,105.39765179503969,116.03112766173261,116.33517876921528
359.8187027755864,109.25796716134337,115.97629094860511,115.93317029486354
360.8214681220559,116.49430671788642,113.97076025566611,116.0689611182342
362.68778124504263,121.92501075976581,110.23813400969263,116.07545834819697
371.66934150403097,125.29941290434266,106.52980223214965,116.45404842926018
378.32664237536994,125.49603511688589,103.74726184642535,116.06080400417372
381.02746214023836,129.14602602882886,101.80580852288128,115.68119459267355
382.86002071590536,138.58435579825823,101.56394052144495,113.92078080330313
393.8815937061717,137.73608230817206,99.87318465210899,112.2252627649427
402.6548118220732,136.82989082508823,99.02033181539822,110.69892905209198
411.68407689992716,137.6834043345112,97.46872702372994,108.99190203324599
420.53947969907847,136.82990327860298,96.00833249727063,107.44882193069378
427.97156445746793,139.56506287103352,93.95529529749707,108.38406890433538
437.080050529326,140.6959946849218,91.66042624302068,109.30662589440675
445.37026040836713,142.2355352677245,90.88892597237856,109.3893286262894
455.5468588806368,141.83352391750367,89.43946340832406,110.19335132673103
461.55675493065723,146.68363407792174,89.97796641079954,109.91185233278215
470.2944926400684,149.9113343222902,91.36622428291693,109.74436294102517
479.42255187158077,158.0887438654825,92.09283455588579,109.20848446796847
483.81743448517045,160.1116059763512,95.972003466404,108.32999378065551
489.4742872593189,169.8675408141164,97.52182773295979,108.11341882740425
497.61053439597316,170.22335221939198,100.6729910681796,107.40179601685307
501.4226340148505,177.5517106747539,106.15415154455219,105.8504388202565
511.4577945485421,182.55567944793685,109.45440924643592,105.85846360357645
516.6388187174089,187.8341420288081,112.6549036313444,105.47344548381551
521.4456494489215,187.72034699775648,113.34512213571476,105.70103554591873
523.6566450105246,190.1486464437782,115.82117228932361,107.74247793069037
520.7715445843685,192.53527258061467,118.07126045208247,110.00945103612402
517.7116272774454,192.30565021554912,120.59983381689028,110.46869576625508
521.1182958429417,194.37114974967497,121.06249663171437,113.61369664382005
516.603401497295,193.67548388082918,122.70184004440236,115.00502838151161
518.069388345034,196.8565667517516,123.51279098030338,116.12871190242483
515.8488508502005,193.7647537082446,124.18043194681637,118.53890396628474
532.7425024592507,190.9106178348232,124.79197127018455,120.4250820974088
512.8337332224913,197.67752457627978,125.99418181655399,122.3373997853554
505.94076291866065,198.80726242204472,128.04823972044557,123.98855166174877
501.9482919775478,196.7588539996031,128.09527239604083,124.11641390331681
493.96425316185304,194.28412728641968,128.1764939686226,125.09415331498178
479.5939892264303,193.88550437455038,125.00949954990857,125.89139913872037
461.4084803388667,192.9962397614472,121.86862579571327,127.66992836492672
449.3129510327553,187.92403655975374,118.55335583430792,129.95538374727704
434.07279515729107,187.77133473536955,121.64621302658288,130.26078739604543
422.2278560425547,175.25652181380653,125.50379415506325,127.5251972977822
412.27326520382906,172.54439198038358,129.47426888029497,124.98010348851832
397.94698700167044,173.23346345961383,134.08482999023846,123.60196053005781
386.43908180498096,176.6565294392219,136.81453969497795,124.87026884629738
380.26517614346284,178.291793300182,136.80250918979175,125.71968840045136
374.0511041174426,176.92946657378735,136.83079311304044,128.4443418532407
367.83278836431344,177.43081979745455,136.73630690749278,131.61867464317496
363.7364271738859,172.8862734099547,136.47728812701,132.25602625683675
355.394318092218,174.10893579533493,136.23394560937763,134.04259165631834
351.2666609879915,171.9944957630972,135.97668292434406,134.01518327405046
347.2199891251486,172.04356351705368,135.56640192884205,133.9170477661375
340.65453138622115,173.86386296121367,135.9658754611332,134.52026285967204
336.07710805630467,172.190807136415,136.60150408758383,133.60676549257823
329.67431662422706,172.37790184308682,136.6415379430392,133.23257607923463
326.15837973006137,169.9940722216897,135.1736091689557,133.7503340408214
315.1473398254215,177.0815815679174,131.7856415805146,136.51534694684668
311.17305507672796,174.46748663418776,127.0590662176515,137.5184885275559
304.66201008218195,179.35074149336253,123.41810967089316,136.08350207713153
299.6231789421184,180.36096873103588,121.23950434983628,134.06304760178486
285.026619584852,185.32860086324413,118.27866711627553,132.16627232439168
278.26378528811296,186.3804409064585,116.03434141263097,130.06259223796295
263.3419035622233,183.29260387429883,114.88636226466386,128.4903306523457
257.5535701477758,189.4387364601578,111.13820250268715,127.69168542378151
245.22748645565326,184.09052079651852,109.4784801846748,127.11159259294976
240.6921023954785,183.3600450053091,107.37952827114644,124.84930416407592
232.63642834977162,183.01872348629394,105.21808105532304,125.53194720210624
226.0577787992745,182.04620018782094,103.8540333333683,123.84665709331502
219.75023262652624,184.5290631666832,102.13960378707391,122.46331160853823
213.00229030023252,184.28893527139516,101.50176132190623,119.41013561967549
206.81787370299602,184.7564063081267,99.96632031060943,118.47519354621238
203.8392968467831,183.44192878043,99.04960346300084,117.66721332158856
200.70256485604256,183.1348945766657,98.50364066222429,118.28128172911723
198.91010585342298,183.08182388037426,98.6781765942975,118.38742312170004
204.07042340306572,181.4055406578903,98.6020354116267,118.32515826112976
203.6913123609719,179.91432204341248,99.36025749581437,117.89495102887744
210.31571072344627,177.8619774918423,99.78437177824719,118.58141238017237
212.84853027205347,175.51776362127492,101.59002191002371,119.83419550681167
221.04499603625698,175.0708934400753,102.6172663505869,120.72793586921091
227.20124334162927,172.7097366491269,104.36219261714464,121.93589423178214
230.8706948581707,170.5687268394533,107.7064753333688,122.65685193469366
229.36090537907143,174.46850806962016,110.72605429156735,122.10900638911878
235.36536036154635,174.55977748823705,113.37953729567793,121.92646755188497
241.36915164936892,173.04568629339,116.1919355569612,121.24965473234697
245.82441474047664,171.44911619250178,118.49848605957177,120.70376937251473
250.77474534503733,169.40972893854104,119.8985987409541,121.01561925026826
253.88275324418834,167.45551888824113,121.2704119377562,121.13012485331603
257.8008806186199,165.62477588716735,121.06881944534467,120.97427972723781
255.7176422482662,161.80637236648613,121.42359390956713,120.98768221563037
255.91984278850623,163.7959673479026,121.01919282908705,120.82599112116569
256.05724096536966,160.0874089123369,120.74439647536023,120.62593745190387
258.30450135723476,156.50849411597912,120.05098319808893,120.18155203170153
256.63134381092783,154.6447674518049,119.61410889922078,120.12581596856802
255.01913204662202,150.88224437195987,119.06310269015285,120.10000265289884
253.00283031996187,149.553119019696,119.32936687728562,118.99191409123897
250.71585219309267,146.20817837923752,120.15023303273783,118.17561517558363
252.36988246915806,142.21478920906947,120.59530323878941,118.6561319995551
250.24948366000731,138.22681576817774,121.0683926591609,119.09666248547852
250.02600014528463,134.23387017069314,121.51535968860625,119.51836370647584
255.7207084990659,132.02685337473258,121.51326527464391,120.13662320053024
256.0996367226131,128.05121781578492,120.75540882754947,120.47690508508578
261.75811082979715,126.26328998097487,120.83526094645273,120.25382731028205
264.17395195629075,124.60665193643264,119.80025448837127,119.77042760446082
266.4168546078128,120.99368262871187,119.08721582514829,119.45083294025999
267.0005955124106,117.09432739185371,117.91973401595276,119.73653618625612
269.13147929254603,113.25546234462718,117.4005575437252,119.92908410462242
269.28321884727393,109.27724444740929,117.09707843426939,120.41067661599804
269.49365837567024,105.97029500749368,116.67619937747682,119.54419829089701
272.18138071887427,102.44155453595383,115.02069240776152,119.16180380059114
270.9871511942113,101.29037096844556,113.72138228413276,117.776401762653
273.577403889374,99.75740390673636,112.18637146361868,117.19684131626018
272.20150190534736,98.35674473423724,111.32605682116215,116.38604105074862
274.2068738402437,98.62181329814791,110.90110889966779,115.85590392292728
274.3353993745545,99.03310432391663,110.64405783104614,115.03332187138984
278.2179052946788,99.34178584481296,109.98665885515479,114.41595882959719
277.1454249676921,103.35846617533093,108.59789212130374,113.45005294421019
289.7825343211187,101.95516999714707,104.303329264245,112.76003599227887
293.61184005171697,102.10771933070333,100.06238989102232,112.45493732516633
300.21241437990506,107.81109312033388,96.8971614080722,111.08410991933117
303.08798723529793,108.27774672986959,94.41940577608251,110.15080270025977
307.0086110148263,112.01862236574766,93.01654987035522,109.10744308183303
306.9861836923851,114.55865983956656,93.06140451523751,107.20790052703506
313.22249436554625,113.97207224568135,93.19630173045402,105.22919607442083
318.4453815961645,121.9684254162915,92.12065000957405,104.8533609671282
327.04849738001883,125.66388128643632,90.4160799597692,103.66311383400004
335.4947373160647,133.81820940200177,88.79652429831813,102.62738181350979
338.6292409344644,136.38642296792005,88.55268087439518,103.51611849454972
338.8038191995807,137.88569022076075,88.20352434416262,103.5399938334199
345.4538300352319,144.89650581395875,86.97217179018924,104.60419904368527
343.21680287866724,148.54910175374036,88.43247154474795,106.34027083983362
347.6353907690257,153.98361540935676,88.78742916383044,107.72742139500002
345.91882458592073,157.62804853887582,89.12943492073884,109.71193496386678
345.56035780851875,160.13896608256422,89.84636847554283,110.94442661398791
341.4789410244708,161.89265274151072,91.69381639780936,110.59474611900959
335.90788986381233,169.295709900558,93.289413691785,111.6994735131505
333.78122582720323,176.1737764911462,94.31782669588648,110.84300060844092
328.92452533700475,178.8191288838217,94.34645394645398,112.00881164297631
323.6760642519219,188.0856069549868,95.10324023736094,112.9561272591634
317.42549947450414,191.30530745344043,94.51033564162373,113.06374333754249
311.5550421666685,194.28171758159615,93.18878206547691,113.64215717714012
303.6326785189489,197.6428999663105,92.7675285002393,113.42618475198213
296.365967146859,206.34549573549464,94.32867877022056,112.23633380636207
289.8101449207746,204.120776481724,94.44058377530746,113.43583745213284
286.808950433783,207.40087535555867,93.90252108835087,113.41609136540315
285.7006940603922,216.1766855079469,92.85779132646255,112.17068360397647
284.57819274583807,218.21968765536292,91.87758216533305,111.30989109938231
285.1101383008913,222.00847518849565,90.81369105522651,110.12460055366203
287.0036104929134,222.86861373661327,90.18747385792388,108.40432345742684
287.20625373004884,227.19701883413865,89.78218738365311,105.99579068356036
289.1556301346874,228.19028256313555,88.96390799602413,104.00926322556654
295.9200609663425,230.55955726151961,87.58159670211549,102.30735142114884
296.55408202549575,232.89368417638957,86.31355458380892,100.62722590535326
299.99569509913005,234.76071442951238,85.31391061624979,99.83495648896242
300.12437984667866,235.20879307480953,85.0565411211526,98.93879919836807
300.3398110991224,235.51187088833885,84.6256786162651,98.33264357130948
300.67701232484274,235.91507784835616,83.95127616482442,97.52622965127482
299.55562160427235,236.12918952385292,83.33814372401639,97.0980063002813
299.7979822125369,236.58321783167182,82.8534225074873,96.18994968464352
300.19811598816324,238.16020989380763,82.0531549562346,95.85359002042732
300.48789978511246,238.7157615376987,81.47358736233613,94.74248673264513
300.5458020962931,239.23756444219205,81.357782739975,93.69888092365846
302.09589399960066,239.63393306169178,81.01268361728266,92.90614368465903
301.393364772821,240.09682097173294,79.68046442350862,91.9803678645767
301.69811645579887,240.26840354186172,79.07096105755285,91.63720272431915
301.9869093245494,241.8296235114207,78.49337532005171,91.20125877979439
301.99327190590515,241.55201006055597,78.48065015734032,91.7564856815238
302.12882717425117,240.30383818806743,78.20953962064826,91.57396843192492
303.31941252185396,241.54933321405423,78.5000533388567,91.75466279336536
302.2573948005287,240.41238725078142,77.94494420523559,91.34941014363935
302.36374004792606,241.90035822908698,77.73225371044093,91.03743093044774
302.2527401775695,241.67469855864115,77.954253451154,91.48875027133937
302.1732323360684,241.21309349609288,78.11326913415617,92.4119603964359
302.07659444418664,240.9738345494419,78.30654491791972,92.8904782897379
301.92299828723543,240.85697136914396,78.61373723182211,93.12420465033374
300.28301194866293,239.22827008975904,79.19158988853702,93.67948718867348
302.79924139486127,239.65804555400396,79.59910693436683,92.81993626018362
301.84940019747256,239.8640609584524,78.78552511709567,92.40790545128677
303.3869481791939,241.37634732946708,78.40425403776075,92.0771575933652
302.38477618829876,240.19878257286135,77.72601089086764,91.74969997789327
303.6185514061582,241.4900416305581,77.9250840081055,91.83380541545651
302.5412439079291,241.43831785089776,77.40857486173957,91.93725297477717
301.18022657621304,240.16616567382346,77.46620088224425,91.81714868599839
305.1947020259096,241.58253983998128,77.42770068408305,91.64788392076002
303.96924924522006,240.32632782397664,77.21835397721136,91.5000556845186
302.83063736952363,241.37600548284934,76.84097572909934,92.05530236627806
302.433014874035,241.16895500313794,77.63622072007657,92.46940332570085
302.273131707384,239.5045137100243,77.95598705337862,93.12200456156248
302.3618183761803,241.35340258795668,77.77861371578608,92.11572052335703
300.92328586452686,240.00128675461806,77.98256013716113,92.14683358810254
304.72126521298884,241.65941093952398,78.41724344421061,91.50746588628178
303.72345610637115,240.7952348815238,77.73886778052614,90.56182412536228
302.5838504967176,240.71812957571984,77.36959831118845,90.71603473697022
302.63051771336103,241.84530132531233,77.27626387790164,91.10662215255368
302.5319238837272,240.1104396679391,77.47345153716934,91.92688359034352
302.5368358170539,240.04878005233132,77.46362767051593,92.05020282155905
302.28569821434996,241.49193405445268,77.9659028759238,91.83093201314153
302.2293307624237,241.10512351035283,78.07863777977636,92.60455310134125
302.1243602353777,240.84148506111114,78.28857883386837,93.13182999982459
301.986916784237,240.49213509358952,78.56346573614968,93.83052993486788
303.1595865772521,240.4881712234988,78.9303294255042,93.83845767504931
301.88714465855344,239.35612718730195,78.75697845383755,93.38431093837899
303.15344475351924,241.20568443754274,78.93281690149927,92.39363507549066
302.014628012049,240.40540066506077,78.51447870206215,91.29823093807704
301.8637504972151,241.3902338003321,78.81623373172992,92.00088544745606
300.40158496651065,239.57110992090733,79.0525354493202,92.95110386248706
302.89416709665267,239.64133488255283,79.48038535046999,92.81065393919607
301.8460185999949,239.86277444921618,78.86546864950792,92.36777480586939
303.1123073342034,241.2646879479285,79.02738100821009,92.25843763556395
302.0174058945629,241.4882501173997,78.52178206014258,91.81131329662155
301.87667633641064,241.09504539182336,78.80324117644702,92.59772274777427
301.9951530005366,241.0933688480523,78.56628784819505,92.60107583531632
301.9033015154455,239.46981688842524,78.74999081837736,93.15489697970708
301.8827703744183,239.73759246168103,78.79105310043167,92.6193458331955
301.735003429015,241.21548786360464,79.08658699123825,92.36073447671943
301.6688857835989,239.46630775280812,79.2188222820705,93.16116074549197
301.5707034784905,241.1394762053933,79.41518689228732,92.52724849896755
301.3918435012887,239.40831908143176,79.77290684669097,93.28377689236464
302.70806976436677,241.08744131259348,79.86367921819598,92.6487573277024
301.5182608486796,240.07329833370096,79.52843159426088,91.96217783017792
302.8943767728881,241.46205823163484,79.47506408309178,91.88352237155809
301.82679108140763,240.37694546163382,78.91344437790838,91.35695682341584
303.18049006271247,241.80792402139497,78.88567933437673,91.17463262297156
301.99401278615153,240.11412873431075,78.58226739669337,91.88585670633479
303.22089520443063,241.50477266034855,78.81099540493067,91.7870616990546
302.11623286098114,240.12746713764471,78.33568010890062,91.85703276153332
302.2399799473827,240.2909890033916,78.08818593609749,91.5299890300396
303.3671549634136,241.77871410822547,78.50289053601544,91.22359345235155
302.40956441703514,240.55325375880986,77.7470910332274,91.00353355563784
303.60560008319453,241.93821995258313,78.01045910301593,90.88904057019859
302.59016573036894,240.3789845431735,77.38342692507452,91.34961050542532
303.8306632950643,241.76152365427353,77.55736843072262,91.239468918264
302.82498416738866,240.32899632434527,76.912692791897,91.44848968394366
302.7447323208888,240.24094121855742,77.07319648489684,91.62459989551935
303.8525065358909,241.674416683788,77.51183432099162,91.41183523115723
302.7119483188867,240.2057727531032,77.13498795815079,91.69116029567762
302.51802063836107,241.21061416016795,77.52284331920205,92.33768529801763
302.33445834287267,240.7681199702456,77.88996791017883,93.22267367786233
300.7094134707067,239.20196048895411,78.44807627392652,93.66301125986105
301.82341153938285,241.06625499203884,78.92784197631735,92.64218409343476
301.7737881274993,240.8373753625189,79.02708880008441,93.09994335247461
301.59869069075035,240.85049736101635,79.37728367358243,93.07369935547973
302.7957881229615,240.72906308964244,79.69671014227788,93.31656789822758
301.7211184008821,239.77321390566357,79.1235424335818,92.50575911333047
301.92286562192766,240.0647930861698,78.72004799149067,91.92260075231796
303.1211280355943,241.63090593636883,79.00879743842948,91.4756493261921
302.00445943878856,240.5028537022606,78.55913538448223,91.04875454684974
301.74616786257604,241.66903110754672,79.07571853690732,91.38557905616955
301.77761791255784,241.22786689410037,79.01281843694373,92.26790748306222
301.73944188479544,240.68921700672752,79.0891704924685,93.34520725780791
301.5671079709736,240.5509054034074,79.43383832011213,93.62183046444821
302.8324740878797,240.50244829673625,79.62610147364849,93.71874467779051
301.6475005193196,239.79170509014142,79.26846477720193,92.41264725741325
301.6732210139721,241.29308654929673,79.2170237878968,92.11154218860204
301.643791320844,240.76791609563628,79.27588317415302,93.16188309592292
302.9651310172493,240.6028510034015,79.34655706934896,93.49201328039246
301.76454724395603,239.60420496651966,79.0281372435759,92.76971798179662
301.72393687292424,241.29769540939904,79.1093579856395,92.08605059064841
301.58741339152505,241.06965307946385,79.3824049484378,92.54213525051881
301.7560674926891,239.58872069618417,79.04509674610978,92.798510531263
303.1806644744177,241.20584089837922,78.89993362884125,92.26830097306163
301.99671246877085,240.28735603189466,78.57433094924887,91.41176401514464
302.23226286426586,242.95921423597716,78.10323015825884,91.4181221135107
303.23869747011355,241.43462244643757,78.75792907494129,91.79973756421201
302.1825537562979,240.3774643828438,78.18623280647294,91.23006999529994
303.3038531766106,241.60233092106958,78.60962957289888,91.44633252589966
302.15586071795354,240.24612348021265,78.22947596505523,91.48260888245578
301.9533696988921,241.48839840914613,78.63445800317811,91.66865217845549
300.51572668465064,241.1539391770153,78.82976973948394,92.33757064271713
303.2158491844569,241.20903415948072,78.81642367466019,92.22738067778633
302.00835083187854,239.78161068693805,78.53988785337042,92.39069509642512
301.95504353046385,241.2698682029445,78.64650245619978,92.10378999990803
301.76399443420786,239.71195337499853,79.02860064871172,92.53272728820556
303.19370391057214,241.27100463650612,78.86884165598933,92.11428472519648
302.00300455610846,240.17410644214672,78.55961329907214,91.61745404807077
301.9981323703645,242.83365252409249,78.56935767056007,91.65432341901757
300.3309515525614,241.4016189990292,79.225012129881,91.83968329285884
304.42149389536314,239.84261977091415,79.12022871143921,92.26558132670164
302.0982134804376,239.80747651494298,78.37278223384754,92.33586783864399
303.3425898408826,241.26671945412778,78.57010552545002,92.1034579727668
302.3159385770157,241.32720895715332,77.93774865309071,91.98247896671573
300.77947876523973,239.59430597297708,78.33704532421856,92.7746619826442
304.47892975670294,242.51357169184564,79.01496383206984,92.32067753875889
303.2746401831643,239.74883992498945,78.72737873516742,92.45781258451191
302.29047743298366,239.7894349125827,78.00204322019947,92.37662260932541
303.57703574035435,241.13422946224142,78.10966681417585,92.36777371872576
302.51499451499177,241.26550249785862,77.55141362164628,92.10522764749133
302.32678820654627,240.17194961855802,77.92782623853722,91.62303405177158
301.7691324123339,236.76148966182942,79.0431378269621,93.1081263207422
300.60481101637254,235.25326511905257,78.66300009722562,93.41579488463688
299.19828309554197,231.7363675710294,78.76864456079147,95.03476722449258
297.64702982000324,228.18697457548294,79.13708787063351,96.66542673311467
297.3454747124423,224.60390117256128,79.74019808575537,98.30137128825734
297.1147764453528,219.4604833579911,80.20159461993443,100.18822935206211
300.8918660811643,213.61114783954204,81.1566816837319,100.54121194173291
300.7715616586487,210.46353802582337,81.39729052876321,101.12181098841256
306.47779324552425,203.71581534466935,81.46529711481796,100.26666915096317
310.4456186406197,200.66141469647903,82.10391385071296,100.65929209661988
311.07397306358985,196.03045481325495,83.72165493132047,101.29786208342465
318.10358153726963,187.24648976702363,84.21446077038316,101.40336483218061
325.3703808719999,181.23311367916392,84.28076361715448,101.75019579491465
333.0899737205218,176.6301948271795,83.47352954231971,102.17686252555797
338.8201494341705,171.06415603197237,83.69284483986056,101.62927339113402
346.37349174468517,164.59288731389984,83.16135656160256,102.91165375306197
352.0965536427659,160.0758921034497,83.41984893752146,103.167182044902
357.66978899251546,154.9046162331897,84.0104241818753,104.70694932753227
366.1614305920454,148.63413515527532,84.8318752743844,105.378088622315
372.5246071453081,143.7798936059851,87.06082450248937,106.11339032011723
380.9197879182911,139.4461601772056,88.50093666397095,105.66562032395244
388.51916723522714,134.8565328656914,88.5759410633357,105.68061712703872
392.43708435964345,133.6634466098124,89.90868339486688,105.01059744534213
399.92082707514015,131.9819959716168,90.27765214270869,105.30620788596626
406.50891585632104,131.72235378930316,92.49040831909657,105.82549225059357
413.8938179127025,131.5019762146695,93.32720143345995,106.26624739986092
417.8497186310275,129.4659806196107,94.84005690983292,107.19668628563755
424.2758028541373,130.50603615249432,94.7086603812982,108.29676819929148
429.24397522196284,129.92673906452146,94.35775063312006,109.45536237523721
430.54024887542187,136.35473933181146,94.97265638359839,109.42917407024287
437.1777880073353,134.59878359067352,94.56523065948201,109.72417241759108
442.15592895294685,137.80906493036105,94.25377156867967,109.73349160516318
445.72783928950736,138.03977030703714,93.5301201578419,109.27208085181101
449.27140020289613,143.07595747567606,92.82565668289321,108.77369404227642
452.41276742913504,145.40907170088877,92.88753916458265,107.27977405893465
457.29214184023147,149.5861306095515,92.57940070525564,105.22606315018649
457.8293590065293,155.4102485584364,91.50496637266008,102.9181910814395
464.1407017650738,155.96280782431307,91.1241322305032,101.81307254968613
467.59858846934895,164.59233643473075,90.28278931472335,99.74009156077716
469.7914997073759,168.08677229995578,88.88852646657645,98.73433908614133
471.5015631284855,170.16721531834884,88.4220731687678,97.52712659376584
474.2439691525406,175.45323331062633,88.79217332475686,95.73745891535962
474.14874263987394,176.47851696733593,88.98262635009019,93.68689160194045
475.5289057643571,181.53621468586778,89.09874693230383,92.20083665841663
476.69168348439274,180.86374290944235,89.62819855931487,90.69077314418496
476.5424412490181,184.58621443198422,89.92668303006417,88.92514313897621
474.7403440364204,188.26495805333704,90.71432430390561,87.20076219897847
475.85252634830573,192.85843665990294,88.48995968013499,86.41883236359202
475.40041880792046,191.50636959729127,86.63975387205957,86.36854559996937
472.79651274295054,189.82641698320623,86.39848737747431,87.00391151587698
471.8864865059288,192.83989731897444,85.48779757328363,86.4384354008087
470.83336528159873,191.30275289800522,84.88655063732332,86.80523485812674
468.40595624932587,191.13112297527164,84.33383782713922,87.14849470359388
464.40704706950027,190.68337352207752,84.23040149833501,88.04399360998212
462.01255493746777,189.38720598499307,83.59375293635924,87.9235122711306
461.27795695780117,187.52612423045207,82.36210476689351,88.94483165141361
460.6609151481241,186.21224591716626,80.8989393374109,88.8753392291485
461.4990472634463,186.6128830967856,79.22267510676642,88.07406486990982
460.63529043248724,184.79053401624336,78.31651647405373,89.0850907363635
459.40709718290213,184.1304560095926,78.1380211623476,87.77036493878873
459.4544124267236,184.4748368964619,78.04339067470471,87.08160316505007
460.99529957110394,184.9934453878378,77.56103596514951,86.0443861822983
464.1574974523171,183.12056482051094,76.38783477089294,84.63895274878216
466.2517353941763,180.58852821169558,74.73438140305842,84.63298093464513
467.6309575023609,179.2044126228871,74.48444886029515,84.8927004386561
473.2972835333439,177.8945171497963,73.18594871928114,85.00395340459974
471.6833267574599,177.21191669486078,73.9244213010115,83.87971334443324
474.3608397253331,176.07095120749622,73.53713110345278,83.67777645006852
474.4014367543617,175.8625802859783,73.45593704539557,84.09451829310433
473.7528534720614,174.7270291811186,74.75310360999617,83.8859254859552
473.4957281157474,174.5161803694914,75.26735432262419,84.30762310920969
473.3172928263556,173.59499401236457,75.62422490140779,83.63801242615247
470.81499482165754,172.16722566180488,75.61427525920547,83.98627630147254
469.97233395273645,171.50451142799156,74.78706712394688,85.31170476909921
467.8766707255643,170.2879859255208,73.93863721885654,85.22487759432343
465.85469934241155,168.79336412610627,72.9727076911075,85.70918504612526
462.1295167774905,166.60508716516554,72.93233002602906,87.58882470303315
459.8176106372492,164.6569078431009,72.50562924162321,88.95992681471819
458.78614843582807,161.36139557979817,72.02909189599234,90.47202784437746
459.60738861436295,159.20431083911777,72.941560561889,92.23124830277182
459.44618758905665,157.3778042462923,73.2639626125016,93.28755321409216
459.13016440460655,156.89557065244372,73.89600898140178,94.25202040178928
459.9969398877638,156.72607787783852,74.80560304189987,94.59100595099969
459.3011022287491,156.3606198518923,76.19727835992931,95.32192200289218
462.8103181977717,157.37290285949368,77.26951286320121,95.99424480146178
463.52127554063486,157.19035849173562,78.57217492458165,96.3593335369779
464.86718665613535,156.64752997917435,78.63161703748719,97.44499056210043
467.5180112545571,154.5560710755103,78.86776807489689,98.85900825230198
467.0313118173309,154.11271539044643,79.84116694934926,99.74571962242969
466.5224135207488,153.7769404871457,80.85896354251354,100.41726942903114
471.3570090514641,151.7586128848081,82.59212000926607,101.6033377516606
470.5124234010782,149.63471027602134,84.28129131003783,102.95429225193698
473.86450041578735,150.49158392774342,86.41190845039841,104.18546867175243
473.2145524665531,149.63596244309917,87.71180434886693,105.89671164104091
472.95649924371264,148.14211162617258,88.22791079454778,105.83882440419119
470.2884791346621,146.82452774142538,87.45790799645992,105.42097066559114
466.19588890830823,145.0555882104032,86.54058531210448,105.92468201528109
456.9823077995504,147.98319259708381,86.80512586374978,106.12368046387664
452.18011100804665,149.16880251439602,87.30620363618866,106.78689923277514
442.3026454814469,150.8652284316645,88.74473678355895,106.44678038254298
437.6615307671484,149.5491897999487,88.81480537618751,106.00813736731843
431.8670816554934,153.06998171093397,88.14334554593887,105.0967325721273
429.11968210805935,153.52979910483114,87.55770153079658,104.17709778433293
422.8501916686573,154.4958854902497,88.03024805186415,102.24492501349587
413.8309391448196,155.42849098256116,91.096911626105,100.37971402887293
399.50920952554924,152.65975222258913,95.62441955603472,99.88820372166427
390.3092287626201,151.74441544813217,98.63060157526256,98.64012136925203
372.73255468352943,152.56906388784253,99.61106860339675,100.09745004710827
368.55668061210974,153.87466484364003,95.3827619065302,103.7762755553663
368.4466320754239,154.2432411220124,92.46719260659873,106.17478937192465
369.50125127839175,154.8863449483597,90.35795420066299,108.01493931815267
368.82862867240124,154.15854552665076,88.5823121341266,109.47053816157052
369.62259722408265,153.48411840525904,86.9943750307638,110.81939240435398
370.39914010317364,154.87983067972314,88.55081291162078,111.13749149446477
381.65891260663625,158.46666053047082,94.28824931435956,110.24316099511697
388.45226911136797,159.0092858466566,100.01263329275028,109.15791036274538
396.18295936639373,160.74010392782424,104.31067548005835,108.98951131663671
395.22488286455393,164.14123134019175,106.2268284837379,108.90496853486154
392.6159520408251,167.17156903093885,108.05685344595017,109.61996652385817
391.7254780892377,168.5222133447138,109.83780134912502,110.34663721753034
391.018238140508,169.7417994675829,111.25228124658437,111.37493413052668
384.28354350731735,177.8210283591926,114.20384971310398,112.74617768041016
380.6651120459255,182.78979517679818,114.29271713716193,113.53063729328747
375.4619452354355,183.47864221759315,113.93575772911326,112.1529432116975
367.6954352227648,182.44080486614808,111.66665620769746,114.2286179145876
349.704015216528,182.69995485797062,108.51866058532511,117.26766662501944
342.36148217193283,181.4924359401723,105.42861279482852,119.68270446061607
329.1896558638008,180.3272965549276,103.42600178993311,122.01298323110544
322.0541632924347,179.6577286461893,103.50817771938522,123.35211904858208
309.92172604861827,181.04871797098872,102.78876034167368,124.13932495117531
297.4974044932653,182.78344421286056,102.64940426009206,124.23958663775838
290.3929029676603,183.6187058700015,102.58237348423859,122.56906332347654
281.82115087982015,182.41772964535056,102.01488945506816,121.42881813180824
276.90967781012563,181.23075056939754,101.29140597056195,120.28729974241588
270.4800035484426,179.73266459036637,100.20586958717384,119.79725047378966
264.18550159683116,177.81390647296098,98.95015322812273,120.17358664303198
261.31209913660285,176.0901726455403,97.80352075901455,120.17433560309094
256.5474275803008,174.2780880875962,97.0482647767679,120.37030502069551
253.60744064736843,171.7638294719417,96.09026600614084,121.97983593375865
253.921974861988,170.3375186544685,95.46119757690171,124.83245756870502
256.8258032279296,164.73010517704057,96.57648917714619,125.66286202536932
263.29904452163913,159.98667311406768,97.5993289674118,128.16506496247283
268.25839141918317,155.50527909818754,98.32220312396439,130.03347435980598
276.4133821427585,148.9351955372863,99.94958803587578,128.8237483943589
281.0054632763623,144.02922749251945,101.55207200460502,127.84903824795566
287.9448367003462,136.43188930196766,102.1000330205186,128.6170067651781
295.2993545486266,128.39729621338205,101.9003368973514,130.17685336895565
302.31839103890115,122.17557572397517,102.45414644131726,131.67638245438312
305.7925923535107,112.40385333491997,102.86556032931142,132.82028593946035
306.7292898643833,106.7524080676752,104.69625151481725,133.01091785219663
308.2622773109034,98.85948595318774,105.36705149617181,133.84966258359242
305.93657439252314,91.27947454783191,106.25794672694553,133.96764297035668
305.6419491135517,85.99821104642751,106.84719728488844,133.19982088298218
304.0696982522213,80.58921988827528,106.2171302218563,132.6940968422081
301.01831351650833,75.17330214069804,104.80669775685774,132.25612943272563
297.7971806314916,69.76460958049479,103.79494152494541,131.89248155021343
294.5286829332154,64.56788372832332,102.92191035432056,131.17089340379044
289.5656873282573,59.539831223709015,101.80854883311811,130.18764568190045
282.7252729040409,53.27614139458544,100.90280437029756,128.12845202889415
278.3164834441337,50.58533115012903,98.91913845772734,126.30924262955064
275.58865048565576,47.984424587240184,97.294123099969,124.43037448061398
273.0027364844495,45.43975530688924,95.4955899428617,122.54935188179607
270.48672198223113,45.300464415278974,93.67328972052191,119.40076905162836
268.06265216379535,46.38046894991921,91.82267664959456,117.24075998234788
265.420780460398,46.80810550829402,90.53392287606667,116.38548686559827
264.16997413624955,50.728423853233835,89.78332618407332,115.04926885629928
266.661329758839,51.37081263960439,88.0201843414311,113.76449128355817
269.17082617854396,55.26768218364571,86.17243071297271,112.31323061737872
271.28004199384515,57.76046641596946,85.07297305002524,110.44663612038607
276.75819042352083,58.419285990265166,83.33435642150889,109.12899697179466
280.4224901306648,64.8095745065112,82.05396899743913,108.44484391973907
287.1782753786488,67.68387530306322,80.51350110423706,108.68179362801801
292.01772250791674,73.48286841673936,79.74816611276097,108.96855309007871
299.7377042637803,82.51961319573138,79.12318830995814,108.67304638280378
307.3350096458784,88.49088590837655,78.66984694421875,108.52351647627893
314.16517586289933,94.48386725171319,79.70221372470536,108.29171316122844
319.16137986273736,101.60823913854696,81.51765859941233,108.80278548053968
328.9378069073878,109.69424571110164,82.8910400261764,110.56754563491461
335.6512354109489,121.12269663163973,84.65812160944202,112.02094553845885
341.4413895240601,125.70808536053995,85.43703455619534,112.11958396039026
346.5296007614079,137.05039444086393,87.67671452398291,114.26717068470849
351.7417287414067,144.8810472058288,89.94573452972904,117.64577910339435
355.58854517290433,151.34266516885128,92.03772266181431,121.03191150248367
352.988260836968,154.62023155317831,93.89063973576074,124.5197335276086
352.49434064032937,159.6105821131422,94.8784801290379,128.26330310361234
348.228479681153,164.01746058018148,96.40180650292984,129.96213948622503
343.09625677419376,167.27989198030463,96.00131659311535,130.547233835134
338.13456068807244,174.46642449464832,95.25278224748685,130.4034041636082
331.257093374177,170.35736951618026,94.83633321085011,131.5358222883306
326.588010773241,173.708275678637,93.51494499924095,131.9403789057379
318.2683360804456,174.97809238906183,92.46648309738154,129.4007454848882
309.4744873279287,174.75714323522354,92.64494151204833,126.3607959744914
301.0349579410083,172.88757253811752,92.33061795599178,123.22258443674447
296.4437588479245,169.36255319936464,91.35557926290757,120.11518623499845
290.51577689030813,165.5927526539498,89.9213830017006,117.68716719349835
286.36600249342183,163.970981825267,88.43460807895963,114.40649303985492
286.3830446448323,159.0202832399188,88.40052377613873,111.55670957870647
284.03154296753075,160.44644849126564,89.95987752986102,108.70437907601278
290.53279303795176,160.43111170502834,89.45772757858455,105.60996510109602
295.9912928732827,159.5896311790198,87.74862265300926,104.22362790475093
296.53763312486984,160.38302373423602,86.65594214983506,102.63684279431845
303.3593506919011,158.2688597883613,84.92583380725347,103.88683898819761
306.7740922752952,155.28923991732745,84.03570525749495,103.90672411323577
308.211823204986,152.29056799402127,84.11582807608917,103.99289860389618
309.3530528252771,150.76654170764573,84.79157351187804,104.08274650027624
310.9007359114252,149.08156672944688,84.66672489725015,104.48217889900562
310.78244119066983,145.47508862725223,84.9033143387609,105.74586772139382
309.1535362050198,143.44592580601875,85.16326376257149,106.80633281637142
307.85483051055434,141.97797939155447,84.74233904029904,106.72388953409654
305.1091265728795,139.88289481302937,84.21325824111477,107.9038143538798
300.7854969668897,138.1636000634603,83.80138885497895,108.3226943203128
297.735948126971,136.27604792390758,83.86166860849048,109.07838963625528
294.76720540982603,133.83614689655028,83.73529110741153,110.92626022328547
291.88097258216635,135.50653335626774,83.39165580537565,110.64353778252814
287.1310074977043,134.56269825118443,83.74720009527246,109.48307936635231
284.21456643494605,134.99718754457606,83.50759904467256,108.61410077956907
282.33576275536905,133.94555424274563,84.24613324112626,107.69829422052968
282.20445241751906,132.86647326100652,84.50875391682625,106.83935518325563
284.8430740732774,133.08032659514646,85.24795405919377,106.41164851497578
289.39197733172375,131.7939412784209,85.19112040238954,105.97076152839735
290.6523696634519,130.1868208074626,85.67630936178628,106.17902884746098
293.8209852628457,131.20117192886127,85.37313369796668,107.16735437214761
292.1191684913631,128.97231441141628,85.74949366940736,108.59779583551315
292.1845174606954,128.42417883517243,85.61879573074273,109.6940669880009
290.45731861493005,127.95917718636022,86.00324768207605,110.6240702856253
288.7602533788229,127.66092025793746,86.30695964287939,111.22058414247081
287.1660085766981,127.56188023169645,86.39097103744265,111.41866419495283
288.2129474042329,126.02795233406323,87.40596602015566,111.37764735243674
291.2632322815701,126.3629919036388,87.5549060514712,110.70756821328557
291.31331999622614,125.14583162765163,87.4547306221591,110.02497189904534
292.9441739214879,123.85885753959867,87.29785726997588,109.49408557681093
294.55121648068217,125.77240952185147,87.17792575220622,108.76113521292416
294.7777951180452,124.59202495219253,86.72476847748007,108.04093341910823
293.43694211048967,124.82371908759649,86.34389395172349,107.5775451483003
294.97847761504164,125.37213046397451,86.31012366091002,106.48072239554425
296.72756851247357,124.16293295552077,85.84386113540468,105.86719814309318
296.9634271753621,125.63121045996817,85.37214380962772,105.94559530168785
298.40651681973054,123.90872922172696,85.49448407779221,106.38203822126881
296.350786266447,122.69147105989566,86.58874698324215,105.79935634381432
297.5583482578797,125.62149207174059,87.19957848218931,105.99122528374936
295.58170466874714,124.08950026449116,88.11409108037039,106.0164343181642
297.0931819178202,122.39393947383198,88.14505863960945,106.35363384209744
296.95876373787564,125.34906523110706,88.41389499949858,106.56261049682477
296.86169748754907,125.2092556501188,88.60802750015174,106.8422296588013
298.4596083548084,126.80078331165063,88.48681206828023,106.73378063838481
296.9977206008799,125.16355344875487,88.33960668382355,106.9372594718627
298.52450114871823,125.40693547209929,88.35778325100125,106.45049542517387
298.25764144310847,128.40709687649817,88.89150266222079,106.57924730856047
298.2141515319469,126.81717826371516,88.97848248454387,106.68395726571949
299.52591118012936,125.50545376662456,89.43310596485718,106.2292634832225
297.76194257171187,127.27266603184074,89.8825855717164,105.77329656276594
300.6740936008958,125.70637695846615,90.21559027851843,105.82722132693019
300.83027808739786,126.00705443417115,89.90322130551434,105.22586637552018
299.3181831751,124.74189631827625,89.85688157067366,104.68565304787354
297.596090662862,126.49553679083792,90.23963045169594,104.23980824620389
297.25294436068253,125.15274327571115,90.9259230560549,103.86471153882188
298.45876381788094,125.58301922075748,91.58016089858734,103.00415964872924
298.5522889773481,124.39762273590314,91.39311057965297,102.31195317039695
298.58576066638716,123.66995483158627,91.32616720157488,100.71802734488175
298.8186232157126,122.97047342627063,90.86044210292408,99.09357641187793
299.2928574445542,123.06556706392118,89.91197364524076,98.90338913657685
298.0005396032768,121.74146304403413,89.52398202658013,98.57896987513548
296.31742122774824,125.04651016509774,89.92882574845368,97.89166169137563
296.00354743351505,124.36229905552771,90.55657333691998,99.2600839105157
296.1005827050695,123.75792075566682,90.36250279381115,100.46884051023751
294.54289676426026,121.92398479117499,90.47371045159099,101.13254821538263
293.61413737063106,122.78861881192708,89.31497527110224,102.4195341416256
295.7880028552552,120.95170121009627,87.98492176420363,103.07569188293776
293.14757227665393,120.51556089515904,87.25282027717195,103.94797251281221
293.0869755937618,118.72718268471911,87.37401364295626,104.516563835171
290.14729327065885,119.63939116313368,87.21561283648062,105.71102960468258
290.0996905287312,119.04127465862048,87.31081832033603,106.90726261370898
290.11342230980114,117.1044668065449,87.28335475819607,107.72622059605635
290.13173159128803,116.27558651062765,87.24673619522231,109.38398118789088
288.4467029719095,114.20817697950768,87.5251566472814,110.42716346343272
289.82903021555995,115.47221906145933,87.87264133894482,111.01121847849379
288.2033403634563,114.04788967118918,87.99729544201952,110.73315165790142
289.9279504676287,112.81432100433327,87.67256408899127,110.0758001362966
290.4702255756483,113.57441804739227,86.58801387295199,108.5556060501786
294.17410923348035,111.92299210550011,85.31675866310081,108.7902018810565
294.51562535684224,110.57218858755911,84.63372641637707,108.44059940739072
294.65529474924676,109.08040586396267,84.35438763156804,108.38940830990234
296.12564051649895,108.88296127125345,84.44312581799207,108.78429749532077
296.2477803039255,107.43689136077361,84.198846243139,108.6395277838974
300.8396302342279,107.75208847325119,84.10730910011188,108.00913355894224
299.2397667766059,106.51703323532519,84.2874396451991,107.45964766463743
305.21700754719024,106.87513416709595,84.3894449395284,106.7434458010959
305.4413232108173,106.51539436523481,83.94081361227424,107.46292540481818
311.5943430631834,105.32491241217953,83.66891944983396,106.83535292535575
314.2662961472882,104.36844606048383,84.31404633923681,105.75376909994091
320.4316408851026,105.85963011005225,83.9370748812279,105.75983050520902
320.2018139800691,105.77529826843947,84.39672869129485,105.9284941884346
326.18305400085274,108.66475045834781,84.4040432312551,106.13448709938167
332.05264511632436,110.42067964550078,84.64775802229283,105.61835298057096
337.79783570952486,111.75329785278663,85.12443046255373,105.94487997266476
340.47492658047787,113.12678344944555,85.77924097874131,106.20240490839372
346.4345080557031,112.88685625326897,85.93629059037409,106.68225930074688
347.79190102958535,113.82114925274735,86.25046592904567,107.84263458822625
353.81689497418074,117.21848154025498,86.40788663170862,110.20352645710128
358.41932668007325,115.96878853550791,86.47472817647139,112.70291246659542
361.5588419312499,113.56977122571665,86.45539682520044,114.37109751063676
366.07057125126636,112.51747053568744,86.89686059348637,116.47569889069517
368.8847767762827,114.76590487257161,87.65692504934503,118.36730572281817
371.8853579152506,113.95094984944234,88.12666718469116,119.9972157690767
374.71754619976457,115.06712818391259,88.99813104990696,121.03277931725809
375.77505424199194,113.34142598651673,90.18105614971736,121.18624252778471
380.2131817807977,118.2127581885528,91.26376257056464,121.40253962217136
380.1653383806888,114.68628543617706,91.35944937078233,121.77417088938182
379.61313793487426,112.67428016159606,92.46385026241146,122.45030119426067
379.13701522815506,115.92078467665266,93.41609567584987,122.70974953256814
377.25942719506196,114.30076447298282,93.77553997758112,122.55405817545285
377.1943054684226,114.14969059549928,93.90578343085984,122.85620593041992
375.5675131488507,114.32788595538781,93.75341331145842,122.49981521064285
375.61713304253436,114.70782648817811,93.65417352409108,121.73993414506226
374.0676588480913,115.39790609397197,93.36830539527679,120.35977493347454
374.6504756129326,115.72136637993759,92.20267186559425,119.71285436154328
375.030935653855,116.1615774991757,91.44175178374938,118.83243212306706
375.39615303602204,116.84035166223288,90.71131701941528,117.47488379695272
375.62822308386166,119.02122841736102,90.2471769237361,116.3848732603053
382.19558113604063,119.69419999470561,90.10259333103782,115.03893010561612
380.49016686805146,121.90622152753068,90.28881910527315,113.83948980170898
385.86016904073784,123.68203355920242,89.17661272145074,113.49713172554888
387.4069492267506,124.18551309780611,89.2690147543214,112.49017264834151
390.59838630832155,127.5564953411475,89.2302298827621,112.09229745324131
392.16755399398494,127.69574337928685,89.25721325137532,111.81380137696262
396.6723691183371,130.9067671788821,89.73204565592786,111.71472887994334
402.9972990665428,130.62102787810505,89.75284378603075,112.2862074814974
402.29751829743594,133.4210267432502,91.15240532424441,113.03974247962233
404.9373057236945,135.0389614791031,92.29483595851917,113.01487575131239
407.6430523776012,140.1823237543421,93.34155239841341,112.41546582239584
411.50612243466384,141.98342574690355,95.32576870897749,112.05004731216943
411.1744412100208,141.65872377973588,95.98913115826365,112.69945124650474
414.0329675034716,147.43061510935235,96.83967730055075,114.29086604564924
413.8016248639725,146.87741860168958,97.30236257954893,115.39725906097476
411.7075316164348,149.32283457988856,98.14398037890338,117.19956449601881
411.3784643475391,150.2257306978296,98.80211491669473,118.78168824247759
407.21438186357614,151.70299281096754,100.2844734335665,119.25006724172874
404.899062270146,153.19212079836586,101.46110253702467,119.72582135033423
400.6072900025037,152.86082256241832,103.08407021638718,120.38841782222933
396.55191265675234,154.16184604233072,104.16159869307174,121.30298396981362
392.45938970898305,151.5254322292745,105.25053048280465,123.02775454302326
388.3896981673518,150.81119969591876,106.20549880366524,124.45621960973472
383.120678057779,150.0610077893599,105.85466624197588,125.9566034228524
378.1034192791,147.92533970042547,104.94776946202373,126.58080148828462
373.3462430445327,145.64304250386022,103.53570756382958,127.50325775897217
368.3933738772848,143.69321588437177,102.5409122417773,127.76939977909967
363.47376045426483,140.0164746468235,101.51566944474989,127.87990249215132
357.07859484411483,138.74792365349208,99.87976403805126,126.81044532206445
354.29169550266596,136.991946308113,98.32632060837,126.75877895653315
351.4952006799093,135.44195758061164,96.84416987489138,126.32118622203988
346.9609598584426,131.97054946843735,95.39242458982085,126.25051782771914
344.3448889019979,128.8895462894254,93.66062113176908,125.44857881480182
341.6997718746954,126.51628248333118,92.06795841954361,123.31220966015977
340.95370520651954,126.2314505380704,90.1772120279046,120.49899382269061
340.09711766303644,125.67788322418613,88.58125347398625,118.29699480957468
344.03718834709895,125.24635149238676,87.20013625879275,115.9105461967077
