288.5,143.5,35,42
290.62373447847506,142.33986303003817,34.59791141567512,42.108928846767355
291.3439607167075,142.28426051028774,34.36399203647003,42.22013388626823
293.84944715254557,141.70812324927377,34.17086624379786,42.167946638545196
296.8542912979371,141.7466771235623,34.163856808448664,42.09083888996808
296.84558008293766,140.53431362231004,34.1812792384476,42.11708964590148
297.4243451476791,139.8716612780432,34.22367231136656,42.242471132033195
296.9152711441841,139.23692951531802,34.039285556726185,42.30939989585314
299.33144576509136,140.3910067606771,34.00924343505205,42.40239896520519
298.28089169395906,140.9284180185975,33.707318003711876,42.529093236166794
298.2291829527915,140.95463012862172,33.810735486046944,42.476669016118386
299.37902537638973,141.0415828281478,33.90992475935095,42.30276361706622
298.82049679521106,141.65362785055171,33.82860287994309,42.27705261402354
297.7062334868108,142.25619058916084,33.66379618006001,42.26859379514714
296.6094797057675,141.6504229314782,33.46957451196687,42.28626449542253
298.29801272952346,141.09190377600606,33.66545962173441,42.21231908727364
298.30476279912216,142.82851482565428,33.651959482536995,42.318184084322276
298.29666640058554,142.20879723618827,33.668152279610226,42.36318668145029
297.23977614123123,142.2357786196091,33.391163022457455,42.309223914608644
296.6487602265998,144.51343063096255,33.38313270682551,42.51416847148103
297.7679199698357,144.56721855434017,33.5309505401529,42.40659262472576
296.6634726104064,145.21550879142137,33.352199330828334,42.30383511465497
296.0496398774276,147.62455349541054,33.39051796997682,42.2431330139132
294.93731331196204,147.0566093159302,33.237091746114785,42.18998169547732
294.32548018649425,147.0797283622787,33.27502378808,42.14374360278032
293.1575352991502,147.73288136426265,33.239628772293436,42.02307999404974
292.5200585251347,148.39370093594584,33.33136237326627,41.88466079774154
292.4258472140604,148.4234500320576,33.51978499541485,41.82516260551806
291.8373643945539,149.05651132947565,33.51201958869007,41.7437710564197
291.8395537336715,150.84322288284906,33.507640910454946,41.72041821723106
291.3116077291492,150.25670233967688,33.380605358396515,41.710531742472426
290.7298069297539,150.27673751803567,33.36348975461131,41.67046138575484
293.06417390720264,150.19642060904027,33.41405692432187,41.831095203745605
292.4916334318609,149.60991749573836,33.37602973190286,41.8209932872469
291.8893342770116,149.07790361545813,33.39829137226924,41.702684378475055
292.43399744326825,147.8975698197998,33.48984857044565,41.70158490841214
293.0115273757601,147.85296113087114,33.51713907133093,41.790802286269454
294.7538882927425,147.81323014328768,33.584900679686214,41.87026426143635
294.169792353627,147.8020139124566,33.56661449186602,41.89269672309854
294.7212142924823,147.79041417202146,33.65029640259746,41.91589620396883
294.2196707432333,147.24964516847515,33.46514579656577,41.80919650653173
295.99667779478796,147.284819794058,33.46193347225854,41.738847255366075
295.451098700423,147.28254780614384,33.37062204851388,41.74339123119436
294.28077643860337,147.2552498483689,33.34914811177807,41.79798714674427
295.4463059226561,147.24402730683215,33.38118529406749,41.82043222981773
294.3198879004525,146.66076703351075,33.26919800124014,41.804541107843335
294.25797408824224,146.6833703406547,33.39302562566066,41.75933449355538
293.6817990753198,148.43704356634305,33.363708757499424,41.79698872419683
292.5232280939059,148.9651010346274,33.31731295615633,41.92264266971359
291.3983477060534,149.48767633078947,33.20118935418159,42.06043426622934
290.73819379498997,150.0842938033993,33.33832938278899,42.0503671145291
290.61649228780493,149.51699054095428,33.58173239715908,41.999733573832906
290.55565324308577,149.5642171638456,33.70341048659735,41.90528032805025
289.95677865205084,150.12256481000486,33.71222433439294,41.977520370005934
289.38868088018285,151.37112835499826,33.658233428792364,41.86076617869236
289.35770129206594,151.26195120091404,33.72019260502626,42.07912048686079
289.91876609677325,153.57041168325148,33.78993702076143,42.22969562278505
289.34209320332593,153.60103534124707,33.747969127192334,42.168448306793906
289.30115318029164,153.64695057357315,33.82984917326088,42.076617842141715
289.91558170513633,154.89427710659578,33.79460455214546,41.969189633244376
289.30011406283546,154.87715413142945,33.83414670977332,42.003435583577016
291.07371594146866,154.79843887665666,33.86462021508355,42.16086609312257
290.0038578269457,154.78687580068794,33.61339986268661,42.183992245060026
289.95061035903495,154.10528058884816,33.71989479850808,42.355432149340835
292.343703974561,153.4483317469684,33.71812945156409,42.473224362073374
291.7409469188734,153.44388643313627,33.725761757646595,42.48211498973762
294.16066130095084,153.97569873150456,33.67890047067216,42.61663226229617
292.938086916528,153.90441837163004,33.72516600737141,42.75919298204519
295.3027833454065,153.91990653932314,33.805276115519746,42.72821664665903
296.47306182825724,155.527806139186,33.871123648782174,43.1220241953791
296.9972134533775,154.83348080703792,34.0331209132014,43.30037434501547
298.7803215772642,156.39959285046228,34.113891415042154,43.81513700778092
301.94521918948624,156.6749161372456,33.90834190538857,44.48933957717236
304.3796222390813,157.20906404917767,33.966714944725595,44.65283853794001
307.502533118916,158.8012657507177,33.897096610282375,45.174157189995626
310.6692975253253,161.9037380071051,33.77380065034764,45.17944553010473
313.8455552384323,167.274462578359,33.6218378499354,45.59899111404018
314.99256117867645,172.92889203229313,33.81583088472872,45.48615432493886
316.8090381350417,179.79701564466234,33.919271322989864,45.450019720503036
317.2539952686465,184.93579010931862,34.27596518333887,45.14533581165942
319.6529291113954,190.6903058852509,34.46928735409146,44.8664814363581
318.4209084801876,195.25701396628673,34.43993451969503,44.45994461312837
316.6398160277549,199.20532845226754,34.2820884716456,44.00337754699659
314.1892489307328,202.98432315869465,34.26136914078266,43.82816842150293
310.53211822660404,205.13177079663626,34.210947506246455,44.44306184081552
305.02984640309126,203.84999106687644,34.091286239245946,44.53457576388489
300.0367522434697,202.54856522249267,34.19372245478482,44.6664894267264
295.0506857904599,198.83762199218177,34.252637127739035,44.653462212549115
291.334595193569,192.41538737943293,34.245333966928065,45.098790847058964
288.3148317895075,183.5638739338561,34.051921627517274,45.34958812511789
284.01235020041787,172.4742884417125,33.926141045578944,45.07827515481723
282.7690636202133,160.75387335963273,33.93059157904355,44.938940363003105
281.5428348910544,150.69976897861403,33.90502592262778,45.22296420717311
280.8543636823273,143.64143405840977,34.03904904162643,45.667521764569535
283.8961916582938,137.31717391295615,34.21478102208857,45.797266190686464
283.1668299377363,132.32219014148038,34.416777093231225,45.7334147738592
286.2955562259858,130.3892267939586,34.454616940731,45.822166014503395
285.5932871845568,129.16530610015647,34.59812639014202,45.747950135213834
288.79860053908453,131.65087016754944,34.49871480662222,45.82579410085641
291.8878334955958,135.2931645772285,34.6292722821195,46.11203334772199
292.4206953220125,142.17247526674967,34.831846533284825,46.30468891266594
295.59787517981124,150.5785331823012,34.85020307772009,46.06163535764796
297.45321768211926,161.46256455657692,34.95293938919663,45.902960066955146
300.6248685533381,174.7121612541729,34.96163144991217,46.08214064500633
301.0995712727518,187.17198687179052,35.285498578276744,46.62794075361015
300.34578877487206,195.3756540043388,35.5061835434312,46.95004688637744
299.61058856102665,199.2719147127998,35.68119092811263,46.92988372751188
297.63467675827656,199.83975968601231,35.73918493135526,47.09213698183943
291.91435295909537,196.48221721615857,35.467560357506756,47.30040404809635
285.5315590097991,189.00234743343873,35.23216641686611,46.658965406456225
279.1941808260676,182.138356604395,35.04210675232065,47.52213103253531
272.7470528799131,172.61152487817992,34.97130794746285,48.424717908931896
264.03303007497533,165.17894869211494,35.38178116851971,48.89038595206151
255.6935940266274,161.75614239926395,36.186437799205706,49.12174209359266
248.6741051001356,159.72571457653441,36.829722176640296,49.16388969638708
242.35241696104907,159.23278058585498,37.31641028725538,48.79901454801728
240.0050569880013,161.95682736172893,37.95173688728734,48.763445457687546
238.52805074195285,163.73999691462092,38.17987483116208,49.285918174236734
236.49375675672007,167.7307153296917,38.1245569697837,49.552293007782936
237.30316254185846,174.54440181824856,37.88354802208184,49.70294625641783
240.96961825046623,178.28770566571114,37.431494487262384,50.4733680203679
243.8158195226427,177.1341144812854,37.26114936558871,50.01952167787976
248.12430276887474,175.85002606165432,36.86911868111855,49.84605324781064
252.27658411689873,168.86180244488773,36.73514633900256,48.843084832468605
261.31896389403914,161.56354085525493,36.1264460315137,48.65217326444866
271.9044597261074,151.9358701522441,36.258628943137104,47.9357885056955
281.01897617404757,146.0047750804811,36.547458051605034,47.89363878928328
289.84084870618176,143.6384534847293,37.47858467477582,47.31917578437573
296.89649800594646,141.72240109475277,38.03191316991781,47.151836811236514
302.75619846924207,140.9574785446489,38.36848889139874,47.34212895054738
308.6761434981825,142.71082148513847,38.65990408805446,47.87921148774706
315.3046536649545,145.85601335003054,39.011743255360074,48.39325750838774
319.35818230263993,150.57561050324173,39.15152447705407,48.57537478187423
323.39371649287256,159.34603158000442,39.35764659107344,48.96844536639896
325.2773262138912,168.17476915726763,39.757133087995456,49.3666959473625
327.284294400041,179.7779939523107,39.94764799692586,49.985470284246404
326.6084950553244,187.14177493750512,39.885184268984105,50.81259490498269
325.3021334828295,190.62196340460596,39.646472432761705,50.980805423811354
323.2744695585386,191.18308518807788,39.42857605716335,51.282969931594266
320.51515077946533,189.82104810022557,39.24531163625627,51.156093117772066
314.2793398402516,184.9725343465521,38.93196873859568,50.909259132606095
309.4984697647252,178.5216484674082,38.61197867352113,51.10594918444444
305.37821820757364,169.82130464694802,38.3957721123848,51.593217474485954
299.0507520391285,159.66543524038826,38.33069582021179,52.11827619795154
296.3208028893394,152.23403546491193,38.109594068641385,52.77857562103298
291.348166840316,144.07667063511337,38.068374365279105,53.40024673555871
286.4387294165873,140.49345701686758,37.83956870785843,53.38975932570885
284.267155498133,138.94308373845863,37.888350967038406,53.627595497374266
278.50901284972997,138.68224014755452,37.91777552914016,52.71342508734442
277.12073168357546,140.51846288247748,37.84933722734197,51.88598025160573
274.2692453194231,146.57248040929605,37.9170066340528,51.04855184115661
272.1699275861025,152.72623728349802,37.92400683583082,49.91873213238745
270.8675140987693,162.07142753981293,37.76858913997272,49.16994197816723
269.6274422578698,167.04415319669528,37.516404340653146,48.78764034831748
268.5171183138417,171.08596352254256,37.0246161224581,48.841328015376334
266.7189215628558,170.40841584209446,36.573965748312986,48.84740875090023
265.5483243593464,169.7581112390056,36.231674910771616,48.80627533479786
264.37569963843316,166.91658236710802,35.905894265887774,49.14727290517256
263.21234666408225,164.39969108110793,35.561888638546336,48.83963232508615
260.7084983383421,159.9231856747245,35.26942686579431,48.51736589544675
258.1913813132443,156.6959038920633,35.04227223510563,48.39519360966361
256.3358584082868,153.72415374189774,34.82403048980497,47.78988131796866
255.819628003155,152.9710721412011,34.55949676278259,46.702055444790005
259.10553337875047,153.11429465565934,34.368350077243676,46.4156104158735
261.8053123858312,155.19299828882413,34.04337930345328,46.064143579822236
262.5142463472354,159.40306270390838,33.88349135514009,45.19189459662511
263.90089751633434,163.96787946490653,33.594377302176696,44.75692007294926
264.1024673247137,169.7047599637413,33.19123768541791,44.359856859669996
266.6454439037524,177.21492810603297,32.97771132302873,43.956800962151334
267.3906539870266,183.41827244437238,32.69577010633595,43.63490178402979
268.1784289777041,188.71288574468164,32.319187928801576,43.8363854177965
268.2852079664314,191.63683193433437,32.10562995134689,43.967826850615054
268.9995653975174,187.56013873826396,31.871275626214462,43.760689483479
267.82987242132026,181.675985700189,31.835922214423018,43.65529873869995
267.1540307621898,175.2290183485252,32.00241575222357,43.51214585696327
269.36736068976114,169.00514670053934,32.31874531173699,44.10241561629478
271.06642970723277,164.08761847001296,32.520309699898874,44.33826561573372
274.03412053155563,163.08793981482546,32.61887246656138,45.13083404304709
277.7366423670526,160.21816532180975,32.53643762116808,45.988643812011475
284.49449140219474,159.3465836878474,32.5735168853003,46.49973641317096
291.94633517737753,161.0220974037864,32.554756796478586,46.86994084667903
299.3063824376486,164.10016760308258,32.78298221753865,46.94226709042093
306.0088232253579,167.22187546072234,33.134213742093806,46.95163005694765
310.73832397531146,170.32584175365648,33.72715467080377,47.026161488965045
314.26347191113973,172.785849080736,34.28118123521837,47.175695125520065
314.5841365287399,171.39245369796703,34.91861306267741,47.40496376573908
313.1294327659452,170.55039974300794,35.24261890198078,47.79637083251419
310.94763118745533,170.0161872710898,35.69434409415543,47.56083645474883
305.51396521109007,170.6457932163127,36.0995037396053,47.60939610271305
301.3357396923909,174.5043120029778,36.56516668341755,47.78314662296889
299.1479746694377,179.65174293540136,36.96455750822618,48.091322681049135
296.97357685976533,187.65641965995633,37.30357019462081,48.12110096373982
294.8397177379594,193.91934198972612,37.54357499084098,47.678396646375234
289.4084248058494,201.7639412929458,37.68853178194536,48.06564164960937
282.7352129727535,207.25603281399998,37.55510303993883,49.21332577487946
275.2436405113915,209.28012018917534,37.541453003370655,50.618531009725906
268.2745514383115,202.96685351904384,37.634406176816526,50.78436187454627
264.5717959629975,196.28993685726988,38.09708519026812,50.25253132374121
263.1954751393219,186.13412349458093,38.07365376482463,49.74361000315855
265.3205071590019,178.40512250123174,37.96326837606644,50.02279027098311
269.6992393749848,171.6126894107795,37.49990187604061,49.78415989865455
275.9388171971024,167.6012332602297,37.36104797758359,49.58020436923531
284.842369905249,167.33823829401067,37.30893701004002,48.74042549792343
293.3585117193902,171.20815695502853,37.85415223256523,47.761164656967566
301.835838027058,175.13800816964866,38.39768335744735,46.63153289704179
308.2490553970908,183.516967373745,38.945971707572895,45.923282197078365
312.6612990145273,192.21795269941833,39.469242677032895,45.881433925207276
315.88453729735573,197.99457095876573,39.738548692489644,46.41660605251707
313.772493750197,201.72238076216757,39.895371531282166,47.09551495676325
310.2599600608795,203.0373134703833,40.07663095437235,47.20317272254968
304.9409611311318,201.35211143334223,39.72791554291844,47.826898478894584
298.51908923395416,196.14716851307736,38.798255003957664,48.595401286103055
289.916317633916,190.8192547447894,38.140311632963204,49.63242836133314
281.9236417868598,186.37338231428285,37.57427031906741,50.24847671834213
273.807006618437,183.86772597915254,37.25437920412667,51.12149902565621
266.7989210736048,182.4166671570892,37.39598793373005,51.24870419777069
261.849941643136,181.9482689749631,37.55196651596267,50.79378909363646
260.47838686963735,185.68730088562168,37.52035763084524,50.25252135260634
259.28212535372325,187.36461689601805,37.155661396636354,49.655108597850685
262.79602230732684,187.09750088581575,36.945624273277886,48.82578926148556
266.31385516180006,185.47953642868518,36.64739767310275,48.0192547104839
270.295598880668,181.84828990621455,36.665848441448745,47.299809549343244
275.21589997146725,176.3092531909617,37.38236683674845,47.82076240295073
280.36304780890623,172.24635878452804,37.80216572188747,47.91098029580529
283.75208957689085,174.19134096743318,37.761404225113736,48.063409153512346
283.8419320738624,173.9111822159661,37.581719231170695,47.27459124809231
283.40564342379236,176.92455438019783,37.12015796263752,46.5844011943216
284.17476580497754,181.34891130565885,36.897987060569825,45.63213050521541
285.5022280411613,183.39657552478647,36.83879471492973,45.4304002570513
284.92276791023767,182.30605071566717,36.70390454057558,45.02382900288717
283.1139282288498,181.2181987331323,36.465436187557515,44.62876782409437
278.2183043956545,177.72722644643648,36.05304053341118,45.23343532215051
274.57810556775024,170.5255681862588,35.66508201062321,45.578098848412395
269.14774139790853,161.57892597743086,35.032477870227375,45.59286607483384
263.7850549588597,156.24058580132305,34.35516867135926,44.86686435008362
259.12795471073446,151.36830371653335,33.71062954939242,44.65268890144578
256.85617235631054,150.88243626863596,33.32996736793022,44.393367074663054
251.61396422138566,152.86174169831867,32.82641341392485,44.09741295658268
249.97334426257765,154.80394414387317,32.48322255632128,43.83743884069329
247.096369514458,157.99348804096337,32.24431986151525,43.451203237558175
244.13656739108563,161.7465400152045,32.21999987059368,43.07780837427549
241.82685837311203,168.42007072205016,32.10859310739387,42.74051515823864
240.55704169895324,172.72933903136703,32.29672744675999,42.35222507093479
241.6478042059612,175.27468596656811,32.46101175080111,41.95314983664677
244.5715179765517,173.60908615367606,32.46103754252641,41.77587746268713
247.04649710520238,170.57283023306337,32.17820836248152,42.01447795734193
250.75893763974054,163.01629490682436,31.748240540884964,41.971903240280554
254.4368819921567,157.91047769257267,31.34126840751035,41.760162811597326
261.4526122985534,153.43002382927398,31.089128832385263,41.53485651308247
267.87321908237993,151.3535464656628,30.795872821439243,41.12491758332042
272.50099101276373,150.5185301573669,30.5778247095217,40.5355762626997
279.82749052650513,149.72032952673055,30.447748736007455,39.89768166951568
283.2161922206939,149.26995037982192,30.302147010189152,39.69313968623978
286.40412291290306,149.29926383308683,30.52511539291025,39.63451277970996
287.97233303921826,152.16117534485787,30.696331139123753,39.42341642090764
285.77886808598214,154.95243876812305,30.674829894862974,39.351428512793504
281.0404516083691,154.90359394674172,30.24574622928814,39.44911815555614
276.33490804778455,151.88943966492843,29.8003759779845,38.90645513753432
271.1145088158952,147.2523810123863,29.444984593767735,38.46400157942255
265.8973532587608,140.0421955696582,29.208572340475023,37.94535975029277
260.1902780125173,134.37215870802842,29.01439711393536,37.677107754525615
253.5304028875319,129.99787506894125,28.709593820151817,38.04133439038955
244.2078757743225,127.20369065140237,28.479406677975415,38.38658062307977
231.28695934296655,130.5721248624906,28.0683858925325,37.95039707646047
214.8756643430602,138.59676934052285,27.714975939013826,37.45235809852004
195.51009773277957,149.6280616978585,27.557323205690686,36.88094456889013
182.24902351677903,161.62261637909629,27.764435031538653,36.17052143493464
170.13013620543381,176.54657198332038,27.890088384453737,35.458090094131634
164.91418581030993,189.61536974814442,28.363711709401873,35.21201597426272
166.7266263158244,196.41990212922252,28.737788133430342,35.599302234807524
168.6046645109434,203.32576245055316,29.028675722890654,35.95195552109013
168.4098958589883,206.79564544490006,29.418213026800807,36.16523728052232
169.8862103387966,204.2036775303289,29.559912981812108,36.19195825195151
172.4194261498816,198.02366761004177,29.664205813087477,36.142239404256735
173.32274119120723,192.7685035711824,29.92770751300799,36.30190856911665
176.38524604456816,184.7061998003982,30.05336427888841,36.7998499291794
183.180228326737,179.69087232274097,30.132450826340182,37.36731565325496
186.57317681281955,178.3122959079438,30.776779858198736,38.001546767414
192.76736987060724,181.43204428887807,31.36793316222475,39.33344800031297
196.82253032710594,183.82220695358893,32.150728907892265,40.11132058255678
199.8662873698378,189.59856731589474,32.88075933180262,41.057431458464414
202.4940610546715,194.91966674511585,33.438209922605495,42.041228520962804
202.18955917924535,200.36655705614004,34.04721367345779,43.01465562734725
205.1976861080111,204.75038743331785,34.0885440419963,43.93912963470359
211.88504014365896,208.58879089937454,34.203485963348584,44.846645425184434
214.39219978576807,214.32546719122965,34.15740643619575,45.79389223413769
208.1858481243739,218.95705658604007,34.01273746421212,46.576611280334376
201.8037911012918,221.4003734666428,34.1242314618856,46.7510255385252
200.43288699524157,220.14214583538586,34.32656068708255,46.72800181413558
201.58091455972172,214.08745028057672,34.575923987326576,46.11030077773245
203.95283792231743,208.12717700953462,34.90167417077373,45.35685504822021
202.6980649408378,205.84993384741074,34.88876028158,44.86642166816199
201.95241913659856,204.72907922564886,35.12652434928891,44.6010758301466
205.1676878815275,205.2715570828477,34.96265893683625,44.76945453123
205.0716233024432,209.2028422558528,35.15478809500493,44.42636718357856
203.9237226859103,213.07569532497806,34.948352549644866,44.187371380605434
202.74332725632732,218.54436891770976,34.82092992647857,44.44698486563715
202.7715028600112,221.4474306092423,34.764578719110816,44.87091345152958
201.62809246215093,221.3618253561008,34.54824961371772,45.04212395781256
201.01705044062822,216.9349316141663,34.51966853860103,45.14125561454694
200.4194910129342,210.66940297597125,34.463075608401184,45.15519503505828
202.28433184389547,203.79215168331868,34.48639792624417,45.148683027889845
201.6572871073822,197.49803962138805,34.48920496082663,45.22408276730968
202.31630076700745,192.4345446004862,34.42365600455729,45.33124590526355
201.16404346743113,191.3463320913744,34.222085158993636,45.00158547877083
199.96119461607745,191.38558414951223,34.13833026070147,44.92308136249517
198.73684629803708,193.3606847850585,34.10270235985929,44.699366896786955
199.89502760356066,195.90557731988977,34.26267827745734,44.56225888441491
198.69107405352574,199.74237160173365,34.193214220410866,44.320783792076114
198.01217217668747,203.90877694969626,34.317151318080505,44.62503968819919
197.96999069619986,207.51537671962308,34.401514279055725,44.85503073872281
198.6546524938896,206.8865454473512,34.27760819275377,44.86727577418901
201.20079004368733,203.52244186930065,34.159668323570045,45.37756389227548
201.83808264553616,198.39823844285007,34.134519574232385,45.63047911029652
201.7757311267477,193.3185412533785,34.259222611809335,45.766865577148316
202.43196096042058,192.24563499710084,34.20375463325505,45.39869471212061
201.29508059630106,191.70833011234933,33.97655773803238,45.22282566989275
202.59890999083413,195.00316570684328,33.85707251546828,44.85358839715989
200.83635822359187,198.45305585293175,33.67264589414083,44.136358364669604
201.4583412607283,201.78619550664462,33.65124534273578,43.582906671582926
203.41590808854912,206.26141062260885,33.37741935737794,43.12886100365006
202.37562317981283,212.59851635889686,33.0532408843813,42.478390983420184
201.25251524301817,220.51587452680232,32.925142589340204,42.07671674370698
198.97893473878267,223.4031283592309,32.756577793032044,42.19686633482384
200.92066492349377,222.2292496998009,32.40719643836541,42.18857097718006
201.07730855693708,216.88399497612014,32.09390917147882,42.32919937592196
200.13093354074863,210.63701850974434,31.648172757209508,41.96147685211959
199.13739231967384,202.88132417109608,31.322536920588608,41.28383757802254
197.5668595195908,196.85458563629732,31.041460388975793,40.789460164430736
192.69535516164504,191.34009751765242,30.627172554198673,40.5325513454221
187.21095727988774,188.0019814326589,30.41688768290413,40.501335134523664
181.65591932245087,186.4188441165605,30.387003462168877,40.3256217260378
180.5228366076653,185.44080959418355,30.431505877529673,40.06002775658143
179.9820505932844,186.5720659865574,30.405566959991916,40.0125368644329
176.08411684558845,189.87522800717352,30.456890107782193,40.04439369257341
171.14069393510653,197.09342127683615,30.374553731654807,40.007936993491064
170.14572976535172,204.23535809754884,30.15290790133217,40.09929545597535
170.13468933134772,209.33286151350177,30.174988769340207,39.836313692675446
170.63589200696333,213.24213363196205,30.2724960139194,39.71715762642822
172.83274211706802,214.43068415301082,30.27754601316384,39.539431694057605
174.98666015486032,211.78120481195108,30.357944505112723,39.35309716676027
177.14261647479785,209.54141853470549,30.428129778526216,39.450571807962916
175.96345345150485,207.5680908266141,30.590143002815076,40.10275799069985
178.75465549606471,206.18238716232747,30.561495947076153,40.65266250592081
182.02465233964966,207.56137306114644,30.733488873027923,41.250684014843735
189.37925447143084,210.12730080590396,30.721826667193152,41.77172931676238
192.72291166112834,214.43599624313296,30.86437491609297,42.26082194669745
200.17671217954137,217.8364927009112,30.881765566697737,42.34828673303208
210.5576073119831,222.3704984465196,30.814384167235687,42.47779029311371
222.68110449306852,225.97620792974664,30.728897788568283,42.16965932194633
231.2980218348911,229.90182860757304,30.662095431725845,42.32969971880148
242.78978006094312,225.33180645701134,30.594576150616458,42.303345151526955
254.3061928948323,216.7327792817042,30.447564697337498,42.33703884126669
261.632865503552,207.05076852251915,30.645220257959547,42.2805208806334
269.0364950067459,197.16798320920674,30.720058108557765,42.584887925045805
277.0228233101078,191.80280177920253,30.85611077594941,42.95965196597993
285.02547528862544,186.74403471100845,31.07036193983172,42.650329238921074
292.97327714507895,184.92190782661353,31.37793235180959,42.822474266664166
296.1679200261449,187.74169054075924,31.978828884388747,43.008060750631984
296.4276881133637,191.87391622853906,32.63699096746496,42.98749717766912
295.1722466462866,198.4303710503989,32.77158414312623,42.94418120565966
291.3927947614736,206.06658375972626,33.19240290139987,43.137606644935026
287.65987298239025,217.46814616896862,33.46128288136564,43.12486649075358
281.1248716680424,224.7737894864784,33.290822932630476,42.957720849294965
270.57227137782195,228.37188262814675,32.82573295212169,42.95163141960815
255.30782915199,230.8787391838174,32.39699531272824,42.700629399198775
240.280418315905,232.48410104944543,31.775622864054366,43.0294665280401
223.91248890633037,234.0335794737039,31.620010648243394,43.4545958618403
208.5771619286478,236.3083611684551,31.64708664689364,43.61942908106331
198.86288250939094,238.96069149517075,32.170930138437875,44.22249197355994
193.17443586840466,241.0910316298229,32.7541447201218,44.75900223771727
186.95412633971225,243.44726061063153,33.02462349597552,44.91460038871243
176.61460944767032,243.52562503033278,32.89882718119962,44.75787154930993
165.01345958790066,240.81495991850596,32.933097869344856,45.3017219768806
158.09332274950296,230.82820296326577,33.26329145019395,45.62421029325732
156.73350415922107,219.90209620977717,33.5059199902835,45.18334603596618
161.04590592874388,205.59138224015106,33.53161193997834,45.3817173693567
170.20671006263944,195.19157902880784,33.798329524769244,45.114554492450154
180.39627394192948,193.82124778465817,34.49111062315705,45.376168879929786
189.05810988592887,195.73972653376907,34.735040888834654,45.30369755749577
199.06684452755042,200.01763534179005,34.84081106877933,45.551797206598444
212.37307469559218,208.54439883414642,34.75582429420968,44.92003956948949
224.87806433013216,219.51015825610483,34.789504271271156,44.27563108479289
237.1919350702359,232.2117555576841,35.019318874731525,43.72999256530222
250.71822252461962,243.2804406228692,35.2082111604321,43.88109559404225
264.4205179073671,250.460279902658,35.16342128187008,44.444944790973665
277.59190269373056,253.91406900932097,35.103056060666106,45.046624963796994
290.3088287066757,253.6295834788054,34.864583377051346,45.615596024828164
303.8120821772596,249.60362726167318,34.41413269836059,46.08006381267055
319.1161149280215,243.63522735548534,34.149088460502476,46.6382306511717
332.69870336703946,237.93514014206218,33.62104444162084,46.6224909955234
346.91396376856534,232.51422216364278,32.90005451323542,46.12860977636231
360.0448698872311,230.94215410803585,32.682008383796855,45.55220787216284
369.3285411615455,230.1131430185447,32.532565790138996,44.75451005714907
374.80261535819074,229.58525948333855,32.50419597377932,44.59696839679125
373.6016719421104,231.64889130501498,32.48517838061743,44.10106139142236
371.22563214625467,233.67864318696147,32.426820258963176,43.6493859125536
361.2212525783525,236.30076050365724,32.124197997376896,43.18429984325398
346.51567961191193,242.12416663105193,31.966374585060883,42.18231655273556
329.8893296485694,250.29013637247544,31.43633861019714,42.15928405684313
308.02910491976996,256.6768038105207,31.23233668852404,42.1009219484366
288.09869032253005,259.6945848137864,30.78439351942284,41.823755993845495
269.91341125138695,258.2936984357543,30.670898967761328,41.205148809852005
253.5524541417798,252.92694696977975,30.655786978024206,40.6500220145765
238.9020643107759,244.6940193268951,30.832269780761216,40.31339834307411
223.21809244550374,239.61586186175765,30.89861390271979,40.4084848277322
209.69003285703883,233.97272422196409,31.06400427978997,40.4902897740445
201.69352218002382,229.74696041877547,31.3155353114742,41.07107221924876
197.64272826670526,224.53209650683192,31.45563439714278,41.26460023331919
196.50856741169855,219.2625690837503,31.438769990536656,41.52031755469453
198.7595079308822,217.95226879968254,31.521754757475797,41.84848522017685
201.6663374384471,217.8381718049594,31.47095643987248,42.07667920962316
208.6721375604962,218.9898423765388,31.321948124833774,42.08377005464087
215.64367333423087,220.51244195269763,31.213503130692793,42.49722754065532
223.289587221082,220.58549343571198,30.967793016958105,42.35112457462664
235.53413057489445,217.6115375323456,30.652737229357882,41.39217040420945
251.55862508952725,212.91276572045496,30.283220989568715,40.60702634565904
262.1451511157143,207.62019272849355,30.265117377523282,40.05798893993512
269.28572661222046,202.3659152097339,30.34588230225703,39.5189163484191
276.92723736722843,197.23650653873457,30.432895762255185,38.79913728326481
287.6978158783986,192.40004288561704,30.657263699993255,38.67757835746458
294.4307535634797,191.11181933307407,31.362161384570854,39.073906531052096
301.4400831496446,193.25799092376081,31.74186163691766,40.31939389763113
308.6466347380427,197.04490709821528,32.05530548417747,41.80805202506436
315.3109735141787,202.1806416929037,32.65460565990288,43.14323094235213
321.018302793414,210.49936071564173,33.14800958962851,44.36788662917035
328.0847395093663,220.93754145995848,33.62539694377026,45.406916319606324
336.0019875004017,230.9654203099925,33.92573742090392,46.4505601431134
340.27805842357327,236.859066834813,34.20704025956052,47.2824737863292
343.9764568904106,239.19433079569558,34.48522011423552,47.72859705679717
347.7383235216965,236.43421075345293,34.70448404980077,48.086839009191095
351.4954436967471,229.70901961972626,34.98745538069683,48.5418684749822
355.2768374813301,223.53475333308805,35.29118119720608,49.09063096974564
353.75796684368083,216.69505666334902,35.680127164985265,49.52604777162638
351.5032775545485,211.94903107735433,36.17732626315797,49.656346823401165
348.5999697161487,209.74571108082085,36.5937890752998,50.020372167974784
341.73295174330576,207.42126201270403,36.72883251975438,50.58957255383908
335.44290142147014,206.0093149405061,36.97213816589686,50.67195669878414
327.0213211028732,210.61410429258004,37.303298011842244,51.0943784561979
315.14133056378824,216.86128882529562,37.46987067117884,51.09063737720789
304.5317209545147,225.81265213464638,37.831233804970815,51.264719365294084
294.5677290849037,235.7274411941125,38.171914027038156,51.022444763516525
282.0577662592119,241.66545148901426,37.974086183480644,50.35431461590913
269.58424470592706,241.43106539978737,37.94471760167367,50.823086794362865
256.9547627814396,236.99656534726586,38.10744414136083,51.326674462976705
244.18621450041232,230.59811662696157,38.36246555820817,51.48253433098163
234.64745913114373,223.7054756763403,39.09560682867069,52.56786813894173
225.21976504653972,216.78543437243806,39.23598437960576,53.451404934095756
212.6690508233216,211.0794214424713,39.596533516991045,54.676009902067086
204.11915853730932,208.95252362225546,40.417954614478475,55.97010309258297
196.24592995327743,207.28007363251666,41.03466696645309,56.28905410884274
188.33403343190898,205.71838416090227,41.57902823127773,56.35654669648902
183.68092485963956,206.01020094439258,41.657863863775134,55.77291312950845
182.0951640935105,205.63678546341959,41.76876081840132,54.9894318026385
185.98580762245538,200.73166658868615,41.58842854485623,54.1583328540227
189.8943465879856,194.3319403065736,41.29420590247387,53.4166458986272
197.50294087014885,186.30238577472267,40.96153742484477,53.102782866962
208.79842268216944,177.30282598616614,40.54417054323072,53.363025050133345
223.67924174008948,170.85000899665755,40.29062995338771,52.99001514245185
239.05664302619127,169.32055627277134,40.3129907418675,53.11776217492108
254.4711278235878,170.271869782234,40.30974969631944,52.683026991674105
267.3009086508384,175.1536244069026,40.95194554024895,51.68677024181387
275.90203712865826,180.433216542391,41.22680857838144,51.32257263387092
280.9165444176598,185.71654075555207,41.384901322535136,50.94303152970542
288.1249543269614,194.32469105939754,41.48842217396685,51.151139726056535
291.0288564893683,200.6849251475724,41.5082394603359,51.54282017486799
290.39915375847977,203.99109688438472,41.304405620658315,52.24667320851634
289.8960137574223,201.99031072467562,40.83996187398691,53.30679803036176
287.9029161590325,195.48204062377587,40.388038461086445,53.008982403121195
284.3514296994258,188.58740758245418,40.153720827207316,53.59112549019803
282.056345066826,177.3977944390753,40.32638908541749,53.88284674200875
279.67085733455247,169.80771775505093,40.658069565159295,54.26535016070635
275.09609243614466,164.70701843297755,40.86152564630106,54.02966280323369
269.0960841234022,164.31571108040964,40.93555883160718,53.321529578347196
266.8039354839199,169.7768119635474,41.07638749084862,52.767421258092384
265.452554291268,173.78770471339993,40.82917905349264,52.12056281503669
265.60888553871706,179.16644242050967,40.516516558594546,51.59059736102395
269.5961337631577,184.39665945066696,39.78143216118491,51.265340172769875
274.1240984850701,193.3945431265266,39.311222178139175,50.441011742608396
278.70144731210564,202.9229156507406,38.62073379442834,49.72338677996122
278.87334932422465,209.82305128610903,38.27692977019038,48.41958464464794
279.6918804297918,213.29968011626445,38.00282918480198,46.918173487320914
281.9245741836518,212.54841433508645,37.543926366880356,45.749715256478005
285.44856981996037,205.00754675369856,37.046527981268,45.11002749044241
288.98114160065893,192.20543404805915,36.44261031132634,44.869349335899386
292.391963608099,179.96456864758207,36.01488153034319,45.05420224804529
293.11459785821756,170.03146426992615,35.84430592071964,44.52532475353786
291.41865682928585,161.912099282197,35.444739010369496,44.334442533404165
289.63422798978013,152.7825006495216,35.250355865233416,43.77743567801756
289.0436133996219,145.52214208862037,35.188865376238056,43.38551676807788
288.39892260823785,139.55225029130852,35.242539431555926,42.968225088198835
284.834643538645,138.99425765687698,34.99012310983901,42.854047946911514
278.86556910913373,139.59866471180695,34.68499565718272,42.86956146821949
272.8704762496346,140.21000798168663,34.47887993772473,42.866505072305735
266.2393181581837,143.29011837762772,34.36249322017538,42.78751287153773
257.6635608156763,146.849846389378,34.5299320543238,42.94694649840847
252.60615738062356,149.04146535173672,34.89828323223533,43.43693641978804
250.0420874293115,152.01682928055382,35.0992551081115,43.64516859558877
243.9066822712121,157.33612326533415,34.98763940776246,44.15076404092112
237.7611983411659,163.98901265102012,34.836769178573675,44.531007167758524
230.8567499633139,170.88731674130972,34.92258087918117,44.457484042275844
224.67750483657255,179.06253772064383,34.8028392467403,44.328743535308284
218.5531135821595,187.17942225938316,34.61254915602956,44.265768837227505
217.4187332376014,195.01228593224448,34.40160880638503,44.718098243449994
214.77291388763987,198.78370626760545,34.71993217041088,44.63523057657388
213.38221325147083,200.75731123706535,35.00684056734977,44.42975995075284
216.49098823362544,197.62426054578177,35.033129726338046,44.45202221002255
223.68380674459684,187.57573894320726,34.39238478695873,44.55649511326093
233.8881391305993,176.12515182953706,33.835093981956874,45.124873627722906
239.46535423327765,162.21116423282444,33.8432051857409,45.66663648769318
241.8455135212599,148.67781652029754,34.07751735962635,45.262862788572086
239.2219099795875,138.8116190756344,34.339337229307404,45.0537088232433
237.9025866860323,130.6031896028978,34.48311461743978,45.25391797535951
237.7247127289292,124.92879188607097,34.838862531646015,45.32720712933457
238.88471406258753,123.17964822511422,35.03836721668402,45.04623342271601
237.72097559170192,125.30557634702926,34.84842314547687,44.57050869835356
234.66337986513474,129.98377964009225,34.72188027967337,43.95253015874056
229.22226069065263,138.28166938491015,34.4726184460461,43.435584266181365
228.7275946963883,147.81158787203978,34.2370811019183,42.748787281769026
231.93303320768996,158.31624073940534,33.87881388573974,42.31835488888198
233.18031519968918,170.66701651537363,33.78047775682287,41.579081887760765
235.652869143765,182.0580463333486,33.5760698342712,41.31534708841096
238.78919173931214,188.59788237590618,33.19250952635321,41.19166174628369
237.70648148426707,191.49727115382848,33.018510620004896,41.24143273153517
235.40941347565854,192.0707957037532,32.942030017847586,41.26203778652932
229.7134658382907,189.77265907287304,32.666623299296106,41.191390250974784
222.90276442933128,183.8966753789021,32.35386823086158,41.33155940028891
217.81133130009832,175.10483890945682,32.11252736939964,41.541553805966394
215.00539343097472,172.70452907254804,31.93676208260305,41.712060659748865
207.64378834508736,171.59241904622428,31.61549988820243,41.62174650221556
201.8121881203993,172.48343391175686,31.772219224933707,40.99036488241488
200.60475468259077,175.45785710737496,31.89995353883949,40.759349895456886
198.6857508765525,178.41732453601497,32.31162341544663,40.55097793062587
197.58221219901512,182.93926552006627,32.227486782684494,40.67195191387084
196.52406984506078,189.09903346920393,32.05158052660301,40.95946631754153
196.14252158477518,193.81917179379516,31.667038200701878,40.70030044013778
198.5471179349014,198.74106767293793,31.407530782374877,39.955879245703066
198.66809219690867,198.08726181463908,31.165582258360303,39.0198595194311
198.8580885670998,192.10311845014894,30.785589517978064,38.84908558064332
201.62486838379434,183.47774801186512,30.72587719943109,38.58351504971629
206.49984351175206,174.32694424896482,30.783510358512807,38.35968723607783
210.72546691952468,168.9247536714601,31.030134693016343,38.29172945352627
214.07954829144455,165.70629980960052,30.86307893935196,38.187530187070095
217.35299723639537,167.18281068372076,30.831465236314422,38.492150532261704
220.11570126781237,167.939678289443,30.756271014782186,39.15850085733793
225.6038888888893,170.51131218189755,30.7702008350669,39.51038560364808
228.37161777271385,175.98819098174235,30.75793891513704,39.603019699397166
227.72957803343104,182.41553792795764,30.93616277791233,40.01859319645078
230.49351539150027,188.97244653047358,30.983822267924083,40.28605808617954
232.16275949837032,196.55356681541156,31.005237248857192,40.80336575811187
230.08484227399472,204.0132355061854,30.64823444328177,41.67895876670745
225.09148236939376,209.47442481587652,30.413704190627115,42.11352466049919
221.61784018782166,212.74645033541245,30.530350207859804,41.26167224302029
218.778327341123,213.1107512346526,30.572271200758962,40.53307044453998
213.8232737708039,209.34003084576486,30.429207235981405,40.25537814032542
212.67313336759656,203.2771554315895,30.508586268710342,40.166169213404935
212.18008571309838,190.84570952173272,30.384294160138914,40.600537846625485
214.3071335846458,179.60560213114468,30.590091413005155,40.781287647995875
212.7970873777953,168.89883390353222,31.368002876244393,40.89410507383376
211.5456978872378,160.14739161802328,31.599759422422277,41.36432138282306
207.9577984949434,154.44885041541488,31.896765860459393,41.29674987712045
203.16570873403424,149.77825951361677,32.278745819443266,41.435732117882196
199.99838733676322,148.34776713769054,32.820305721469495,41.97948371272831
198.53728362377328,148.6652361414625,33.39103390322274,42.5202853272977
198.14850947768153,151.2868096218632,34.16858219540625,43.24359168396873
196.695009074804,156.42564868326352,34.64159632940543,43.91885358406933
195.79945700161156,164.03030197412272,35.19768652872131,44.76472831424863
198.77532073992464,169.35794209087243,35.530935936481626,45.42240647264501
201.93127226987045,178.36497459205887,35.58140489720722,46.49545753212377
205.90094615529284,187.07793390971588,35.380191121612114,47.1251848857258
209.87558289237148,195.15205934375516,35.20692868948683,47.82495794204975
213.67107821162557,197.70106402238775,35.438790079750476,47.942183270632505
215.42026361076955,196.7218817889075,35.86858974258488,47.281767430178085
219.30300110293518,191.40249969915465,35.941316818991304,47.46959552870024
223.52839556010028,179.84177356114725,36.663450001707574,47.00353384088134
227.7604855979116,166.74579360558968,37.40477641962304,46.894046627601895
232.10091352612517,153.27997023448754,38.001973526172726,47.316970618443875
240.15023389772307,142.0160958059025,38.00255632602057,48.37908808488914
248.49989948780842,133.69381474443077,38.95572952727205,48.72903077882748
252.2516979499867,123.82020348676457,39.724430727262046,49.174224337351355
253.18239937819402,116.67237263790575,40.659027993868236,49.48988541996496
257.15022916021405,115.40505439486056,41.23115264041272,50.606557870957914
268.9805335957024,111.80629409089947,42.12496749539109,52.02656701394947
272.1527346287729,108.04113029388932,43.183815797562204,53.6342943133199
271.0596303453889,114.25433335313204,43.84755184266037,54.91014088986411
269.0589916373845,121.44676044834355,44.74323333341435,56.05326632571497
267.8509984296483,130.43273704546834,45.57437341683991,57.09946911602677
266.0228680421032,143.75239100954258,46.00190965363218,57.90431976341098
261.7090771841919,156.46198572712814,46.461328969493685,58.62325000811522
259.93724271186,168.49277858823424,46.70079359718028,59.343196663233144
258.3360829022087,178.15756061243414,46.569084189797955,60.017806774941775
251.4808856533115,178.3879833773289,46.87795856217195,59.55696124515222
249.68848995676527,177.05567238066305,47.1164206752988,58.87525395851836
249.34633088653263,169.04509912032663,47.80073881576409,59.89708810375237
247.47828711481077,157.7934494843882,48.15012198561064,62.08016113404675
244.50008327916623,149.7037400742206,48.909206023693066,64.40005026583088
243.2672082034937,140.77617682645894,49.59473221562639,66.23316112664892
248.3920362679751,133.54856198497774,50.26117823229076,67.95293830637969
252.70950563508418,129.19515378467588,50.908340790248694,69.23407367324253
257.39229460112006,126.44843121816992,50.97524270495357,70.95452686754382
260.91272058365564,125.05115653111994,51.58918491110714,71.83537769883759
264.4237297848149,129.5247606183845,52.31574739318563,72.57389562980474
