23.5,88.5,66,55
22.269070832124115,86.11889780778839,67.46185833575177,54.95511980593197
20.93630833702231,85.22723145189529,68.20207380087695,54.813142992639705
20.68411046531888,86.15589544681939,68.7064695442838,54.89019178929484
22.455271587904818,86.35096725263958,69.05087024071796,54.50004817765445
21.4407087338041,85.38751690862338,69.13768850453009,54.48464142129753
21.416483607568004,87.35168297652847,69.18613875700228,54.44308202170649
22.459281241418672,87.40001703603595,69.04399636096707,54.34641390269152
22.609853880604085,86.58418778473325,68.74285108259625,54.03836564889646
21.7145072116897,85.71208199596197,68.60345166763503,53.85248447364902
21.748432980263416,86.84330895539051,68.5356001304876,53.51496949621088
22.725251987647518,85.91426134537045,68.50037595655586,53.45465087541454
21.944401674342558,85.03490901874237,68.14518241395754,53.29646135946246
22.088610309386503,84.20879627786744,67.85676514386965,53.03979729161021
25.220222842920386,83.4601099530307,67.29445447421472,52.63686514214605
24.38080557081284,82.70529851800575,67.08813649525591,52.26133548902207
23.792535271670666,81.92706557163626,66.38878721111367,51.94191149933441
25.91374419130294,81.9530407703786,65.86636991889617,51.88996110184972
25.147072508882097,82.16069214238021,65.54855120540276,51.474658357846515
26.19339165632403,81.39763983001662,65.2954631768464,51.16121271624621
26.568704685517908,82.4494287542618,64.54483711845864,50.88821825868098
26.622078212106608,82.51985584651433,64.43809006528124,50.74736407417592
27.67233272101835,83.5401319844168,64.1483191181174,50.51754986903062
28.045787777923074,82.7967913633047,63.40140900430795,50.201661865657
29.18436390730008,83.77999179953912,62.91025983229342,50.021264079927654
28.50754564823245,83.14132698539353,62.48834525424812,49.523042612038275
31.269859619696973,83.30844007383683,62.24672387917309,49.188816435151665
31.459981693468563,82.5513230886412,61.86647973162991,48.951174629287394
30.922796883474533,83.50403061128989,61.19865499437903,48.787953941228935
33.7179647788294,82.79857528756555,60.796260264639194,48.469550901687654
33.24000285054848,83.77104487355079,60.03420231714966,48.24259353376854
34.37752965248925,83.91750864238291,59.46176540306227,47.9496659961043
34.498458196199124,84.10351508005414,59.21990831564253,47.577653120761866
37.132287549976546,83.51882407973962,58.99030313739878,47.06768394495387
36.59680878470692,84.55332331464693,58.39369660749517,46.6662495355821
37.67385255083964,83.90905101118847,57.89151745556228,46.30288576216649
37.986457940239255,83.26182880388657,57.26630667676305,45.95901260667611
38.98842147188414,82.60010017835208,56.885535172169966,45.65931429904841
39.90799640432776,81.96589886436688,56.65884371227525,45.31525852202629
39.28873338812998,80.61607348625503,56.293964269115705,44.80809832713973
42.52086863610054,79.98510510686606,56.1880447638528,44.48044733824813
41.1279153292062,80.92082944286473,55.80865528498321,44.19164671257992
42.10765937694762,79.53990606512714,55.42131626619144,43.80919531467296
43.87651859444223,80.49686860910262,55.003613806582536,43.45527821441219
43.08465289220871,81.3415132557577,55.03948014327716,43.31385398887442
43.87205914111888,84.64113950917496,55.01078478489808,42.899070039805
45.616977793926964,84.07292580397431,54.5988181522874,42.49656211370354
45.02627445516407,87.38551593821396,54.25413602370472,41.975737069658166
45.32027548585335,86.69284749254282,53.66613396232616,41.84873000101831
46.428312683180074,86.02375731523406,52.95134977096349,41.68562015234505
45.83381521729692,86.8184036216624,52.652641002297386,41.58403123992078
46.69715729253355,86.14812628405677,52.40743753412574,41.44310523283044
46.252103995106566,86.26726086395433,51.82210650869354,41.20483607303534
46.56137795228026,85.65742571893878,51.20355859434615,40.96190244296329
47.64274974053505,85.10781667905792,50.4899975576202,40.61193798294139
47.70443125859465,85.96289312783145,50.36663452150099,40.334351289170925
47.256465997942314,86.08100118693224,49.83638909249882,40.098135170969364
50.070010730760536,88.37578339636539,49.86615747379456,39.75121413730219
48.71223334065175,87.72398252200216,49.76361615984874,39.645767838946924
48.74883210263205,89.96854186119123,49.69041863588813,39.37394750573259
48.97105012150868,88.68711052549543,49.24598259813487,39.136341863442915
48.94139912622033,90.91875639797428,49.30528458871157,38.84175831127937
49.161020315462395,89.65999099614547,48.86604221022745,38.5878986788794
49.28037081537006,89.77500523129586,48.62734121041211,38.3578702085786
50.00434008895642,91.19492471342988,48.54685978911927,38.2529454960703
50.25710003907338,89.98959814816081,48.04133988888535,37.93455699908101
49.71105571540011,89.40367367237916,47.78181818643111,37.75479560084354
49.78663610412822,88.79310439235944,47.63065740897488,37.63121667635235
50.69676306956825,88.17881962606074,47.15079965295749,37.519390034087095
50.16154387163489,87.56461217905178,46.89000766059752,37.41657453987834
50.75355921418555,86.98377940074761,47.03154252168734,37.25267455029551
50.864664154306055,86.40225645509265,46.809332641446325,37.090645222243374
51.609694654610436,85.7852310703305,46.63831317152284,37.005654461082415
51.76022349789253,87.82324136630982,46.337255484958646,36.87476082446135
52.56647287608403,86.69344521968556,46.03306229405253,36.51774198675614
52.068061840541475,86.11374952046886,45.732032540682354,36.37928156073426
52.235674252093894,88.1186875137274,45.396807717577516,36.24238394955713
54.310576970054385,86.94726103532508,45.097905126337736,36.017968343240966
53.85282506522296,85.72688018118133,44.73799594012073,35.90790405976876
53.40500622964224,85.19213784331544,44.36552406627988,35.70927919049826
53.49228799094894,85.2608443162442,44.19096054366647,35.57186624464071
55.53696044686253,84.67344852250876,43.86443391470702,35.492385071155695
54.94278375733069,84.06123361088949,43.80481348362368,35.46884108424724
54.99990399757537,83.51109367196334,43.69057300313431,35.32244366708459
55.54295433566672,83.03904298743414,43.84702598318233,35.023991379912275
55.20151488133815,84.23185892531767,43.28978606779633,35.11859715223153
55.295014961914966,84.23517363888955,43.102785906642694,35.11196772508777
55.419617436415386,84.22521045741405,42.85358095764185,35.13189408803876
56.219734173958194,84.90257777758127,42.47995924030958,35.00377120545767
56.206299620405126,85.67900693979516,42.50682834741572,34.669708288339066
55.723761022468096,84.56665947832043,42.258094645793285,34.46678141629553
56.40738484588568,84.03384696582005,42.097554282404715,34.32569915784969
56.414570415951225,83.49972206062998,42.083183142273626,34.191989995848694
56.540050609543115,82.95868292034089,41.832222755089845,34.07449260745607
56.568507150184004,84.14916609749582,41.77530967380806,34.0811654582542
57.19740432432512,83.63067970667367,41.71056823757703,33.92508532784729
56.65119020763683,83.14942257628326,41.61346240408847,33.69806552176297
56.19856256738234,84.97157397598865,41.3343481497254,33.60687132696834
56.98897911996815,83.87218563521637,40.932122162282496,33.44843377305544
56.50405146277717,83.33478072557818,40.73211328301795,33.353379398685334
56.62763361785068,84.02675640052595,40.48494897287093,33.1346811618081
56.59407262816397,83.50576572245996,40.55207095224436,33.01874376954986
57.20803581655055,83.4691795391861,40.481220622952975,33.09191613609758
56.69878828671999,83.58700993248067,40.34254544214266,32.85625534950846
56.814993391458245,83.65651218992578,40.11013523266615,32.717250834618234
56.293919395296335,82.62338000941595,40.00687351048187,32.492695766621665
55.78509718892879,81.59749094869602,39.88432652982761,32.26409110128282
55.73723808672561,80.59281804566507,39.98004473423396,32.004216677609406
56.87651049049589,78.3809725791524,39.965238877694105,31.900429708633332
56.44550020906029,77.31148743306164,39.69729960313485,31.779480325953962
55.87471556522148,76.76842391854504,39.71497819864985,31.741716662824523
55.455828845961356,75.65865727698188,39.429202040308596,31.714150752227823
56.08232810571579,75.19762008439798,39.294923122129454,31.51750553606589
56.075614265501756,77.52270262660426,39.30835080255752,31.321234788528088
55.41278949293259,76.46598210453733,39.523502823834434,31.21368078493911
54.81020757452824,77.51249706361774,39.61661856527415,31.344747057516194
55.26288617647262,79.73827959554801,39.8268634552638,31.35559036916925
54.69922616254895,80.3675769467563,39.83518626195097,31.215992887912815
54.0780395759254,82.6844272849316,39.96070337526453,31.049716451296376
53.506764431436615,82.19485264876053,39.9871827390257,30.9127947984221
53.529587459504626,83.90441720584657,39.941536682889684,30.8364051174494
53.59533127207078,83.42684985079697,39.81004905775736,30.6792347032071
52.53840296565055,83.44285235351364,39.70843217050228,30.647229697773756
53.78371832666373,82.89753284139303,39.429128526684885,30.632205182910507
52.61779780635575,82.4518343718972,39.55866628113904,30.422450478821258
52.682087457190946,81.98060318668479,39.430086979468655,30.26519847094109
52.114853416598656,81.537083461488,39.469366476204684,30.05704933688615
52.32157291490724,80.64812796002556,39.05592747958751,29.650174328007296
52.3673995997532,80.18273645804379,38.96427410989559,29.50150916182148
51.831863246217466,80.24114695688974,38.95972312177511,29.38468816412957
51.32424907781627,80.21457745289774,38.90130543377582,29.437827172113586
51.2762154629461,79.71692598972179,38.99737266351617,29.359506080250725
50.66050988168099,80.27471307148645,39.154975829707936,29.317739913059867
50.42783742838946,80.82515353945128,38.544795900151584,29.292383813269595
49.91903480329705,80.82815222744148,38.496586156135415,29.286386437289188
49.366434458846406,82.52218945200912,38.53680481385631,29.093258081695087
48.893153082017996,81.56978520635874,38.42092615128335,28.87318374053627
48.4075851114648,81.13885339588343,38.334982310614805,28.677967579711947
47.976404348220846,81.66439869577061,38.1447648061923,28.679456010848
47.528100415044946,81.22693319915214,37.991665254083976,28.504679585624807
47.66427237350591,80.76995795711724,37.71932133716206,28.37411130781112
47.2916247977739,80.85978109943277,37.42637938229471,28.194465023180072
46.776877414889846,80.91537466061598,37.42503488372982,28.083277900813655
46.80977193667552,80.88589019791206,37.359245840158486,28.142246826221495
46.798651109507716,81.44558984851915,37.38148749449408,28.051810848667554
46.297770503466666,81.47578878373604,37.35542500813188,27.991412978233775
45.72133047182434,81.03292761109948,37.48186581619039,27.85069606828073
45.76229256952522,80.59380742536256,37.399941620788624,27.70287589368113
45.228790143505066,82.09464742847292,37.44455246963224,27.76837789705048
44.297183479175104,81.11097981593493,37.25947552691489,27.687422850749208
43.82536779636902,83.82034867429356,37.183101949455185,27.368709849391372
43.48392093559211,82.88958133718461,36.85237330466452,27.20299979092031
42.48993190718682,82.41274813029177,36.82859024028865,27.150785644112744
42.167908909189705,83.92867111633149,36.46797285069167,27.132929828806972
42.371760696935034,83.01971697048467,36.06026927520101,26.953061672972844
41.52409040166066,82.2435231305836,35.77612689038588,26.525966377411102
41.15144413669364,80.83930508595286,35.5429913645748,26.399118299437212
41.213952479364096,78.39419607082826,35.417974679233886,26.42530858896067
40.34504397712304,77.3030602910954,35.21312670358292,26.664915168293287
40.4276557569998,80.1095126040446,35.0479031438294,25.91266035324303
40.16616731242986,79.15675581077488,34.61356975788598,25.903553389615904
39.336165181429934,81.12894647023815,34.372464744379336,25.761390621702365
39.42997734931126,80.18520723301391,34.184840408616694,25.759750331740495
38.70213573926934,82.71410978437189,33.75717271876294,25.4103225038685
38.329747088507645,81.70146019343694,33.57249925172565,25.576720148617028
38.33890377036684,82.09716660725451,33.554185888007254,25.7146609630513
37.92842074499565,82.09433829312704,33.44382772628977,25.720317591306237
37.05109967766553,81.62954193316021,33.33900596222526,25.720178361877505
36.68586114087789,82.50614987941594,33.14135390874433,25.823220723478506
36.708129005983956,82.01073111320127,33.09681817853219,25.887271912359978
36.71326489986639,81.1099643053317,33.08654639076732,25.834511499805334
36.136354140048766,80.57102256491424,33.314235957370364,25.98626302760804
35.707624564361936,80.5667965991339,33.23961325367429,25.994714959168725
35.37395388265966,81.0994543136452,32.975876509688554,25.86047763753642
34.99410494339834,81.14224983951249,32.810713086142734,25.774886585801823
34.546197714750036,80.7611775668259,32.785584496045516,25.61608808378116
35.025190764994335,82.74778232909543,32.74557557968969,25.31478729577327
34.283191355995115,82.46918557290486,32.40464956865194,24.95951839363629
33.54880173397739,82.11429959825436,32.07049163950424,24.767821756345732
32.894192188929466,82.70563176115999,31.59322537760125,24.47840010653391
32.677014836390285,84.60676439616043,31.14634129034946,24.2010900058536
32.86023185987113,83.88849170872604,30.779907243387783,23.897843771417282
31.969344742900866,83.58752361105762,30.842961273637727,23.640419864908832
31.5172382220784,85.33850982555731,30.891044684924502,23.562965957342087
30.955493105567033,84.49832525425234,31.158934918786564,23.53213510163066
29.980342187742316,84.48803495091609,31.390875774410137,23.552715708303175
29.610824621865326,83.94200069679043,31.266861443054506,23.781734753444887
29.26897749620181,84.70711576053732,31.085654483556617,23.98130704760094
29.6880041464755,84.240680348651,31.112991309894028,24.048787744488816
28.85079293552311,83.3298116217188,31.053600198382835,24.13671166493722
28.52771047128029,84.95132116720757,30.832334491483557,24.363415115499365
27.629935640943017,84.61646741619259,30.892422773592088,24.165391928246333
27.196069068124093,85.3715998720661,30.89472317809055,24.385992498778066
26.68747870011895,84.92736141418168,31.042851306236027,24.405416806682133
26.676507057192943,87.0358645642843,31.064794592088045,24.546588636518095
26.72636600610405,86.2226094328183,30.965076694265836,24.42456972510138
26.733722287999854,86.60084975949036,30.95036413047423,24.538845336644304
25.725912283962195,86.33199994433987,31.221211557768385,24.20415867655469
24.470505296787273,87.80242917205942,31.118755734215856,23.87657001901799
23.36047100943187,87.14982373977521,30.74625816959606,23.453403457365987
23.744953289526023,87.5090736870745,30.82889771853742,23.58650767189708
23.713730065540542,87.89019463209097,30.891344166508382,23.67930170987779
23.29144111473444,87.60287861270363,30.878420133906264,23.396431814438138
22.973104452983172,86.79179591749241,30.66240415039096,23.313218590824896
22.83494484806982,88.9978261760516,30.938723360217658,23.141346785458683
22.41795367990836,88.30182928440803,30.923267006105085,22.83446318787486
21.765715741359116,87.5629219532075,31.383563728793305,22.62391954145535
21.204711212076717,87.10628277819444,31.657862613823927,22.689487717947326
20.414319636577066,86.15981650821907,31.532754748745056,22.876529241819892
20.864388822701468,84.35646401480466,31.486740249184685,23.06673873789502
20.465758638874675,83.48661927064217,31.427452753476373,23.093332499496203
20.5296062048555,83.02310449359602,31.299757621514722,23.164278488091607
20.51167881422354,82.12771825979073,31.335612402778644,23.24443928183897
19.749776490718368,81.19384480532602,31.145089126972735,23.397858267952117
19.38154596192917,80.73052989316574,31.024775030145545,23.46771293786707
20.12818270634284,82.3909079092937,31.24366934253686,23.57129250804845
20.047651445129034,81.17255446148862,31.404731864964475,23.4246658347793
19.53815333945458,83.49477006747482,31.56256234290353,23.086063289856103
18.817474300297825,82.65246713939406,31.287887980428383,23.05463670522895
18.074928679448632,84.01285002945187,31.066321699109807,22.893857209638742
19.416854588570978,83.21410457507085,30.92444961909293,22.796694959582247
18.48333790670793,82.3032148924589,31.1043266774705,22.931318019457617
17.937976316735803,84.52913362473213,31.346531747854904,22.722071102710405
18.626405441208526,84.10105052998101,31.66719690056193,22.729475591386404
18.710927865255265,83.54020376087166,31.49815205246846,22.997424308890693
18.373332218591734,83.43409842935708,31.31775955561133,23.20963497191984
19.20308614538975,83.05083991147342,31.370896670634686,23.11982952337749
18.72066791211497,82.3128184845634,31.480074426396587,22.884554955622193
18.087681040942243,81.77952615259065,31.039135259806226,23.09768316509978
17.75137441911356,81.44377148782962,30.861496482045023,22.91894047320325
18.28121985804612,81.17556490703606,30.64642941725045,22.610729821719854
18.631169604018808,82.50050288615623,30.782835197516437,22.469769680113593
18.158840488135173,81.66522903281772,30.89142820329564,22.468186934814465
17.75578621890083,82.56391020810152,30.85984940348611,22.346199260803314
17.219276850611696,83.06356724927714,31.097663594627512,22.18208972388891
18.008902610274646,84.44647359492106,31.19063064951857,21.924604893926503
17.666171452743445,83.98441253704172,31.04282066728802,22.015454712392227
17.02513405694158,86.1014710091996,30.659826589704704,21.944009941044076
17.577251081377845,85.27506091453179,30.38115179478564,21.945711622472764
17.599906833664253,85.31416925423842,30.335840290212822,21.867494943059512
17.656869035859593,85.0511778940391,30.22191588582214,21.57408653546552
17.66753337014373,84.66035895395373,30.20058721725387,21.542886504776742
17.8119786198561,84.31649889878244,29.91169671782913,21.418605350162657
19.11542474806753,83.60850647877365,29.721545053591733,21.223429795389922
18.94213710400622,84.04238494147235,29.268632631161566,21.155160580545324
18.606294195887184,85.31048482726965,29.148817024160785,20.993465078667302
18.68207884042379,85.82623021780888,28.99724773508757,20.749001139622454
20.207485553067308,86.69076603207071,29.069269120100483,20.581346916248762
20.319683723844026,87.3979894442715,28.84487277854705,20.724975809653827
20.514344472601067,88.51336903609553,28.455551281032964,20.82823111312374
20.135151048625,87.33602147060931,28.440142739963825,20.861540077032334
20.367011574466137,86.4703125201241,27.976421688281555,21.044742379012085
20.635715389091246,86.0102578775197,27.439014059031337,21.19479667819351
20.339027729919493,85.24773970856441,27.26808239428533,21.191219049925092
20.82727073705437,84.47181181965504,27.05323341553949,21.219800756695985
20.962652271502566,84.14349948121853,26.782470346643102,21.117609090223485
22.24442114581585,85.20885295563664,26.477968615377222,21.24593815874792
21.1630956283907,85.14884356689016,26.389336803284518,21.365956936240885
22.276255481096317,85.816208680279,26.416050018745672,21.53324865671147
21.819431819407864,86.17314562534993,26.575569707467572,21.573502401224594
21.383153337221362,86.4624857214272,26.690897192263698,21.75205168864695
20.99024448257253,87.27197649744868,26.71482565085415,21.656848638018435
22.491106355759868,86.94189560812072,26.755969194019855,21.556293594289244
21.68461843968955,86.3602434007797,26.849503789418762,21.200156772229562
20.573558096220047,87.97381272555899,26.805487674398993,20.994533858616013
22.6162573725502,87.32685961406938,27.228275252660342,20.78571137128803
21.66645006711465,86.96226688587795,27.61904557820177,20.760474685006034
22.70770292168476,86.972599570724,27.816437264162467,20.739809315313956
21.438494168856806,86.61256696739324,28.066957646761136,20.697242147623054
21.583868696094953,86.54624417795645,27.776208592284846,20.82988772649661
21.546263145846737,87.78160809161263,27.851419692781278,20.649640990113756
22.804749121355187,87.08145683082847,27.619512527201696,20.526566988057198
21.60946687086674,86.75720194622727,27.741638411061583,20.41893055155394
23.542420090303136,86.40230446595538,27.656928200124362,20.37248626651059
22.922667105761814,86.44233563206076,27.38805259950285,20.292423934299823
23.011158034352196,85.73794134820632,27.211070742322086,20.203628242402086
22.97797939638437,84.91074800852753,27.277428018257734,20.368721454283577
23.222758533222837,84.12473857703617,27.53622823141427,20.444023343599394
24.338581591190433,83.32186585230298,27.565166223157377,20.54271272128021
23.601115914231933,82.0444803139676,27.528929963582954,20.830732377713854
24.832360124182138,81.28428289616687,27.345664555792386,20.83164520524206
23.953270669840986,80.00141915345021,26.832957360721927,21.126486586922635
25.226224648233927,81.58511427056733,26.548836589071023,20.974812599535024
24.911911713120283,80.7912086685053,26.43034660090873,21.068392086879932
26.018768075978127,81.72064200216568,26.4570913695106,21.44998291387674
25.722504698209313,83.72569934117652,26.296206888771962,21.206924417236372
26.47894514629428,84.33491259323613,26.27733943656115,20.735504635096703
26.16385404436773,84.83034609130512,26.168448968396138,20.48371031097681
27.354570539003056,84.40243425689856,25.986960410431806,20.606219169354482
28.081680960918444,83.67496068420297,25.99779283925917,20.596113042087527
27.43671884248939,84.45963150913637,25.822659998159722,20.491828470178266
26.71438138277216,83.80292249305434,25.81102855444864,20.34894013919677
27.69145418353977,85.66553953587515,26.033848640729705,20.25198219991561
27.60313467744985,84.99510502688395,26.21048765290953,20.137876059864183
27.265655511589635,84.2853490190921,26.157118397564492,20.100732901316928
27.414022487166555,84.76394844361194,25.860384446410645,19.87044156561408
28.220270796135672,84.55514768277328,25.685136594841968,19.569418704106596
27.895055624344774,86.13092453998578,25.624525567541816,19.26203047320932
27.443562930527378,85.67787106063652,25.82241360481933,18.75794273119331
28.858223047954915,85.3946980309223,25.79247612354817,18.624443102225776
28.57286999073314,86.78678508050784,25.665984043873024,18.62906177952951
28.681392071124666,86.0036239258323,25.44893988308997,18.804672755861155
29.432574397590066,85.92604029436812,25.336456792898918,18.95984001878951
28.795047961928812,85.19194344030296,25.219969330339445,19.036493393037848
29.88535577409622,84.83790696756154,25.12510190497892,19.04931693886264
29.710449302090012,84.46041197246846,24.780901675706563,19.110293755764015
29.166340749830717,84.27309432599651,24.4896062905156,18.79517280385316
29.655607775350532,86.4818272122877,24.191246010561557,18.458749657784285
30.287288718130583,85.93256365660908,24.268154206191756,18.21700668795126
29.49888035911176,85.69453585207854,24.510253094807894,18.025703382301565
30.592003200059658,86.00657493843131,24.327733696999246,18.069533970958407
30.63599073761519,84.74969937401929,24.23975862188818,17.91987473687179
29.386166413047988,85.29045011052517,24.091152477482623,18.16250066062999
31.13289538741833,84.60296348022057,23.916556182580134,18.209929259703923
30.617748181632475,83.89427418516844,23.623079130594995,18.303536386251324
30.349474950216887,83.48816194907135,23.500693873740108,18.45682913875941
31.795307425160438,84.44132216832944,23.2472438398986,18.52916988727744
30.9351998533143,84.51088924129829,23.653765902799172,18.390035741339744
31.25066542612618,84.54670755607567,23.68364335274024,18.31839911178497
31.832656834340256,84.78399945390319,23.83985854976238,18.503914322855092
30.66440393388352,84.76199593569282,24.179846007670534,18.547921359275815
31.019191311806914,86.23238099521159,24.14168658659392,18.292812579318998
30.630345115044214,85.99458866142727,24.252707984017423,18.10172625078572
29.97491383200419,86.05005065935192,24.233094139193327,17.990802254936423
30.66600134797558,87.99685800071393,24.177167374198106,18.075932373055085
29.501997657100503,87.37224921520749,24.51417488500576,17.997816696772972
30.21281897062638,87.2485818813987,24.427554367220377,18.245151364390516
29.422159873479718,87.31846487514625,24.668381365248045,18.105385376895455
29.105051149583275,87.38520049534682,24.630981383687082,17.971914136494306
30.004778366237318,87.13352852964627,24.838106011751112,17.806398380771345
29.613098555951403,86.59266365536612,24.95218494193391,17.549566748553584
29.585391593972886,87.55029966666281,25.007598865890937,17.634622857612612
29.25879243452223,87.16838233618054,24.991780311062094,17.729440644847
30.319367815938197,86.23713822584025,24.881651069539508,17.580907344218204
30.01587742600816,85.92738746151032,24.8224056764774,17.5341826999559
30.79301997860456,86.76156742769335,24.597239886931327,17.859501741059905
30.217486615404443,86.78614577259566,24.41530272001861,17.81034505125529
31.958438871760144,86.10003371006859,24.248067956503107,17.856701276631075
31.752362209413334,87.7294754552675,23.99906662766081,17.903591053912823
32.092184113502256,87.42002422580379,23.97755941780253,17.86435691452069
30.79203323587697,87.17299546870261,23.949192018601607,17.70124714011019
32.188214867706634,86.86517481142454,23.773088147045804,17.66282360664045
31.606098423354354,88.59529853602488,23.63580517723749,17.45636580372197
32.29253025180388,89.26703212870862,23.55351942119634,17.40347651921242
32.03152170461358,89.64932870385299,23.432364899517104,17.28205498498355
32.79867327007132,89.11016756986412,23.17674273713994,17.081696284422982
32.53971665730286,88.49619975063501,23.06248389835165,17.045287794230784
31.578991783231125,87.84799737875764,23.094416917817686,17.082014718867217
30.86208962621666,89.4583645300272,23.266369128295587,17.015910675205653
31.785330424952843,88.87392410217561,23.317251190967518,16.919882424145943
32.212922974707816,89.51339572199203,23.093716344547428,16.904239690692844
32.63885770341696,89.43637674973651,22.869847715972487,17.058277635203872
32.038388342148515,88.85795263870027,22.816542339158698,16.96088175792568
33.02877103487627,88.19912987326032,22.70992777913334,17.02909340518549
32.454489820161285,89.09187853173354,22.610068814432093,17.116228179435833
32.55721854573352,88.49503881947618,22.404611363287636,17.06168039989528
32.54662417558485,89.14599072858127,22.425800103584958,16.99995839180685
32.956904383129555,88.94664818639659,22.22464612185219,16.77923704281958
33.323159837213765,88.29896628141304,22.104871222749217,16.84912883465573
34.54858452261657,89.23553147271849,22.102227188925625,16.81215245478136
36.14480801739738,88.2861182432001,21.966818235981712,16.876756091847554
35.10936655255367,87.1376215916567,22.206514893155173,16.732167698249043
34.78733396113492,86.8564988183684,22.238889377004533,16.682722545837496
35.97674692089448,86.23792061305275,22.305565225573236,16.697128072424878
35.71726541432386,87.36107994545344,22.211902195843198,16.90131357910859
36.921375251037006,86.70174917240493,22.261823069365523,16.990904851731308
36.90222701738399,86.41142402339877,22.300119536671538,16.954796809787076
36.86614717352502,86.20684950668812,22.372279224389494,16.747192663449464
36.448148364895474,86.83572432601991,22.593816444201586,16.718363819679876
37.41835201061735,86.5817607759781,22.505484483848885,16.608932476066478
38.06566620220851,87.5967076932491,22.439301597468887,16.42170688672799
38.74875441005918,87.44573078728733,22.293419857725077,16.113513360672744
39.45631662227817,86.90747831349154,22.08404136761388,15.984272373937555
40.05524018137149,87.2722226600508,22.081342112543993,15.852357612377407
41.69223026541949,86.40000229095408,21.784183051361335,15.810705686422846
41.14862168652167,87.25692529621188,21.691051871892324,15.867382181804205
41.744230376140706,86.93889586992974,21.67921683557587,15.913749862907686
42.103999501977725,86.8988484697509,21.549950642419383,15.993844663265351
43.871310156841616,86.27897903954607,21.553049637027023,16.054343422229852
43.53048411053863,85.96191132840885,21.6440440866929,16.09782120156422
45.67104563509956,86.14177280442331,21.512195753359503,16.330851780362206
40.80984683610937,84.38759486357397,21.72170721618417,16.27187536137748
45.88759640641547,86.18124709123123,21.71152443775578,16.265270798598415
47.65591747592009,86.21052866341027,21.754004045610593,16.206707654240326
46.91534575998019,85.49889085051966,21.446521681742322,16.437566082856172
46.97482036013756,84.54547924388444,21.327572481427598,16.558505222112863
47.95825978626167,85.37652818112623,21.147038312938843,16.68275203138878
48.01593889075344,85.12651449774829,21.03168010395531,16.588072638617767
49.520307421298426,86.5764658377247,20.979957698274312,16.645184614073933
51.56427309395598,84.7327657221581,21.03279252603484,16.783356696856583
51.85089352259622,84.17130774401335,21.054140848439594,16.71709429377559
53.67987633136643,83.83041435805154,20.959224122245335,16.805039583808203
54.65327036525355,83.79096126186005,20.793873793713153,16.883945776191194
55.55336753895251,83.512349802417,20.77133617521939,16.848616452109216
56.03534694972174,84.63364195003011,20.990646296990636,16.97257004350247
56.70345069023402,84.32249859203897,20.848455170789038,16.997848582073264
57.91910879090355,86.13345292359155,20.798071275987176,16.947338378773907
58.82510335385774,87.88948406734156,20.767008380876515,16.99712855286933
58.81104990180312,88.50384256708321,20.79511528498576,16.956350628402404
60.32803553614133,88.44214212598715,20.729855918303805,17.079751510594544
60.32690705996889,88.14984043129132,20.732112870648685,17.069622072732923
61.752045536237354,86.71791841871992,20.854855838800052,16.960446177187432
62.946447766315465,87.367787113823,20.844957552350774,16.850161873834768
64.37311835785118,86.83352891631273,20.955566206681986,16.733098333894247
64.0367216153158,87.38896750696581,21.035769379982654,16.8074017761283
65.1949242382587,86.83843030297521,21.099462935237245,16.71842678353929
66.88139155076364,88.24185452610163,21.293872809179103,16.884365419746246
67.17967896321707,88.57593821212875,21.297526707785828,16.816426771205606
69.20879015300328,89.68125903356683,21.433576508951727,17.002512088751324
70.32535715558853,89.70579130348708,21.61758780385935,16.953447548910855
70.6145559919874,89.42053811981457,21.64549675073315,16.91764729658433
72.49118943584475,88.86276937968547,21.529138975289424,16.820881739418873
72.84237461121207,89.74429535463082,21.42956701889111,16.86622497253716
74.43154163048827,87.08577309063193,21.26129285063959,16.76516173399335
75.21486609289093,86.50514126736724,21.488027169812355,16.730836551204
76.78027734724829,86.23064130884357,21.360730219322306,16.679131356606383
77.98554404008127,85.97062786650206,21.34186752417242,16.601240568660387
78.5516997746133,85.98375841548719,21.40228042495177,16.574979470690117
79.72766868153516,85.72564995825145,21.43777456866125,16.4943383957733
81.1861842189695,87.2214843730663,21.501176306082698,16.483102378433735
82.41729313257136,86.39248854499408,21.426443288844016,16.350480427104394
82.69422778862504,85.77367314187632,21.466142043043273,16.400975100726672
84.21275891302872,86.87758538191447,21.40406653502825,16.573140013284206
85.693093735125,86.31115644653174,21.42767353508223,16.512287226351074
85.98863999335279,86.29353146375766,21.432805810101,16.547537191899252
87.4765415364122,87.5156167245331,21.441389723795957,16.490876270199344
87.45451224656775,86.96093524693634,21.485448303484873,16.408068553527098
88.59794189365925,86.98704572223303,21.580219308239688,16.355847602933714
89.25709614052585,86.68255245925553,21.453911622488626,16.368833724897673
90.73441464787132,87.5628714834279,21.470706945732374,16.391055079313777
91.65883148328909,87.04019506048465,21.406588782081467,16.246597587077233
92.564844605061,87.60005886070425,21.36927238511694,16.310009884357523
92.59220325925938,87.03308937074368,21.31455507672017,16.25987730904811
93.81018683689473,87.11354422336228,21.24012107724477,16.098967603810895
93.55654425893015,86.81251218255039,21.160784201038773,16.114409653299546
93.91839484771269,88.28124363471223,21.022747551608216,16.105269389648466
95.74997886089287,87.70060741783438,20.86003759783403,16.099722465875434
96.04935949534772,87.07363675792028,20.842111620374013,16.191993202804237
96.93026530344427,86.52604382403726,20.826491216621417,16.123051595609954
98.0437300219963,85.87742196862709,20.92237293901174,16.258889726683083
97.7962415068156,85.61726677028956,20.8329708261165,16.194820980101525
98.46398071986884,87.11353192783245,20.661432489962614,16.112140889897177
100.40344699680979,86.8356104781381,20.250514708737267,16.089981327176464
100.71266188282728,86.71605907244287,20.203437787627852,15.757731287641342
101.47471770145296,85.85446251457518,19.809795541281723,15.785220317018874
102.7853396477245,86.08119443016437,19.427171501601563,15.891411449056225
102.90637371677246,85.51264653031247,19.18510336350564,15.9175053786938
104.37618705447385,86.86159936300164,19.006466195971456,15.980589221184012
103.85574786068581,86.32462853532559,18.94642085891835,15.95360715190693
105.03367351202078,86.29851117675486,18.786974757489354,16.005841869048382
105.70514969993485,87.31311582319309,18.538983550078537,16.166554913006596
105.91400726810978,87.0441199887945,18.66749298845243,16.158322007079974
105.33751326520853,87.25590286783175,18.724316909248405,16.282838291508774
105.29535307530041,86.97872237714598,18.80863728906465,16.286240777722664
105.26661345959045,87.18642358338596,18.866116520484567,16.423156617512703
106.63738204522078,86.64548483473325,18.90159722686562,16.394226963761433
106.10655688035726,87.99469050895115,18.852269537188217,16.473260663836722
106.37540382619764,87.41903200274373,18.870567734230608,16.512593498805302
107.06395449242655,87.65047154062408,19.164183575772405,16.606620147711148
106.47727212924121,87.97961033832918,19.211628975188543,16.51130221577819
106.40021060993436,88.60863542582779,19.36575201380226,16.377579822602097
106.86615433565598,88.09920380446775,19.558654845030688,16.271652782650513
106.56409575213276,88.12959013064209,19.599109100402643,16.210880130301824
108.02664034681104,87.87078211581742,19.49054698450034,16.16519074526031
107.57302293499872,88.14548424864401,19.27598810414457,16.176683331597335
107.3532801263665,86.49393174271077,19.157697544432267,16.13313128160332
108.44029251870906,86.02994642608124,19.204675074552746,15.950600757459554
107.87863044588251,86.06141741783172,19.22193292638635,15.887658773958615
108.42211319775622,85.80263383009601,19.239533985052425,15.85294266822328
107.86800906887879,85.81775202957908,19.243754839024753,15.822706269257125
108.73882957454163,85.81809811214045,19.156824867338518,15.8220141041344
108.16481157433248,87.24915834952508,19.20441757273618,15.711001866916718
107.29006311468804,86.71926820714575,19.306432557936713,15.672460862283149
107.32833258018312,86.15883597518649,19.229893626946573,15.693115257225017
107.10981017078949,87.28819423579243,19.117675337574195,15.631451168651694
107.32563372813368,86.55101791547662,19.232569629377835,15.466179589807235
107.2312070377787,88.20717562011775,19.42142301008777,15.427653958858167
106.9813657206465,87.8867718824383,19.37320299460155,15.52055878446643
106.68657559172391,88.59066083172415,19.41411318050031,15.758791101733953
106.50585437329897,89.41680667373885,19.775555617350157,15.765966546208803
106.20803180850068,88.87669282091355,19.812382876344095,15.72855851065407
105.90333208514198,89.68430077903983,19.86300694460504,15.789668729770781
106.3557321202898,89.1577515295185,20.079292086619198,15.72168201650361
106.60848205426265,88.89927247072525,20.136542027293565,15.675890325470073
105.73522534970364,88.67122549575751,20.194413792832613,15.569103727545908
105.97231898717622,90.07292866349741,20.282252738944177,15.575828497349667
106.22840971989086,89.29715321264493,20.333548160275015,15.43694873877428
106.79195696952377,89.04228202243314,20.330441440930723,15.384697229237096
106.32389888725604,89.0093263532751,20.14437094358099,15.450608567553179
106.08290986520736,90.3850648705666,20.067017855839342,15.495787192165242
105.88652016081973,89.27941668458178,19.90091094975597,15.471538304700358
106.47734404905985,89.03948326567901,19.831170256075644,15.395451601105918
106.88598936265757,89.80525579571692,19.567528992600952,15.52485463219234
105.87936865309445,89.24841900029922,19.37389669269061,15.535091363509421
105.6869184149575,88.96528989592159,19.209880935767835,15.552433339068038
105.48334085138502,88.67807544528645,19.07035606973127,15.580182247156788
105.47919388796862,88.13090661753583,19.078649996564074,15.58454928948742
105.28147499143249,87.83802733588693,18.928904403974308,15.625124467123184
105.26217343905684,87.55790791109821,18.967507508725607,15.641827550435002
105.28941969479249,87.22180553548758,18.913014997254326,15.7696328437406
105.08044162882658,86.86037181364304,18.78534880026617,15.946877958509699
104.58859280626609,87.8788541570352,18.676031702104115,16.095942758291415
104.00826132857244,87.85463909736394,18.742268332548623,16.14437287763395
103.67936254579936,87.77190371478092,18.851050926233583,16.30984364279998
103.66237022280458,88.04345725537787,18.885035572223167,16.32008977843335
103.06709965079548,87.90698194453472,18.967489841928973,16.03899696296347
102.20296403493866,89.15499838065652,19.043358699576107,15.74616725614187
101.71018974163454,88.70288987758059,18.934405162726964,15.555882138836312
101.65118458789682,88.24295294686176,19.05241547020239,15.39075145758814
101.35357866844302,89.66870956558245,19.105982058323193,15.24746447408069
101.82271056005861,89.1945693451157,19.248009016156942,15.115454173949274
101.36043460415387,89.99865788283991,19.092205519051316,15.1278102118735
101.09513686162697,89.56092495000374,19.084807964738804,14.927289998813322
100.8954954172431,89.08060492122688,18.949468593637764,14.818685536629404
101.21372267151246,88.60700053146208,18.843800404144382,14.704321678068329
102.29804231760976,88.34458728276591,18.784403020569254,14.70183769830581
102.33270212343437,87.58386182960167,18.71508340892002,14.64420361131158
101.5116265708207,87.28361654378267,18.784141652763775,14.720329895821731
102.87906860466568,86.75546639617146,18.682549041863982,14.723313608328077
102.30507664112915,86.46200687537358,18.78022886193203,14.785080596421354
101.9510434753456,87.00363743146974,18.960644549993436,14.757120771240384
101.95284623717029,86.50978643815583,18.95703902634407,14.684911073018
102.14579345772438,86.23826707392031,19.099870064403287,14.69922432232163
102.92177922619675,85.95730321653348,19.141318894748366,14.730011914665367
102.670719184636,85.7257980589381,19.111164332394157,14.660747584380418
102.69042826853799,85.22778843648135,19.071746164590202,14.595396012206425
102.96922031968762,85.94042891850137,19.04318038363871,14.757170012209812
103.97961784087593,84.8617192562433,19.147257575982948,14.789717102005074
103.79356806842385,85.67269766500631,18.98601911444561,14.767774303803487
104.03061260813128,84.92042333568425,19.042447108979783,14.680771740600571
104.85917055514255,85.20503271035088,18.975219197777445,14.641515652207376
104.64903537196281,86.04205203400572,18.867193072755544,14.5523664790418
106.03831462447417,86.57293760863854,18.71460704820165,14.54098432196369
106.6749900660053,86.05564051052386,18.486612145007864,14.53022253832461
106.47538320193436,85.81760568785568,18.366809811764014,14.487276122275272
106.46351709667347,86.26712891851695,18.39054202228578,14.621198864299487
107.81085535823,85.82157897740476,18.290975588453627,14.474254710811524
107.58032609633935,85.89226488656482,18.236922170054896,14.332882892491408
107.30395562912884,85.84935931331584,18.27767480782522,14.418694038989335
108.02899495172908,85.59049287096471,18.36961445975882,14.422420824646938
107.43519347618535,85.36608163239694,18.526269672378245,14.355769432548454
108.64606574449822,84.84720245243474,18.688450592239313,14.359957609878109
108.03480877740083,85.71224691768525,18.872304152261954,14.707189427721339
108.20102572504709,84.04461405608684,19.06766321109371,14.875697426172612
108.16461278694221,85.89540478006803,19.14048908730345,14.908763250069658
108.42907031508965,85.62282105838715,19.146746433709094,14.918758290730931
109.85421183658676,86.9240288846458,18.973616750109674,14.993495997608429
109.60968447459189,86.92431010038166,18.928675159957947,14.992933566136672
110.09933116723253,86.90202246314217,19.01597957805425,15.037508840615672
109.62224434138722,86.67697416788283,18.899433917843297,14.952245775183538
110.36166297722224,85.87641278891073,19.017168264536576,14.956796914764446
110.57528609646667,86.14055165265951,19.123988985496815,14.962586146715994
111.37310841915244,85.0438836415244,19.135730692373237,15.012740365988934
111.15196359675267,85.84724587410163,19.041229951649584,15.016387057404218
110.85094208915217,86.37654005095291,19.107869670722792,15.028605295957261
112.15044074212938,86.09776929690068,19.191981588231734,15.049524959369062
111.2706477244795,85.55902279149089,19.33682088037914,15.050520141420407
112.31429458462166,85.02091171469117,19.411447877384525,15.045781936375022
111.49414818073639,86.37044118009928,19.427109814108185,15.054441123970271
111.76001020292207,85.8434269980347,19.43730967313589,15.024621681301246
111.77648121021406,85.8551303066019,19.404367658551934,15.001215064166873
111.7365704029361,85.62472045707776,19.48418927310785,14.921324964487646
111.70137422267649,85.06731468282398,19.554581633627073,14.954883286559546
111.68702683921471,85.05979444256673,19.583276400550623,14.969923767074047
111.91746209377337,84.86394385187548,19.665336923263563,14.818693916626303
111.95702558940948,84.60716332821494,19.58620993199132,14.790541931910283
111.7176777911106,84.29748678582511,19.524857914404627,14.86984740250548
111.79107022113989,84.78308327372164,19.37807305434605,14.979469018423702
112.30414022948639,85.06071791800396,19.431841029185268,14.964153725625184
111.82903075685456,84.48225202857448,19.301008643625742,15.04003417366096
112.1109590559569,85.5930643754982,19.27691412974571,14.97745781711196
111.63348364516514,86.164612447675,19.15511379169061,14.911112832396984
111.63870913835221,85.33427581983419,19.14466280531648,14.965483463926548
111.40540826403577,84.86880924416761,19.075105783691193,14.824099074743415
111.68044114450902,85.43263578379334,19.057835361004827,14.762036672012254
111.47278962742237,84.95251879883064,18.941617188952073,14.659228229485525
112.077043359624,84.98594969538776,18.789253120645753,14.592366436371286
112.14376571477663,86.12320784724899,18.65580841034047,14.416470469360185
112.22721877596314,85.69193290487198,18.48890228796747,14.239515407602035
111.54549647192754,86.20913765735583,18.30938413324667,14.233747744495638
110.99018575654523,87.49353528889999,18.397036551521342,14.222375012632167
110.4012355196783,87.30435243335108,18.54965959404464,14.088102008124675
111.15515365289485,86.82996632206226,18.58015888231011,14.011317194236584
111.48147111792552,88.38284338146184,18.43951319662929,13.977498541720474
110.95377899557647,88.158222927465,18.476310061993203,13.917445760047059
111.24038320655342,87.15919180276222,18.411975003485804,13.880014555666786
112.09104646314897,86.68184381851428,18.232493579934307,13.820147131069616
111.54952479210192,87.07426526834267,18.308399112046256,14.042442041394967
111.0939121966529,87.80935528815377,18.202917277945414,14.097322539271136
111.38602606803323,86.76303840042434,18.12632642427233,14.159408758379612
111.44239820511362,87.00647663929004,18.013582150111553,14.18000867687316
111.47947184162209,86.73918525960836,17.9394348770946,14.208505168349177
111.23138218357563,86.30311396346366,17.930200488172915,14.069820350609412
110.04392355613328,87.47084459378009,17.790018939565932,14.24945789346825
110.71211821071793,86.9690682710318,17.964993380131734,14.245434705808064
110.11540436812065,86.53445779541994,18.14561184011395,14.101846431819434
109.9482481312366,86.23570320303975,18.47992431388205,14.192520799814929
109.4314850658,87.09657445842379,18.486614442479855,14.524450293597633
110.5769091532016,86.54210068258536,18.790377772069085,14.595553243517504
109.12600198019598,86.28954825057049,19.068571427791372,14.575933969489457
108.87708255453693,86.77735018405461,19.037757799445956,14.65763506184823
108.8639883439151,86.26347928061193,19.063946220689616,14.626348677744769
108.84377550789657,86.84987270928788,19.104371892726682,14.512369754479533
108.64773164833078,86.35710335921343,18.96829831544496,14.441585861801814
110.2508475454866,86.69447836012637,18.911653641381726,14.291767046684008
109.7434185126753,86.41702981776747,18.8832684786027,14.325042517201009
109.6418938015775,85.64335120852314,18.564585459707253,14.307202412416444
110.80513063143586,86.90793162228812,18.30442935570041,14.360938529523846
110.42576720256882,85.92908332439058,18.0362017448522,14.264726188154368
111.18553038674084,86.53499658142113,18.04010069862909,14.06851655550718
111.12457156086475,86.9004823452306,18.162018350381274,13.84222458215464
109.82650501679451,86.94621402164073,18.24387770796246,13.750761229334381
109.85355472071969,88.20417074473457,18.189778300112124,13.747892548164074
110.4264908661977,87.20583873714294,18.047381762737658,13.737605056184258
110.1705100927854,86.61799072628467,18.05994399445575,13.91450244768786
108.24150668314725,88.13999912213018,17.8981467960235,13.885338669278255
109.06824647337157,87.13872017971445,17.74325427983466,13.88978046842998
108.8079582939882,88.43881618114611,17.766597529881533,13.775754009166144
108.91338136232437,87.68179752796742,17.555751393209157,13.802586367056362
109.17352062552165,87.18806573070113,17.52841990728942,13.804155880639318
109.69681891965719,86.23156965076932,17.46693174380695,13.746931190925732
109.48448991689693,86.76752560956196,17.400906348514027,13.656386074967248
108.818412008287,86.74911233244596,17.268457095371105,13.693212629199246
108.5790121523212,87.70533753020437,17.260484822881402,13.727850171367612
108.38671600236742,87.1952763871105,17.157865240854267,13.773548693686022
109.50336573435607,85.925236178027,16.87008344489195,13.881732026834339
107.82394995528857,85.97678519922849,16.842954994876603,13.778633984431377
108.57085397347407,86.66535283233455,16.79402415064844,13.84637591036207
108.30144408009022,86.01660492091291,16.850876479739828,13.697969360176476
107.80647391149677,85.07882099629542,16.879930429927985,13.65176443541394
108.02540262795048,85.60663462049052,16.922214730964146,13.556420654911001
108.8086363359382,86.59850325258179,16.793486156400917,13.48966851261143
108.12107296441013,87.2194114797733,16.740042837736425,13.676422119949045
108.05632003420867,86.43856742754781,16.869548698139333,13.80293533234761
108.31548353714265,88.27440565116531,16.833649020251446,13.990677508953127
107.51809654356329,87.5251825191868,16.973704928468177,14.034405693968152
106.96577226879347,88.74565540971564,17.102817618451027,14.032299561802443
106.89644813687659,88.77080083699843,17.24146588228482,13.982008707236831
107.88344671288152,88.3143476023019,17.231620745083063,13.912839169225865
106.66111637364877,86.52970664113364,17.227445049244615,14.053750167536792
107.48526985283702,85.71312420068189,17.05508707249617,14.210966066812238
106.97667167350353,85.4506695397315,17.08854494572282,14.244006145992852
106.75177331265226,84.95737562646929,17.04542427978614,14.24475919723887
108.0721685546249,85.94608991893801,16.86595924185656,14.23639096911395
107.61169849012572,86.07087996419281,16.80817345065105,14.476173838706293
107.36298028982137,87.21265466419679,16.813285272804826,14.65424733097302
107.17866754877308,86.1755447665059,16.686650750649772,14.747427109348262
105.87334497835838,86.41178558447699,16.823349431965283,14.769734765308831
107.05951645806601,85.50774362317416,16.937336681032505,14.588754521128477
105.93906204926998,86.6806059410613,17.19372811410453,14.723676616004228
105.5091668146522,85.91467445019573,17.55125871764912,14.748760000662426
105.66843318543656,85.73101161523296,17.740908805818233,14.607902840850146
105.14313019225331,86.0331296401978,17.773849905704754,14.512499234160465
105.8729556490227,85.62113009930907,17.837591568718885,14.320903264902622
105.90036562784739,85.12305210191471,17.782771611069506,14.305708457376976
105.62789176542236,84.80867467582507,17.823131158926504,14.429875132563183
105.36210766596034,85.78181516167875,17.847481233312465,14.51246665900823
106.06310582520965,84.76135790781817,17.972270239062922,14.517667401063969
105.78066155203629,84.7922404318143,18.026229811325877,14.455902353071687
105.45606423221042,85.79664297547468,18.164667911474595,14.490123423762896
105.04247458385291,85.27931086550531,18.47841311842163,14.49791946416564
104.69525206137324,86.74136402252172,18.65449252062416,14.684007006673689
105.10346890223767,88.04286766429445,18.886226976335564,14.701420066728879
105.27991769412289,88.30884360366397,19.061241339803164,14.697380135227846
105.00022256844265,89.63599301612105,19.09011135480758,14.695682492093905
104.94272726997346,89.05577385729961,19.205101951745984,14.794253985312263
104.68783326856584,89.53893034001072,19.180594658286033,14.896531612440436
105.75215988529351,88.99282011518562,19.19428708579363,14.917579231609155
105.71739638638732,88.78002056921126,19.263814083605997,14.807040097266537
105.75386779563092,88.25556122215198,19.190871265118794,14.785158702628834
106.3582561412851,87.74536830124994,19.04995419610603,14.737684922137346
107.54265339697248,87.16312000369948,18.80517687035991,14.840172924423932
107.07091861950691,86.62640522175994,18.690791589850782,14.855747652862755
106.45468241849666,86.16576933349783,18.868407564261314,14.722163001776988
108.06758833546667,85.89801910097393,18.81045736973816,14.72968652692201
107.29801075968884,85.38890152398469,18.767973599924193,14.693495733320749
107.14285264591413,85.04769672300972,18.5523151028043,14.849930610601364
108.42750414464061,85.76660802021154,18.609067902422616,14.987741494440508
108.44670018310345,84.68373194844939,18.570675825496956,15.040234925417966
108.4288694520928,84.17843754985714,18.606337287518237,14.993673338382505
109.20299430969301,83.93007041675506,18.64319409578464,14.962038763431057
108.66024416659991,83.64114275711711,18.671850594261695,15.011472188852363
109.62819709275189,83.12177911492721,18.85459445571647,14.990874616352794
109.05012541766422,82.68963095293064,18.946476705545294,14.79090983999938
109.69988359590059,82.44954056158866,19.237826974249206,14.740801747624452
110.98523066866763,83.73120888693161,19.336750954772025,14.847083222995439
109.93889983554445,83.49851848887828,19.280748304316685,14.775297939926709
110.59499139890805,83.30271577807262,19.573988409122126,14.631762284360468
111.30913477975133,84.1409376117162,19.75749884832244,14.567115817960188
111.27926236812982,85.19449608064619,19.81724367156549,14.615990460709245
110.81384488034494,84.65950441940755,19.666664934374968,14.604560070426272
110.78946596285103,84.1651818980053,19.715422769362828,14.516744213171172
111.57921606819801,84.21730910620211,19.74852115493614,14.412489796777555
113.00374867165846,85.81598098179634,19.581083033207968,14.433098547820364
112.4911067655538,86.17530219582845,19.53812591662892,14.782697048544492
113.23530166430767,85.89492076149438,19.66729648071228,14.804273130015604
112.50549606501264,86.65056171449342,19.502386077409213,14.917512825910677
112.69019273903984,85.18851037198282,19.673834832355862,15.137404995926548
112.61426016587819,84.64763020048173,19.82569997867915,15.125078234277352
112.47676887822522,84.37471704889894,20.100682553985095,15.121744477529258
112.42576191108041,84.51449725624582,20.2026964882747,15.395480769792293
113.48796006252677,85.11848624521618,20.315587625955043,15.306146512138087
114.7644150637053,85.64535655932954,20.001012494402406,15.371573319313601
114.67611755992912,85.15139756283264,20.177607501954757,15.247782053116106
115.53073141442898,86.51335655541058,20.137963920710124,15.306504280885385
115.35415804277352,86.21272237217052,19.93422798789587,15.350889971240322
117.01725499034791,84.55328277918196,19.935021865316994,15.34278138464755
117.838891685481,85.4021270004718,19.95488235008414,15.308226817101191
118.69373035939154,84.30399723128482,19.90755881871052,15.288014600211842
118.36593285525291,82.91823142029557,20.010087682340824,15.294215498955515
117.874724876792,85.05928172895297,19.88303991716993,15.449969770011608
118.15615889461708,84.50544781755977,19.875501275794306,15.446978804248925
118.635286121468,83.87048503083267,20.027577815393606,15.606573384401926
121.64003793457752,86.39492844922165,20.17903089382878,15.598469305977424
119.01311865294639,85.75505414068495,20.372443100715312,15.75367873274512
119.23961359385483,84.7987282304088,20.48720490404102,15.96307549786973
118.92799438443654,84.13457734071172,20.537529589742125,16.14554981099297
119.42443291890714,85.00699776552013,20.697953000029386,16.13065968021883
119.40064499729864,83.45558384332769,20.745528843246372,16.33917705277285
119.93327536502348,82.776381881439,20.84622727297856,16.5316218113684
119.63207015320891,81.99993503250194,20.860991371734293,16.90922285949579
119.97833970660542,81.80712537641996,20.762444332938852,17.294842171659745
119.98732524501241,81.22882712695692,20.74447325612487,17.852733599292666
120.94946762309928,81.78013190069183,20.642398698076885,17.964930850573342
120.9446106264578,80.75984656980545,20.652112691359832,18.18263008690909
120.59700656369036,81.72039411879723,20.73605926313648,18.09531965020028
121.57632123006955,82.73593544055298,20.61092242098649,17.89772949729721
121.24355297993922,81.88297804589145,20.670399879215175,17.785467160524288
121.24226621932792,82.98569328835858,20.672973400437783,17.395570737408494
122.16234496448298,83.0790306401634,20.62966274267821,17.208896033798855
123.09722328438126,82.5203947646345,20.545727324633923,17.135620303688466
124.24664396672512,83.53493176695994,20.6180829141341,16.884944014678492
123.32853159604258,83.28393320113108,20.684706988293488,16.79707425726766
124.75508639822893,83.03145544932667,20.77894729427449,16.71255977880575
124.74803087060506,84.363087225577,20.793058349522216,16.407490596995178
125.31017214130745,83.24845101964283,20.838409381743528,16.297495861611424
127.58384166971632,83.30097994306183,20.96085720885624,16.192438014773415
126.45217551502569,79.79997736893844,20.888648334851265,16.1878196128615
127.08754954739193,83.93218199346933,20.783314198286043,16.081307860970337
127.81963093504893,83.66550150733009,20.477878329460108,16.03530538000475
127.5977996818219,83.42026941701131,20.347595089667195,15.951823814395304
129.13321380305575,83.73335525530356,20.129744654726707,15.896247699316275
129.2904688884094,83.74414572101718,19.815234484019413,15.874666767889051
130.51162803722121,83.69964467368243,19.617670476813693,15.963668862558526
130.56855765485085,84.26204742421349,19.503811241554416,15.958057148204468
132.56512804981963,84.25558834399611,19.41496445202167,15.970975308639224
132.32328133860503,84.59335860258459,19.342059197189265,15.852033468723846
134.21768240496115,83.84401877506704,19.428148948803585,15.690045173333253
118.42650479650375,79.76072596012365,19.53176338986672,15.572751651680145
117.85287758507184,80.06243513195611,19.575123025297742,15.521280701731612
116.98163470551611,80.95104566570815,19.66227849342003,15.399389925216727
135.53831628175354,81.76289718615786,20.02582689715972,15.429080041209104
137.1868684205178,82.33130336586123,20.07174613327202,15.406608853015959
136.58249257352918,81.71102672937099,20.165487020036245,15.532151318783473
137.95997566155003,83.36374839764869,20.215433181289388,15.592602786981786
139.88223035386204,82.5106425616969,20.310034012821788,15.610624366246903
140.04849586756853,82.79630411433408,20.541971087682576,15.603769363246279
141.85213608290923,82.23010737604619,20.342058550356683,15.600373542036863
143.82143806634843,83.09604388182217,20.356983353053927,15.562870003160185
143.59690584280588,83.64681267468472,20.241641782057478,15.590144453598256
146.76962715986653,83.62613863242576,20.090191296229438,15.631492538116172
146.37538040034121,83.33091140211377,19.755785590267475,15.660497386233867
147.5312442281303,81.976870316305,19.67127303136815,15.584560687002783
147.64523362412834,83.1285659581277,19.44329423937212,15.498276145450184
149.34816387273497,82.59373425268794,19.333734555013077,15.469172618711635
150.64919760231564,83.78479949330496,19.46782654455999,15.275969696444248
153.87605187038855,82.95701477415027,19.567917046659925,15.293089375192192
151.42970524295671,82.37692389703228,19.528976015900646,15.35735239928971
153.09636436983135,83.61010374677505,19.486106753867958,15.633033526234637
154.0138916519614,83.27475627288781,19.307725809761546,15.751503933957872
155.03793890303987,82.7200350988501,19.46524454730602,15.758139662182565
156.42906594611438,82.13735158980748,19.452642497193075,15.81564586585337
156.68315382617337,82.5989622326717,19.49913405343647,16.00175921284768
157.98775028663417,83.46442545708214,19.68189381532715,15.946004373714178
159.63775965980903,81.82288666774807,19.74366061248645,15.867296408873285
162.89536788707164,81.89934438510372,19.94809901243358,15.71438097416196
163.0380052841157,85.52621781175023,20.22344781087089,15.748740823699407
161.93075989885082,84.71572663824891,20.17636106025641,15.673540029843851
162.11247070339317,84.63128088417079,20.376390408710805,15.842431538000081
163.7654979638115,83.98955989838461,20.485876597689398,15.987359939634011
163.5582955213817,83.40977758831966,20.900281482549026,16.000347677391844
164.3845147100971,82.4504469566804,20.987333257647084,16.17951878814144
165.71331515170039,81.52113457144965,21.2501284105335,16.285905936947152
165.31264736051563,81.15357598673604,21.461639138072414,16.431198251543798
165.58949743351863,80.00962313580294,21.503360544716234,16.337417742810622
166.84686266160585,81.12265078314172,21.366741579429956,16.489473939021234
166.59358969671555,80.80954703696007,21.278364871175526,16.52075879334951
167.7788505647633,80.59566684288612,21.284170510680294,16.35443733759736
168.3386551309152,80.96138948693047,21.347484587301643,16.214453653971262
168.090648543906,81.35367939812082,21.84349776132006,16.020017985873896
168.02117381821353,81.97756754302215,21.982447212705022,15.961261915553582
167.49422339304522,82.02284501400635,22.440693183602697,15.870706973585172
169.0448280992117,82.26159916192205,22.34501961713443,15.994305846926727
168.97033653204716,82.79046853448106,22.494002751463533,16.139956196863377
169.2653983432576,82.41935556174917,22.51022728273084,16.275833988638993
168.87401893494948,83.15485009251313,22.684157825875683,16.63132974752544
169.57476464910232,84.06805346791452,23.134579690896363,16.65683629004907
169.10132244441596,83.44922807011051,23.45690692024409,16.64537272560711
170.98822361789541,84.71532097573292,23.45860666178837,16.63018830669775
171.0626746432382,83.75384894798863,23.309704611102788,16.666054749010677
171.29036338699663,83.72856372803874,23.481689409208936,16.716625188910456
171.24874622149866,84.01717748495255,23.56492374020487,16.77019686114157
172.62601488466663,84.93123038472112,23.34215262858961,16.840915722644986
172.54624291937108,84.21775684984107,23.501696559180708,17.006402232314407
172.24110424741878,83.89872439778576,23.47610457307383,17.008597806413544
172.85338143857496,85.17314280857951,23.52258471631241,17.001830035927924
173.19212880212842,84.49227330228364,23.48120094310098,17.091347140728665
173.81582580891552,84.47956972532889,23.50771428604445,17.116754294638145
174.4998936749436,84.49566987611036,23.41512491467317,17.084553993075225
174.78131524121673,84.50634592169307,23.4881211003196,17.063201901909785
174.1731735754226,83.4972986956319,23.431211428710373,17.171506849235897
175.37623340254532,84.14331340428141,23.575133130606865,17.15449811000783
175.08938366353732,83.58003574752556,23.509416621271487,17.002221448816815
175.16573768361988,82.95967003689198,23.356708581106375,16.97111746342775
176.2570235953317,84.27116250276711,23.073407887347088,16.880494037896607
176.95954892596032,83.69528988912401,22.92296296964752,16.777633521625116
177.37692919222002,84.31668027975246,22.711533334974888,16.781514536061763
176.95097922941787,84.01444300267502,22.32306825380873,16.76580658683142
176.75718579114178,84.69824688925549,22.096639534397823,16.626230005596693
178.14083758310449,86.22810305488709,21.762479107920083,16.607946621143036
178.89248845704958,84.39565919392336,21.46496548363845,16.655469972244735
178.95208108188447,85.63697195794929,21.34578023396871,16.56934904956646
178.66149039102197,85.37527944828472,21.3310586311324,16.49683108433427
179.52450761255534,84.7666976757342,21.388516476319914,16.524999770599138
178.66565832696975,84.16868370978034,21.318713479670386,16.529359990626418
179.5914531288234,83.89539705399844,21.251639197884778,16.48109486154965
179.28489560536693,83.49176657339196,21.271726430911777,16.10230019499071
179.56202831754538,84.6761353245743,21.304619159307244,16.08219530363559
179.09821653467603,84.37432847010811,21.057580823104853,16.098478061597394
179.547020217523,84.29226830645425,20.743803883854003,16.26259838890514
179.21960531467374,84.86888811432789,20.816924873323433,16.272776405615968
178.90745941901784,84.0486061483326,20.858223853846635,16.164361905240813
180.23395898612296,84.97756393065461,20.532665519838105,16.05202694074804
179.3915333465562,85.03362002359263,20.492349868857403,15.939914754872017
179.16753275343336,84.70505907803894,20.36773549199778,16.024421082874152
179.18968856121617,86.71446604882877,20.323423876432155,16.010191757202872
178.40878562680453,85.54285339730167,20.171707453789057,16.068720671635187
178.94007774274186,85.64615704018047,20.248723732143517,15.862113385877592
178.25619455903615,85.68848423447457,20.48124074738351,15.77745899728939
178.99027443803848,84.66603770153898,20.72248300227914,15.54314937929345
178.102689201813,85.26856271036486,20.788690370584593,15.47740809773868
178.1239351647627,84.1332104783396,20.746198444685234,15.46976698312751
177.56141655175952,85.58196127938928,20.733605910940046,15.416339780406974
176.91894566611472,85.65177952954443,20.883050073041687,15.276703280096683
176.92170960364385,85.73564271537904,20.877522197983456,15.108976908427453
178.6126653444832,85.42187169862586,20.884970792235723,15.171625595945327
177.27434907494361,84.82833138171343,20.73142578893941,15.226635212820016
175.98263487463242,84.57272780640582,20.49181751597493,15.17323502871788
176.24377029140348,83.78265706577926,20.529637581208885,15.073103813642886
176.03997864994227,83.23281265328649,20.378196410133743,15.05474373063327
175.53191532657019,84.65039513185866,20.281478202875547,15.001690908494798
175.2887340177872,83.38668510541409,20.21375779952674,14.75869585680975
176.65942913757118,84.26248588645419,20.21771639554572,14.654303596081707
174.7472984111481,84.0344316270531,20.210068057747364,14.562996430506107
175.24312313678118,84.36297507668955,20.310016743760293,14.45170859987273
174.9218693081848,85.40159579293272,20.407042594462258,14.556394393349601
174.0734618232585,84.82910168030331,20.4578334422121,14.604033203873257
174.79349201143165,84.61137660024414,20.66845748874854,14.489255223030696
173.70385905531165,84.30710075178482,20.641632370809656,14.546284162404646
173.3239821153729,83.47752542473052,20.849328196351443,14.549260653506074
173.4490169850743,83.45339611678544,21.15450496687715,14.597519269396228
172.5485449900295,82.85342241717753,21.273493688646717,14.676163156398752
172.0036057122352,82.97686421709956,21.799624249969476,14.993027550820553
170.57427547947492,82.94635071417483,21.773645964983434,15.054054556670021
170.3291351168908,83.81090952420692,21.68638144590259,15.057572669352924
170.6540373356992,83.47071115709602,21.61286306601222,15.16168334584833
171.23421565270218,82.85124346343707,21.606295751440904,15.246829413731602
170.86349423871482,83.35749743498091,21.769538685589,15.39072125829713
171.26684442269868,82.88011424401526,22.12892133778946,15.17940462006029
171.04697473747663,82.27939371704666,21.983681802672365,15.210887862875117
169.78970004141786,84.1854731816589,22.164997127206654,15.481888551921344
171.16511063613618,83.81160106541708,22.366797474114357,15.639108477136139
170.25374601642164,85.14436929011062,22.40101889144153,15.95441839791894
170.13424374312825,83.89071231334057,22.640023438028344,16.054188537469773
170.4806433386771,85.6623623736128,22.55437136547161,16.153771128171684
170.14012128965123,85.32494437045429,22.627925401914084,16.221117072879323
170.81117677001055,86.86648273066557,23.11495197558444,16.186602909771796
169.8177190141247,86.20501044758045,23.25232803629866,16.276521175237036
170.73110851202367,86.07621531959228,23.285769557658366,16.534111431213372
169.68155129820389,85.6681367388427,23.51040245111469,16.725441414651478
171.1741110589304,85.40501228503761,23.682178242880553,16.620311259617882
169.8518981700459,86.03421716912199,23.797626534557537,16.62639023449515
170.38009914994694,85.3505257962677,24.009403479716564,16.725594075242558
169.99638389211447,82.5358142612309,24.137906924168163,16.604673504395752
171.2705050030996,82.12542955361785,24.14513535167567,16.786575257252395
170.94537325559182,81.16861460508561,24.153414386948256,16.77425177508794
170.24579908204475,80.51431132271576,24.268751043479934,16.799046649265186
170.1220985300782,82.09463869100524,24.516152147413013,16.858676533047237
171.8493123265401,80.78373078799834,24.954382464240993,16.885387065893244
170.7212179173388,80.44983901263747,25.243100543781793,16.897347036994365
169.93775492755418,81.50990449354241,25.489291623677676,16.758318424694547
169.23453258920398,80.810532998467,25.572225756310985,16.83355087077823
169.58867669952988,82.04969848815266,25.52819069546769,17.012232530641178
169.83158311031136,81.32626388519908,25.708941509101653,17.12597446615448
170.83739360504853,82.33626671090413,25.710835446687156,17.11948374180424
170.51420937496408,81.87762925292766,25.68611167280935,17.36566642371049
170.69250961634702,81.18822766341185,26.004319052095997,17.394853878637097
170.46441905355522,82.22380024062724,25.780419019176406,17.36395219971582
170.33905151684135,82.48208468620427,25.354954902814267,17.523582498351626
170.13741412338808,82.07052464773675,25.085798634227483,17.67427151979343
170.89735059548482,83.72960085057913,24.90763243484097,17.71038597612604
170.66611533649686,83.03027794662057,24.70134996801199,17.771525814433303
170.4970875756859,82.66845061382291,24.372770732016605,17.828545722411256
170.9079182069291,82.37118912289554,24.213696435009535,17.76048173878664
170.9612581036738,82.69781469008748,24.107016641520143,17.766285372253094
170.75849688650567,82.58379783081155,23.855009782894644,17.99431909080497
172.37262807204243,81.90789150580393,23.913882016787305,18.031277898833736
172.17000420200125,81.95864628640972,23.660202087362215,17.92976833762217
171.7649495433801,83.33268560071856,23.8169073454022,17.795305945813748
172.37125361459726,81.0101429268667,23.911484997189962,17.86524101374009
171.9885763912279,80.62046978681803,24.02066306337273,17.988410913281484
173.05245438225478,79.89349902754415,23.87246580537527,18.1226466157917
172.7252990060458,78.94175808244867,23.866987718511744,18.046761988137977
172.74924307183747,79.50423931085207,23.819099586928346,18.238731867081363
172.33919428344592,78.88063157816035,23.978328238330175,18.164209481702215
173.2765991235052,79.27314387707223,24.089761929706444,18.041266007710067
173.2718394564587,80.94911677649918,24.099281263799448,17.998166234405492
172.91625831910622,80.31508394989419,24.149234500299606,17.943813811205786
172.31789537629928,81.03528696823213,24.02380161419099,17.825566546252457
172.01194966173384,81.94510516944536,23.978457465138444,17.977636878376217
172.7754325731141,81.72208635753671,24.428594280523747,17.764640289478216
172.15197509695452,81.01692308842183,24.350738631179144,17.850196226044204
172.41042630144767,80.70062953995645,24.496443820097568,17.82017572507019
171.7380208758675,80.68286356304453,24.512601121138317,17.855707678894014
171.6702676988784,80.51733811120906,24.64810747511656,18.18675858256499
171.42664114780666,79.47228359165719,24.46271709731445,18.258937181831936
171.99632901474757,80.17199958106528,24.665353837609956,18.20151767719311
171.95216379364624,79.77490213614331,24.75368427981266,18.32256510604173
171.58457614830516,78.74487154664756,24.812386121066698,18.353205936748964
170.93046005638945,78.38123461714088,24.764882690225352,18.40261198842593
171.1654051390349,77.71082129421887,24.972947196703362,18.387529290732097
170.79218421704977,77.99186568133284,25.038518571029577,18.506310986148225
170.1373820785453,77.59985783768315,24.98049548284997,18.606512990853354
169.82261756874783,77.57721858282306,24.92545223079599,18.651791500573538
169.67842406447284,79.7853266774578,25.213839239345965,18.342428620743625
169.59870523795666,80.33317716889957,25.3732768923783,17.9305158697468
169.27969451858462,79.60058172587989,25.33187163726892,18.03685336807918
169.57360708356708,78.63632316461741,25.42459873803788,17.9237137984024
168.29152185070737,77.99045732839376,25.268405994053754,17.85526386599789
168.2193008031628,77.65033749048521,25.412848089142855,17.858903845248033
167.93095083073513,77.23445327875984,25.310703933390524,18.011828168091046
167.62714724624868,76.57355738653486,25.23849147537846,17.973980698571154
167.0812792219547,76.16619454407456,24.97402136154464,18.11060330228088
166.73981296024056,76.05928648407622,24.980611543952932,18.324419422277543
166.4085051815161,75.68791462909984,24.963275046767546,18.38721107759603
166.4047786808662,77.01573954382158,24.970728048067304,18.454434415939104
166.3637792072156,76.42886949164208,25.05272699536853,18.264307994240944
166.36673129281738,76.07223268023736,25.046822824164945,18.29752099417921
166.02802682101037,75.39605538350365,25.04371563533161,18.288843322751887
165.3563295765099,74.96582466119376,25.026457021998027,18.468978216204356
166.26017551790025,74.88054140245117,25.26782095721691,18.639544733689544
165.55541143875658,75.15778178384114,25.298384987047157,18.774546035138133
164.87583556204504,74.49709666887878,25.27322005060391,18.711599575196598
164.55638716616622,76.18881189738399,25.221372089650508,18.781892881741346
164.1499662882318,76.21197935593041,25.34310657070244,18.735557964648514
163.71651725812126,76.19553478240712,25.517804972992977,18.768447111695096
162.83577186903506,77.8921591934536,25.888508756304592,18.85216577675413
162.43972547935246,77.17257175949737,25.978205712343577,18.886548998014135
162.99996049319049,77.09817714892704,26.26637868362092,19.03533821915482
162.1401029245348,76.32678046731158,26.563819506682158,19.1558572681356
161.64718693002655,75.93354366087087,26.83202329578631,19.224702681104695
160.62786732249296,75.89619582504521,26.702187303397885,19.299398352756015
162.06686972181564,75.13452389985582,26.712524706489923,19.378571102266093
160.7441632639184,76.54880695605249,26.463764826509486,19.444177785647682
160.35509927992416,75.8203654129822,26.52104902902304,19.45937334083838
160.37831747233676,76.58965007327515,26.474612644197865,19.364730173444357
159.41112102552154,76.9159409825891,26.249889560068407,19.43185368073642
159.41893688447286,76.27724418619624,26.234257842165775,19.274464092231767
159.15769013531465,76.56013482449127,26.042176868845992,19.4232572872779
158.88522243765613,75.74474029447006,25.873020527604893,19.625862874203875
158.8260851742339,76.02804751747722,25.991295054449342,19.774075785105374
158.2065037288039,75.62711195799292,25.79235801666377,19.856896939751223
159.6543486419987,74.84345679313434,25.766128623178126,19.989477053016422
158.99736858799096,74.0655097556173,25.64184143053017,20.107123827387092
158.60731410754656,72.18494371244815,25.702813546250347,20.272571687882202
158.17234454546113,71.46842178597777,25.8499945104058,20.260099220792092
157.75609722470608,70.39636244182776,25.95768114591649,20.229793891093887
158.42955177006618,69.59450919105481,26.06269638102882,20.381576066807213
158.09872671212963,69.24497267480234,25.99430986913234,20.35061247154256
158.10175901520623,69.7304611616137,25.98824526297915,20.108122651248394
156.96227148151223,71.17623203064959,26.093873273834497,20.114376988553524
156.28708535546616,70.38705323613549,25.99191708287944,20.24040613453449
155.83445473020873,72.0576799565093,26.170520108562023,20.532443817948025
155.46458155128857,71.56678691265188,26.17612778464229,20.780091223902875
156.48374127132843,71.30167862417655,26.352547399763008,20.572061449120078
155.7449706462489,71.24102309911679,26.35495433742119,20.693372499239576
155.70768825342535,70.50204615364163,26.4295191230683,20.69217399667597
154.91639167477234,71.17490628632433,26.530717237916885,20.82784877376802
154.42406389565284,70.50008324639104,26.770921671772463,20.68859260486773
154.6839932503635,70.51969580215305,26.996920859268815,20.64936749334371
154.53678522331543,71.99461817062993,27.291336913364958,20.694197798462806
153.71851160325173,71.15197073478807,27.42010377180064,20.871712288454823
155.10980474582038,72.56109457931636,27.67252174573322,21.088468858468108
154.35643191436105,71.80696418353905,27.646992274024008,21.06445451539486
153.6334370461724,71.05918160725562,27.562269266982234,21.029306924542635
153.52454005101345,71.60401289188945,27.780063257300156,21.46662577947735
153.8105318453304,71.63815660121675,27.98202316268467,21.39833836082276
152.92127110240452,71.28046643914328,28.20871733110914,21.337805026256078
152.17782664753366,71.98853600109885,28.138841672389873,21.47843047080593
152.09957110872813,71.69918470879124,28.295352750000944,21.277520648428467
152.57456615001763,73.58968158304265,28.12407970172356,21.39011207143371
152.50429480317374,72.91758620857638,28.264622395411322,21.178410504142576
152.0360148071207,72.02167668853886,28.424553736140112,21.41697224146308
151.58836802632382,71.639024983398,28.536883240905688,21.399311594916615
151.48520012425288,72.84063825166443,28.74321904504755,21.349242847051723
152.35564776539985,71.56910308418522,28.5757363826733,21.5321942521306
151.8382275721292,70.75786466740205,28.82342691321882,21.580371373705365
151.75627320571098,70.30863205711356,28.98733564605526,21.687127523120317
152.24816605363864,70.17599524165368,28.79950007465105,21.952401154040064
151.77110749356285,70.61231669009706,28.956195161595684,21.87718029036025
152.06380756165595,69.31928664598077,29.169377678810385,22.067492418390206
153.16523677744885,71.19740914162828,29.38133848855364,22.335946162643573
152.32341934656975,70.80046039778173,29.439865575350616,22.317289762856056
152.25326846443352,70.27435082816405,29.580167339623102,22.55636735784957
151.68704309961242,70.1061284611351,29.893435077081662,22.892812091907473
150.76408132199597,69.66115174338766,30.08045895847665,22.953315690483375
152.35285080424163,68.81612400681625,30.236079880950076,22.976791220143838
151.50685077312158,68.31098220271998,30.25598740927329,23.151028561377963
151.0384047799558,67.7679340715089,30.353686723325698,23.39793215152098
151.9376819995873,67.25029119834525,30.244549190069034,23.588509444845137
