6.5,166.5,42,26
7.528009786521622,165.52969113980248,42.134268870950606,25.87718823906373
9.074678909905025,167.6036921318394,42.23103895541503,25.982664029964813
11.623296249065316,166.51447541292941,42.46673211920305,26.027926330941398
12.571539397880358,165.93315343902438,42.71196876093792,26.11970880906898
14.45517428470653,168.68511950571164,43.248944117512565,25.99608308847818
14.249963613948033,167.52315415656142,43.65936545902956,26.156058106356735
16.917835855272553,166.9594405012353,43.777536214881586,26.192702369308776
17.293247337738165,166.77749377515985,44.11987255108458,26.556595821459688
18.35867893493721,166.67022326846092,44.197789879643395,26.771136834857558
20.47499016041004,167.6839952277251,44.40182879053504,26.961923597247825
20.35709660055362,167.04323941786097,44.63761591024788,27.12801785627971
21.986201979994778,167.01389410712065,44.74458435362893,27.186708477760337
24.231638319695953,168.18753024724296,44.750944121201144,27.088052421003006
24.169497786754,167.64903944860043,44.87522518708505,27.042292474469008
26.30414646127825,169.41938104260294,45.10121206500702,26.873072456691823
28.466393302589157,168.8376194013091,45.27403474930026,26.912266647550744
28.38656246843756,168.90217816357642,45.43369641760346,26.78314912301606
30.515079316287643,168.37882401495938,45.68766958486518,26.70210570450966
32.15721315291676,170.6771279965042,45.793858366111365,26.626106347425967
33.784537173120285,170.09505160507658,45.93053366079115,26.659818018585558
35.479861718024495,170.6704065279199,45.939004103701,26.642148017138293
38.18603055568681,170.1198935044192,46.1909968691317,26.610307975988704
39.26725380402365,171.83489756315427,46.300676256897425,26.588488685177648
40.85508459194113,171.21903998508046,46.53696989920333,26.682885435278322
40.850553215827496,171.23286159433897,46.54603265143059,26.65524221676127
43.10807319295593,171.25738837935998,46.59934034819562,26.606188646719243
43.61666882274332,171.80600935471176,46.72419280902116,26.650990416415972
45.85995376388816,171.2211294367718,46.8162380703979,26.676096466379295
45.80672089585964,171.2044404878661,46.92270380645494,26.709474364190733
47.46824397284022,171.2068437482,47.04541856655045,26.704667843522945
46.9090869775906,171.186457520666,47.013410407960194,26.745440298590882
49.19667391898196,170.55171771678405,47.04040107294682,26.864378769412465
48.61633025522191,172.27252392586072,47.04812721714493,26.881649901225035
50.22992124819754,172.23730597583605,47.281051958870684,26.952085801274404
51.97604740584053,172.73186738848543,47.26284459706441,27.12097796046893
51.50676774320082,172.04379911472384,47.04079116374798,27.33650174939625
53.81577601502789,171.9541782595845,47.06667315175332,27.515743459674948
54.93080637367728,171.3169719787254,47.16540014137671,27.625762167931985
54.32449314949226,171.33214200081034,47.210305159314984,27.59542212376215
57.19780483319486,171.30354159719369,47.30305469770626,27.652622930995438
58.381375489228844,171.27881452220268,47.27635247841568,27.702077080977485
57.706369840191975,170.76452709752533,47.455703708008784,27.559991861851536
60.44541680798534,172.58828373305897,47.83219054027268,27.42522705149463
60.92830951113238,171.48104964961058,48.04061788622743,27.291269713893715
62.52165000412389,172.76433367307163,48.379011068736006,27.074751112632647
63.669149027839,172.25351541539018,48.436708285416564,26.92003999594014
65.36359544059117,171.655386291422,48.571508498276096,26.94173389775523
65.88213152848334,172.1436431531103,48.71136206007669,27.142145911963503
67.58233450481434,171.5559292510805,48.85818131131731,27.135165314722286
68.72925736387955,170.8887631004915,48.93325337731697,27.285038723835225
70.3712947164475,172.0293115181926,49.21354655422584,27.380187143129486
70.92112208148623,170.719657178553,49.307778139889635,27.61172319092619
71.46772746119119,171.91309770891982,49.413791092940734,27.623289555114557
72.02248075128904,171.21694011363826,49.50527252288411,27.814616735538614
73.78940225028924,171.7441823683601,49.58822466395557,27.965730605785556
73.72608950189709,171.09551798414162,49.714850160739886,28.053662545896742
76.66315296545932,170.50533976276697,49.90455373418539,28.021252888532093
76.57592848757733,171.13138056069118,50.079002689949355,27.984192047757293
77.67290706744447,171.7143777301577,50.31898359819685,28.035166742815154
77.63942800838925,170.43330391868457,50.38594171630732,28.1545452730155
80.5195811093576,172.2749344525107,50.74767609950776,28.144508556445537
79.8343895456172,170.89162663700066,50.888476666625294,28.4519590667391
80.82579162360327,170.8827406844128,51.37947832518131,28.469730971914828
79.93201856300726,171.54431039524,51.922563013951375,28.391052982682393
81.11091808778319,171.56227887333392,52.067035271572934,28.3551160264945
79.70859628777276,171.58787697408854,52.36637371556605,28.30391982498524
80.77257595587893,172.2268941214092,52.75079470396909,28.28207569265164
80.58134205027068,172.26338945748222,53.133262515185606,28.20908502050561
79.25855403898834,171.64276760739614,53.24712045014847,28.184469676876887
81.58900047759752,172.9101900651711,53.654675083248364,28.18384851648609
80.82563037267974,172.30694320960686,53.90832031095333,28.11724724548397
80.04204165614843,172.28428727868234,54.19981981656346,28.16255910733298
79.33623315984303,171.6202147613254,54.33069705865479,28.209964391527407
80.53618338595193,174.19102614009705,54.497752332856784,28.202253086823646
79.83149050882916,172.7250949280923,54.62133975708762,28.562518850803748
80.28996941485781,171.94857882025562,54.998194516210944,28.82173849529653
81.36809495877995,173.86617566013604,55.44955866479505,28.897967670178268
80.50599588769387,172.5799715399147,55.86200548233923,28.84687326136499
79.75041750962485,172.68729274034263,56.056233182696616,28.632230860509143
79.75497418285435,172.69736087434836,56.04711983623761,28.61209459249764
80.25698017037192,174.64446767250973,56.35870603143406,28.664675506869653
80.837681846079,174.06440614085557,56.51837720988424,28.503724040313642
80.63319715599795,173.34896023196129,56.927346590046334,28.613980969541508
81.21115434347736,173.86499798933306,57.099963915501434,28.910437155211838
80.43251237278346,173.79060247763812,57.32106411140377,29.059228178601785
80.93252026040528,174.90583112714066,57.663042326896345,29.512758861069095
80.22992764897128,174.01065536319697,57.71339238478992,29.948275223982023
80.78639309938733,175.22282329410487,57.9635391283692,30.250094650988963
80.00599799666372,174.34162122610041,58.15238414542874,30.640553598610232
79.89068791252592,174.88214669978922,58.38300431370435,30.9409345325006
79.69416102374728,174.8247660106791,58.77605809126162,31.05569591072082
79.56403824333687,175.45062023416511,59.03630365208244,31.20172080037168
79.43165000360526,174.53453192972862,59.301080131545646,31.62982902173089
79.35619773585019,175.17206677043623,59.4519846670558,31.770068995843115
78.53862931882958,174.36221587840922,59.66718594246059,31.969835221260784
79.92079650428057,175.0493868640258,59.75590776723163,32.02202134786417
79.09719712744426,174.3089512645335,59.974377599840494,32.074163625784905
78.30872401025975,174.2826022871057,60.11848414905646,32.126861580640565
78.91810306796668,173.52447134510874,60.33559084276877,32.20725865550828
78.92836520447946,173.53032163101096,60.31506656974321,32.19555808370381
79.64394537552097,174.26691619012874,60.323842967578315,32.16230570538643
79.49667447528383,174.3028999335843,60.618384768052614,32.09033821847526
79.3716218184015,174.2536257705133,60.86849008181727,32.188886544617276
81.30934799210605,174.18725889197142,61.33693772615726,32.32162030170104
80.27461779193965,175.54492032540918,61.94926234954097,32.52056898872374
80.92749021905841,173.8953158831663,62.11307440261856,32.880664058579285
80.76407990255974,172.9432648490482,62.439895035615905,33.30661585050014
82.0417767909154,174.96936412314113,62.86503534965908,33.725218438446056
81.30353558132052,173.86336303871752,62.837816184072324,34.43351902251676
82.69661892385713,173.0481926923613,63.08248270249834,34.54844311347954
81.67392077542661,172.92114235540828,63.60688899852295,34.802543787385645
83.03006581486017,173.49112221361676,63.96073602304723,35.19565262266435
82.75791488785117,171.88170775767236,64.50503787706522,35.324473452917495
82.52787953319515,171.21345271406636,64.96510858637726,35.105746427381405
83.15473499800558,173.50423072825475,65.26967954932434,35.199036076708396
84.50649828396088,171.67145327970655,65.69488727140998,35.73585667980856
83.54817431585015,170.810563094995,66.03171564300393,35.8778174846042
84.79759338237864,171.55670012271466,66.70730545752207,35.972757402952354
84.4214390939466,170.54948436386434,67.45961403438614,36.3883920050294
85.17352552241421,172.84436265929185,67.57243913980525,36.649629301237354
85.93778017319464,171.7311701248076,67.66706107973621,37.252883128714075
85.78696038496135,171.55622764791903,67.9687006562028,37.602768082491174
87.94581704775554,170.34223114899993,68.58676592444687,38.385501549051945
88.58929826985437,170.02980137321327,68.96753688754963,39.010361100625225
87.56592864225536,170.70329757228689,69.33027702616407,39.3473678190616
90.6189346079776,170.52471357272088,70.004654779861,39.70453581819361
90.56505093989163,169.41323093529448,70.11242211603292,40.21634994790185
90.38266853853494,169.08139086248337,70.47718691874628,40.88003009352407
91.74269951929664,168.7474113310223,71.2333304417752,41.54798915644621
93.30079493799826,168.4969737097632,71.63841088159332,42.04886439896438
93.0738077246814,168.2208652239108,72.09238530822702,42.60108137066921
94.60446559992434,167.05095057991943,72.61348291438145,43.149703980331765
95.28347615077922,166.82989158354846,73.06368195517717,43.59182197307372
96.84583204280702,168.48954413484643,73.58372731815484,43.917274017511055
96.5220680957087,168.29486072815126,74.23125521235147,44.30664083090136
98.02460851459317,167.2728937028373,74.9297902696421,44.498766933999484
97.77325145427398,166.13561504777627,75.43250439028049,44.90788575870637
99.33289337058696,166.9360934776803,76.07286265685127,45.186749948496676
99.0511086486703,165.8381138011599,76.63643210068459,45.48865867432439
101.44721473254597,166.72590117803864,77.56680250585197,45.62061144487315
100.98952276547047,166.55329467542433,78.48218644000299,45.965824450101756
104.40929518024295,165.46148628658926,79.41470062618035,46.20642647384129
104.98310895660902,166.12496439768555,80.22800150190442,46.84039868010495
104.69187975653863,164.85392658374806,80.81045990204521,47.398741385036075
106.14931440515575,164.6880300007781,81.89924862107213,47.73053455097599
106.7021797293068,164.52151496398193,82.81712503358843,48.063564624568336
109.2940066899194,164.2745116498146,83.76207047556568,48.557571252902996
108.85727601051187,163.28887855846898,84.63553183438074,48.46358361761022
112.44910158683366,165.4712309879522,85.75831202051481,48.2520944280326
111.99497562694339,164.30076340025064,86.66656394029536,48.50339518564981
113.98176169604498,164.22138955437606,86.90767945683515,48.66214287739902
114.47904197130029,163.09571212242486,88.02673099395065,48.799885653675275
115.07382081913681,162.12424663866443,88.96967056447517,48.61031935499859
115.95373909525954,163.31335375670628,89.35301522190295,48.37528632858814
115.42533074656373,162.13961858137208,88.2650164288803,48.57794118884228
114.91608754243771,162.93728177060373,87.15127351064153,49.11484413686976
118.07195561795399,163.6773412277336,87.21429812320947,49.759645477143536
123.25644568390165,163.63205988237866,89.66620182699373,49.850208167853424
121.49994210601429,163.32810484622652,91.00458314429049,50.45811824015765
118.94190272698606,163.15095883583638,89.50637192661748,50.81241026093798
120.58347126508151,162.54531083425735,86.22323485042656,52.02370626409598
120.54412618574582,161.30571664873148,88.46232390796588,52.34249573627985
134.650201947825,162.8728851624585,91.03734438568657,51.40724242324573
128.8090726488236,160.75166103362338,93.83395591651083,51.20686714732671
126.9719372550979,164.2907343261922,97.50822670396221,50.90665499830893
124.68481951977819,160.80630216912084,99.77420413498241,50.95074519359403
130.6141185262611,160.77669073626697,99.62701751276252,51.00996805930178
127.93544500661,160.66155686455002,100.30207492847909,51.240235802735675
127.42462682308056,161.43069782906164,103.67872954645594,52.056972124630406
127.91490869069293,163.57226982053106,107.53539175738514,52.61105408784549
124.0300389403946,160.61714701044124,110.33586359767264,53.55203204771602
127.71088570363919,161.0246495340058,113.14172002494811,55.278914489028075
132.98376761819893,162.02080556572685,115.66029477650271,55.899470141720776
135.10914247474676,161.5379875439907,116.73041446705275,56.86510618519307
131.7108584070529,159.5725719675413,118.14129940625094,58.1030957399971
127.57066267179154,159.13679016789308,120.95179940963655,58.974659339293595
124.46587464589257,158.68969932477805,124.37022894537625,59.86884102552366
122.52713488697579,158.0202346324004,128.24770846320982,61.207770410278954
120.76800711268169,157.4897621520997,131.76596401179802,62.268715370880315
119.08272117319243,156.71287251770283,135.13653589077654,63.82249463967406
115.88436180011398,156.12500920313127,138.45077014622902,64.99822126881719
116.03279666384643,155.56198228478095,141.30518630453696,66.12427510551781
115.98683614269359,156.5778902596116,144.60962622453184,67.30497803354578
114.55366296647668,156.13331980646637,147.47597257696566,68.19411893983619
114.89283250376891,155.61007335331198,150.13614877787933,69.240611846145
113.40658528718312,154.93011604313682,153.10864321105092,70.6005264664953
117.10594536100821,154.2844770479894,156.09759797362366,71.8918044567901
121.10108084476389,152.0933792779748,158.6932215225039,72.74536849135549
121.21933829948459,153.56173082578258,162.0380272037663,73.38998598644373
126.93946650231337,151.33605728905388,165.16267969797133,74.20010583493547
127.01324381460273,152.90263151766482,168.7159458350826,74.7677781394036
131.0351172847212,146.73372673528792,171.95926288529614,75.81852371370692
133.05714925281922,148.24453389104238,175.57094997378965,76.62478491454283
133.41534264237652,147.90001156686938,178.74898174275262,77.31382956288883
131.68956676985425,147.4491944127801,182.20053348779714,78.21546387106741
130.07712084493085,146.97618761824708,185.42542533764396,79.16147746013341
126.34654429207804,146.7288497088053,188.80473174150458,79.65615327901696
122.81226245083182,146.38456141891317,191.73384232994115,80.34472985880124
118.93149549850132,143.88482680011674,195.30140414246793,81.1502270042599
114.66960758661637,143.3136776971792,199.56540639050291,82.29252521013497
108.4985928603206,140.81529603552394,203.22424708866163,82.94769415622906
102.31574383348583,138.37324215901612,206.7779248960047,83.42579178608145
98.30324520701285,135.65283471185822,210.33718857391807,84.40087310536468
91.99976253244004,133.08326217348795,213.87539125608353,85.00563684861517
83.21346175465891,132.85585260335984,217.65967489513338,85.46045598887139
73.89861171554385,132.5044093142367,222.31337277461714,86.16334256711765
34.74494718771098,130.10427072150833,224.81055309916076,86.22548545687926
33.11017605495101,128.24033676361213,228.0800953646807,85.17824581487257
32.14956427197019,125.6555046082755,230.00131893064233,85.54474622554446
73.05112446079615,127.59743906190475,235.2695412345839,86.49817413393006
78.17718811391508,125.07988226206267,239.80724790123529,86.6033430759845
68.67313464454051,123.03076594366442,243.82504749066885,85.70480659634246
72.41523771383875,120.96710165392861,246.4165998721338,84.79425591578338
71.25312790861473,123.14112011533362,248.74081948258183,85.50450498433281
81.17600897089481,124.59901761147178,254.41688067465563,87.6930746553833
76.21794738590665,123.59910415579223,259.1078360730609,89.69290156674239
82.17011612890391,122.46514833517051,263.1889482619616,91.96081320798585
80.53118509305207,123.6511041968826,266.4668103336653,95.01687089172376
81.16519225310475,120.04634175485955,270.72906166220724,96.69613012712257
82.27069122151491,121.19735623753343,274.1396787917452,100.0157162281331
85.96965840535668,120.25356613613997,278.2026970012401,101.90329643092002
90.35845426925718,116.32740945600722,281.0705673185276,103.93287876864127
97.56247647140526,117.96157475848132,284.3638211380454,106.56498090496441
104.97579571865373,114.16419379948643,287.5223722458662,108.16467962218164
106.34164323015037,113.43329719882232,290.85982120361587,109.62647282350986
114.26386039062618,112.91206267205982,293.4453008798197,110.66894187703485
115.90276821134393,109.36325348034623,296.36662181346367,111.5674236853826
117.44622317813952,109.14665767412785,299.5369043971474,112.00061529781935
125.90286941193187,108.90952417301679,301.55492042846106,112.47488230004149
146.85860630980687,108.81671649542236,304.0787444507788,112.66049765523037
143.04744901030796,108.65928822399746,305.31365748255394,112.97535419808014
135.92705721310386,102.38278473662547,306.7329051776941,112.70682527355615
138.3456246954263,105.68714640140988,308.32201216835404,112.52434389929213
144.5176288621093,105.35088633495398,308.86938026561654,113.19686403220393
144.63016799489617,105.51105123717007,308.6443020000428,112.87653422777177
151.48204334984854,102.02990279277631,307.8538818315815,113.38216584583756
154.46778511435596,101.90176480354086,308.3368821916919,113.63844182430849
167.50044663074115,101.49590592228964,308.1356614983933,114.45015958681091
161.49877801714354,98.38767002601858,307.18342110815297,114.18884257063525
168.5452330395415,101.47098221553654,306.009382867581,114.48165409371131
178.8788010943071,101.44443195281599,304.6859196241561,114.53475461915242
176.2655194129589,101.46523147675303,303.4826057482733,114.49315557127832
179.9418683833108,101.96013867956918,302.5417838397166,113.503341165646
187.14604470779034,102.34101950268376,300.8945718619233,112.74157951941685
200.47376008196576,99.05213707123734,299.6121066211843,112.97610300540677
213.36502073430927,102.96987588702862,299.14589906627043,111.46970381126751
230.67309476772783,103.3313901247131,296.0060819011069,110.74667533589854
248.56674787147895,103.7740013629541,291.4050020670771,109.86145285941653
268.5752845001749,100.93865071164934,288.320031170921,109.37680376848672
288.4467859129727,98.60768200935144,285.1913665146291,107.9363514781986
310.9613245032843,96.15607534713612,282.3835630041135,106.80795427832817
