51.5,47.5,25,62
47.539514124461654,40.300349356184796,26.565992633320707,60.67310871380144
35.706458383519035,36.78769292198364,25.97999666241349,60.96172506753918
34.585570314027656,41.31736828924051,25.539437331047935,61.29054847924449
41.29945825843398,37.48222586529818,25.49277311641525,60.93216632262117
33.43280562337485,37.69393426258939,25.240773884169634,61.840858236569076
35.198675530975365,37.71181244583863,25.731257410381726,61.805101870070594
39.01468896455291,39.616998570048025,26.192894687865557,62.04156169397126
41.37441942002605,38.56915436829174,26.915617187888813,62.77670424474145
40.09198099524972,34.35128067957615,26.712563801585972,62.90866091460615
44.44864703350128,32.30567305194239,26.292918482188295,62.853032791320935
46.813892663856365,31.375078426942462,25.684549632782414,63.340181237552706
61.40368960435208,35.4680956588556,25.280250772647292,64.74591178067854
66.88837681404435,30.478405303718105,25.376945609405148,65.04248189182896
64.34426736544953,28.72987639728919,26.297406761162982,64.37178195925499
85.12772493238674,30.43292652997094,26.611488117855757,63.75774812659598
98.59403066007965,32.8125155330222,27.534002075572243,63.17683893245881
90.863262854035,25.599733876584406,27.58809230382202,63.595633714571186
82.51382631111915,24.618501860698323,27.394616393357488,64.150401996652
88.17013918144347,22.874837508792297,27.38042768263305,63.40081681424246
85.18338841279144,22.14346481112203,27.74909273231445,63.46235308767733
79.92339499424814,26.72853704363515,28.408840253634217,64.15244793841791
81.35439641794154,30.309077190053337,29.837524817442933,64.14251333090739
86.64178983348933,37.868192332245656,30.903873418634586,63.57570233688179
72.625926801197,42.03729442909908,31.091896688873796,64.03024639402088
70.8995487059166,39.615707862114355,31.593925868872095,64.4473290121466
78.67008958541768,30.544529144922812,30.9545815845931,64.70760147686187
76.24090917021496,22.909571125386435,29.881493088661557,65.1488942000921
68.92113338655534,15.84014519407119,29.81553055732568,66.05278337393298
58.95969608939694,14.623747875569855,30.465530298985897,65.52052034129618
61.14564988127447,16.720849914136963,30.55215102381651,65.78484457274763
70.64204647886706,20.6605275300345,30.94934373838734,65.36317622932026
79.1459708661859,23.95484127996197,31.84946084217411,66.23620117880886
87.07135835278696,22.571389008423708,31.20608713991833,67.48236559479075
103.67020748763906,20.51888582397516,30.08954721557193,68.53202354984424
116.71937545148353,23.224321853759086,29.887522157133105,69.21440110657053
113.39275061675005,22.51269032416033,30.42224823409383,69.10803326764149
109.71976046452698,21.165931375611834,31.61814193065465,68.7265078607958
125.92952249803739,23.264597260587706,33.36422121323342,67.63514003171674
134.25079925461114,27.023492651652973,33.96397794703981,67.95476299820163
143.62932610948133,29.664646157611934,34.197486061490935,67.42009644233158
148.72387179352373,30.23994713952569,33.48089931217627,66.26949447850407
149.60900658570532,29.546453198460704,33.260140645125254,66.10697144332191
146.99772977639367,27.00468878616799,32.309435581057,66.56055625588868
148.87526671063387,24.57913505688213,31.621306993719088,66.81124579274666
147.36727493321214,30.71377594856488,31.586984329077787,66.74318888732024
120.8520656791394,33.40940816387589,32.81627107802673,67.44617525189783
102.82274729071978,33.363386711505754,33.1050125120277,67.5382181566381
101.34265548680766,29.055703081312814,32.94205558715648,68.3457340852853
99.67432074257246,32.09038806140899,33.13765613866198,70.12903646750519
102.42672614696009,21.350858290875742,32.43269635224117,70.80874157836905
102.69374977311921,10.441310060933091,31.898649099922938,71.86004834122895
103.35277155772604,12.475868273965794,32.184018016106236,72.60116937135449
111.88247176900347,18.65256329181139,32.935616324736586,73.20123295834344
115.6761580308116,18.641113318933222,35.19484741345324,73.22413290409978
115.3591331159046,28.441684110047852,35.828897243267235,73.79405641840027
105.84429470790664,29.496238922489347,36.1556447785447,73.38521309176441
105.193907575422,31.604540717186424,35.7564564734909,74.26849721243948
97.19959544910692,26.68450860567249,34.68574176918887,75.57889195700125
97.85130542466231,21.158389220335593,33.38232181807807,76.39311546845904
120.10795478050798,15.363375349480172,32.94550769942903,77.81164676562167
131.1010525020696,15.7940890925113,33.164036034446234,76.95021927955942
126.873706589136,19.754504489442724,34.82087580724245,77.52670355203522
127.49108091068689,27.475586026256778,35.323130873207376,77.71757386000743
123.46009154996254,31.899007714659653,36.39074839201132,77.61368198650764
122.83460561745339,31.87252427734237,35.87596085205766,77.6666488611422
127.74342681392656,35.58743711570758,34.84598419732169,79.02448892262218
138.36045896130344,45.76333810661725,34.72198512798468,78.02358006410155
131.23606260206174,53.33230843143512,35.03097165800827,78.56792137648304
113.83448477373608,53.66250975625691,36.47381184127643,77.90751872683947
116.03483613491227,51.52154443258552,39.159065558311624,76.87498204464156
110.5498652072055,50.932171696263836,41.11393759980177,76.25071355450024
101.01631886869527,51.24943063409619,41.90665388800984,77.44363331771676
92.6919201557109,37.28528289212825,39.969590229913614,79.35172328396169
89.64029239676333,41.84366589935476,38.65959638365644,81.35483131573719
101.05202454244477,47.742983875445034,38.15434800505177,82.57515464599894
107.89995758667472,56.6127430378031,37.54009431852862,85.39245581004059
117.978890469974,59.90963173812726,36.371474854314144,88.29330156058433
123.85855224243426,57.69686650527065,38.05344016527518,88.87846378175999
140.16002089707504,68.12499824267945,40.702729527372576,87.60677067993072
121.17337406793129,56.32839538252052,42.91752076105935,87.36097478384808
131.35284361450806,53.7540568516781,42.774221958188456,86.44495975844814
144.5307531855794,52.923021613301884,42.492299701972215,86.10134585936007
154.5064575798523,49.28613751752515,42.49861699213726,85.39202361942921
157.93343090220762,47.13717777895161,41.601184885031394,85.71893340483979
169.86428567258787,46.74573715037095,39.46138345252096,86.50181466200111
169.5888855053637,54.77992988563267,38.063398979368365,86.02370765228551
166.7070395759631,51.02919110820714,39.992509877960714,85.85602328671904
167.28608347511744,52.698600650610906,40.78310896512931,86.41457797286598
162.8594946662645,47.67685900497928,41.75378562495017,86.60493506677298
120.04321542089892,56.39473793239417,43.79341262894816,85.09164035227333
108.04053016745402,40.931629128139306,43.75717670887417,83.96238272483134
120.19794215030939,37.59162755222679,41.291228150006035,84.68360167479021
124.74369053730155,33.98566466281606,38.06236625369421,86.03289257593917
127.79134561919288,29.745250666829506,35.801867050482464,86.84409864677042
124.02244162502288,27.8495127372219,35.78305980260872,86.85726688787875
128.0839321786698,39.230175916120054,37.10512586687129,86.76405374181785
142.58145968347122,36.67222853889076,38.687745353599034,86.14663452821445
137.80799941102845,44.650745402872495,40.51445829143747,85.63001601434526
130.08358680025734,44.027208968539014,40.32723441027434,86.87708888301222
131.7842231639022,43.6268863315705,38.89536101488137,87.67773415694924
135.8643841577106,38.4939038939661,36.60278950056487,88.16411490999089
132.04627439793336,26.089470687700363,36.54928852333518,87.9813897079738
127.3825475482324,15.54328479336035,38.20137085143669,87.96649022557772
164.15343072786416,16.63211755859902,38.67874764481467,87.73669688332778
170.42923161303813,24.40567568175385,39.79785688377904,87.81325036194647
169.27576968009166,25.3767611725578,40.131041243466356,87.84481888654419
174.21239753176278,27.10406106101786,40.157984919171334,88.35029886124295
185.41162340500534,32.81836277942325,39.62596984852121,88.84884270216034
166.00582837913268,34.63133345860449,38.72246734660706,89.19441059916383
164.90119426002173,32.40078883175988,38.95688764052605,89.70580396424714
164.08803202093986,33.02935697603262,38.596822501239636,90.43505729315179
155.20845056746424,37.35476213299456,40.431344048029175,89.74656765930875
128.6785702389546,40.45658379499132,41.15481455144338,89.58172704534658
119.28996913268094,39.47584844799579,41.72300234244334,89.51997391472128
111.36332674830439,44.86292631218844,41.318176231915174,90.93940134579695
114.09057790700496,39.408899450609795,39.95531439379215,91.61835387075894
113.47536981600327,38.246211771714805,39.154029263537524,91.91202791629091
111.62473377443399,43.131763194990306,38.81170977944811,94.27169977142374
117.61272894506409,40.20010927374995,39.13452558457132,93.98560454071274
133.0153854556839,40.19407104172097,39.10032606895567,93.99768100477071
139.60232518444374,43.77989978956806,40.28327000945502,92.97894782251322
136.43887071999598,42.26420191866282,40.4386081585952,91.89596304448685
133.1519640996084,41.553286345387654,40.87969501147274,91.27355206173796
136.0943882478821,25.085226853449882,41.123772582839244,91.52206641673922
140.05022371825896,20.55325571754809,41.41558282371166,92.38252750691673
166.818078441782,17.209385133760776,41.66051511159273,92.864810012769
169.76977806764017,19.22437255314003,41.99648391767717,92.99441387921101
169.87060587798948,25.557142620017117,41.79482829697854,92.85429638778913
163.68474151829855,32.10998238127139,41.67458252793841,92.24059135370258
159.6956302996008,27.94904242672594,41.36891084549144,92.27857714295095
155.64350457759247,29.217237375493696,41.20853234088354,91.80834473257156
158.70311525254846,34.02166653122666,41.258855106826815,92.48205994753104
143.87603090085557,28.720752278276215,41.97255940265877,92.74800830787696
125.80293832089727,28.89024945287447,42.69802090289196,92.40901395868045
112.74771963688275,23.606125041865013,41.62084460258181,92.52048829287659
123.92437206633986,12.291138240511458,42.08257696591498,92.33542467333635
116.7055419732429,16.846238706444396,41.96368636983795,91.54325275991101
125.08951927678812,12.508385940951989,41.723007174372775,91.95532058508317
125.19359186516962,20.945355514531812,41.5148619976098,91.62281818105001
