561.5,311.5,22,51
558.4424181626405,309.5673239673472,21.48166445375264,51.61195237691916
553.2795490854043,310.4203293804545,21.670107411162018,52.15867381671851
551.4216941492809,310.8446828804984,21.973007501573065,52.44757007724265
547.1855243341055,311.4515431513841,22.41530042496687,52.380999065036505
539.1411644658799,314.6115218524865,23.5017564284826,52.985163385725045
536.9467532113681,313.3850445368709,24.344774752455574,53.07424856025564
531.4918597915109,316.7427828929391,24.472321090431713,53.54693218261137
529.5459427101576,315.7799190537101,23.535624660476977,54.26552721290402
527.62067478456,315.74050543867105,22.581823493564208,54.34435444298207
524.0123858245992,314.51004882975917,22.686369981541304,53.249251944833475
518.0331059296975,315.3420657544357,22.931213830352398,52.75658968957973
516.7399990833533,315.04471078951804,23.1802890542942,52.18273038504168
511.23532368853273,316.34359815891264,23.707869762608006,51.91423788654755
506.11517635605367,315.6180894740932,23.418110688270918,52.19524928515368
505.9086331576912,315.4370471040401,22.662193511612813,52.55733402525984
502.91453747094556,316.54492310090546,21.68477386965898,53.82438753925172
498.31894683012564,315.4670412140579,21.580916985424402,53.65639177147824
496.4956584830408,316.32285184098555,21.754669144042083,53.10237869614029
492.8222099480182,316.6359281627606,22.185245133242894,52.476226052590114
487.3703395805224,317.8438247971577,22.72705756055212,52.36308351883643
485.39856712417907,318.1216703155386,23.192796629281425,51.80739248207465
481.5217792546751,318.6983399580257,22.830463488350492,51.81346875137736
479.0082176087593,319.1927487890324,22.091939643055902,51.97778051678927
477.67283692987206,318.4928361903786,21.335294955728973,52.23513703239632
475.53758792121977,317.43811729185506,21.074776574625417,52.079066630239375
471.6713792895972,319.0326534750927,20.926138001115206,51.141724502837114
471.35725927025226,318.4793738630067,20.444668957488943,51.13857464469285
468.555430385215,317.8357445409785,20.542913228296293,50.223667889042275
464.578357707519,318.7132722786619,20.869483020015895,50.647919717581836
461.5444740752061,317.2678563392633,21.429349494325447,51.33559128025274
457.8619746078247,314.7044125252539,22.06566093095026,51.976687242846296
454.40940398277013,317.70767130509336,22.118876021108434,52.82209584311834
451.5064304227928,314.01318724089805,22.14909580954533,53.28019117368752
449.7276821644026,313.8694222344572,22.21970575475151,52.405425662711195
447.2544781517981,314.39884864803463,22.562464146142613,51.34657283555631
445.38092222549574,313.8397195991633,22.884651376613625,50.18154785187652
443.1464316195122,314.38031412697,22.83204860147189,49.10035879626311
439.1942633809308,315.17461824163354,22.940131342315325,48.62550110069593
437.5287624979205,315.793454798995,22.94496592741155,48.49655037961444
434.7598503977343,316.9970608072911,22.948152700370574,48.303193333987515
429.2274375618822,317.6555192987331,22.97133417223432,48.09044077108764
427.4211941002063,318.9254456112145,23.27942393978891,47.75351958332298
424.2496895304227,319.2838058381189,23.011004812395083,48.138703840674296
421.9440313259838,318.9521617344594,23.21087927497082,47.69913156141771
420.6640628243746,319.1633373368083,23.570976692605896,47.27678035672004
416.06998380785075,320.52602357639694,23.95923311739742,46.7513832796068
413.11995362745614,321.7835759039294,24.364313132238358,46.43427076292116
411.71341551730126,321.3260973713094,24.97476521815338,46.24791576096376
405.9910814837382,323.69609222511895,25.32904654307769,45.94408075022545
401.8397596390887,323.97213853196445,24.746795434688803,46.502599986245386
400.4928989540966,325.96087889744064,24.113865702748946,46.96065405785847
395.82336721060494,325.1829402638406,23.51033785623573,47.411798954670104
394.3226328872529,326.8358587556861,23.2090659855384,48.509615994181154
392.77512274590424,326.7328329846017,22.96892761011332,49.82738708905736
386.25858056245505,327.38026193652894,23.608060405159858,49.65925205537118
380.6673100800186,328.8779702046993,24.57168119605278,50.07014224369046
379.7166150115029,329.22943183717086,25.314883223660747,50.525407088170745
375.2861419681261,330.3305446807916,25.93176876548633,50.678627270908564
370.6640131658664,330.8160628452379,25.651041152745456,50.89821409417348
369.20724397799404,331.2608793338662,24.997592968966714,51.19757663675791
366.08300093235783,331.19138211647623,24.153738642913964,51.336571071537904
359.75530359112406,331.4232737364444,23.945764738699886,50.87278783160164
359.6920760795578,332.5037899210528,24.072219761832347,49.87076668048027
353.48140789286674,332.9329765065813,25.02754646110151,49.012393509423276
348.0407750804032,333.69905286450876,25.553530508212738,49.781414477527505
345.96551185013294,332.69948041121995,25.02030272088373,50.60962082213767
340.3019200418409,330.7038719628881,24.60893489136781,51.07927228497133
337.4137952659139,329.97056430033354,24.517306977066504,51.37231211684949
335.94898404358577,330.9397835282099,23.91816036080731,51.78638636837377
334.98766535943435,328.3178253888988,23.49713953632401,51.17115716503042
332.4358167757818,331.76440640189145,22.823277061325193,51.211066709810005
330.3742777508088,332.73429902638566,22.369285768180895,51.559816132366684
326.71991596113077,332.90795282433095,22.83006603857199,51.21250853647614
320.92698534381884,332.6951852588741,22.97185100007316,50.49363604007752
318.7522856318756,333.434533671781,22.775411258110562,50.15139900572591
313.4301490284258,332.1602358798463,22.139257843004298,50.44390926519421
312.01936461293997,332.5120929586789,21.597515697001814,50.8612987665204
310.06782462561705,331.7601138451089,21.03029007357417,51.247680594142004
306.8279215441347,329.84788775992325,20.83155742798217,50.61977355880883
303.0637469417377,329.77201288384293,20.65640721513231,49.6710233941632
302.1174466600377,329.9488029808334,20.381610487019223,50.401141845938824
298.80686935475205,329.8473751192836,20.466732895952052,50.60399756903854
295.36324970284056,328.88897894833633,20.79130318109304,50.333233571372226
293.2265833008864,328.9813912401513,21.777683218651305,50.14840898774236
290.4186281336693,328.3056986415833,21.84135809174927,49.27890000034377
286.8507732728135,327.2209621537837,21.28428039204538,49.25043371268144
285.44066377351913,326.42228221969464,20.83828874630968,48.67031981797668
283.3469894997665,325.39847258229804,20.735789721634085,47.50055341363418
279.25303066628646,325.2578457821507,20.49394831240526,46.72808712940521
277.81110106672503,325.1466562796993,20.26301165704319,45.9122008494798
275.1705999112777,327.56390779846186,20.432153141453703,46.189558638438825
272.25556210206486,326.99416412456117,21.11537338446472,45.27030383607433
270.37250935235375,327.3174986655738,21.79748768101183,44.62363475404919
265.356996920641,327.67854147789416,22.55451179974523,43.90154912940838
261.51949774938004,329.7720680021348,22.99875011698292,43.84635895251815
258.51679997976134,329.3877677480699,22.7653395294206,44.61495946064791
256.5154849437176,330.34142702549116,22.579702196365826,45.8488414596622
252.96865699722196,329.84699064777834,22.23988658603774,46.83771421508791
250.95758446848964,329.19168754763473,21.980210906850495,47.07786523121216
247.19947287579893,328.17431059877026,22.01047358657301,46.97377327018149
242.71488196159328,329.09487977239627,22.432169622114976,47.269506371146754
240.26569189403511,328.53695631014824,23.010143830686665,47.30525181400675
236.0080650481187,328.2995367281526,22.799960887969647,46.68941139867929
231.45057466064597,326.8957372395749,22.21264849379978,46.26291265279638
229.65241598802456,326.0280652971814,21.562577585792155,45.875062410958144
226.33301578825663,328.4497541128555,20.88908361727363,47.299365666513744
222.75802062066836,327.5186724694344,20.664535385849668,47.05451793432711
221.70360412155298,327.64023143604123,20.68136526704045,47.85740155963346
218.3852364514132,328.65184864970297,20.970541656613634,47.95002011587872
213.5431764107894,327.6220372658158,21.075330385097818,47.88090258303901
212.02673798584576,327.48224820901544,20.912561578994584,47.09526547797608
207.54408088966295,328.212221630874,20.419243535866084,47.737236908813166
203.03848925527535,327.9864544218997,19.96642655268244,48.18877132676191
201.57644564639352,327.6100856832163,19.74035427939524,47.891455640444946
199.5882204327165,326.3949430644606,19.549819348834895,48.2382481989991
193.66456802142542,326.3454502593591,19.920219205551053,48.337233809202196
190.87076951704742,326.0441208785978,20.25094602514291,48.9398925707247
186.94977474652518,325.4429758588471,20.631312781000577,49.07623649805669
184.1997143632984,325.6495105258317,20.758109196801808,48.6631671640874
181.6910553982834,326.0400903363534,21.49166588349973,47.88200754304406
178.37438430501157,325.22271419466733,21.689679769185027,47.371650392796674
175.15277328405645,324.79641895443774,21.721214007020485,47.15562623924343
173.75202933895318,325.51738183941984,21.32462501686562,47.845751722853464
169.42694754612262,325.4253194408106,21.42204585299529,48.029876520071994
165.11742658137328,324.92092496268253,21.45327132048534,49.038665476328106
163.91262275917347,325.36181169680606,21.685574864695113,49.24554405817594
158.5918335107466,325.6553094983858,21.369719154418178,49.75429187572951
154.91647195380096,325.26639606212257,21.03767841113917,50.53211874825605
153.5486236289358,324.8132856621685,20.46468410151706,51.43833954816418
150.44715681310137,323.56489868995027,20.033091358768004,51.72360470112802
148.2500534795466,327.23393378577987,20.018771116422197,52.100456601015594
146.5957351482621,326.692763777737,20.005548410377138,52.07551016089657
141.82113410010547,326.77722465858,20.70122264572086,51.9065883992106
138.0676261989869,326.91680335340965,21.50793278646754,51.62743100955134
137.03351620115177,326.50708181061833,22.449096919152424,51.31981823214862
131.33218572975048,323.8361484176345,22.45919910315795,49.82614976283797
125.85498087225868,324.0201480577249,22.23590703563146,49.458150482657175
124.37914015853637,323.6756289588325,21.86206888357813,50.14718868044203
118.98433000088984,322.91087275140353,21.532507016779128,50.564782877090664
117.29354427127444,324.71348245235515,21.577661538195127,51.40811939227383
114.30628194286842,322.22237437075876,21.926555891409514,50.76470525186907
110.89579499492906,319.2825876961309,22.015546548584243,49.91229536242076
106.90816668865988,324.2087939681671,22.212266972327747,48.94963846268543
106.57007112823526,321.65732784127965,21.787751234060945,48.549036420880014
102.96865494393235,323.277940205687,21.378517466369768,49.657563769949306
101.27192179753061,322.1946684896175,21.483102918828102,49.63151997519156
98.65022868586682,323.0270779115058,21.237669691217814,50.16222891179024
93.55965716463713,323.5464005043642,21.508910133992078,50.22468401492719
91.70961041884232,323.67821245306754,21.888594147143138,49.96106011752052
88.44663998027315,326.0815295231643,22.86608705605824,49.593184351905634
81.46055435704399,322.92383883780735,23.38005961884014,49.17946638078142
79.01623414727922,320.8088937947117,23.770831778113738,48.91148820671677
76.5050007052538,320.8867825493759,24.28387785567319,47.62835549576552
74.04881363694759,318.90195126500225,24.726416598868276,47.128182671095374
72.41856717257306,320.3093366282583,24.63370233345528,47.66661913874526
70.86382381427151,320.9873139343971,24.371036879093424,48.558765973777675
69.096272136314,320.7099949990883,24.50834227123881,49.11340384439527
67.20564636623193,319.8890807499613,24.860307334918453,49.6121368504878
65.68106695500668,319.7052135002548,25.596492200935653,49.97987134990085
63.17305882114693,318.91958480392725,25.914144806810683,50.376537827094836
60.50882371058977,319.4425789759084,26.49906698427996,50.516436494043724
59.07047390756256,319.30920832426233,26.97975045638779,50.78317779733595
55.034293695291524,319.73667507664163,26.58081615278727,51.138429253740554
51.529004536212355,319.5562275683795,26.3400726297589,51.49932427026484
51.32868165970953,318.3727943929772,26.74071838276456,51.44678353807345
50.46976766415072,317.07993595451336,27.242711849322692,51.60083136588223
46.69367719800885,319.3361619184285,27.43452679513302,51.99529009570087
44.70355774779118,318.0467465924894,27.707296694875318,52.102474747117085
41.819828008481764,316.07495242046406,27.264349466711167,52.31981906709794
41.06882056179877,316.2017625611981,27.528695742206562,52.06619878562984
41.058312846203094,315.45315311054344,27.549711173397917,52.324934881048634
40.049087648570215,315.2536589634327,27.08286350624623,52.72392317527009
38.65888034107318,315.61676280168604,27.382324379685883,51.99771549876347
37.95824136416514,316.41329914839474,27.548640201361792,51.6396049374862
35.51600066649035,318.19773318360023,27.502932472593788,51.76837871016339
35.47337723306997,318.7807669845805,27.58817933943454,51.83596990211802
35.97218167599773,317.27585605663893,27.826686266988332,51.13744431777316
36.7486288778761,317.85667023179866,27.503700627298667,51.20572473152086
37.130601224768995,318.2706278012315,27.965143764877897,50.37780959265514
36.89964335565256,318.8571367725531,28.427059503110772,49.204791650012055
35.451060697007215,319.19002274622085,28.901119929596735,48.539019702676484
36.46517766991079,319.6153456764304,29.29226000376618,47.68837384225733
35.253916667313746,319.868856458175,29.30756494028035,47.18135227876819
36.96668252267882,320.0347636599328,29.47093247310547,46.84953787525253
35.80753278081277,320.35072523357815,29.40106798890825,46.217614727961845
36.31690958363884,320.4943654472511,29.56577513783299,45.930334300615975
35.63806222486283,320.6381774715611,29.741558023458733,45.64271025199599
35.02420496782544,321.34839507557507,29.78873973597785,45.402807845523576
34.96224184583296,321.0165359971415,29.91266597996279,44.88880706406465
34.92403040847259,321.2298961741604,29.98908885468354,44.462086710026796
33.146484317835494,321.9312270515292,30.043457192536767,44.226332903096136
33.15402189425111,321.41004889703254,30.028382039705534,44.10442996602883
33.17762646717837,321.4488392710531,29.981172893851017,44.02684921798773
32.83270526409451,321.27762751938417,29.51079388652505,44.369272721325636
32.72115969877434,320.83094908849165,29.733885017165377,44.10506135637147
32.6714137897809,321.34673152870664,29.83337683515227,44.23079544124221
33.37292671619104,321.23099419941565,29.59119351452638,44.46227009982418
33.47330074674418,320.41372545147067,29.390445453420103,44.9365048347879
34.402353457313936,320.0546904036332,28.696424842864904,45.65457493046287
33.832097842174164,319.9429674345548,28.67369299158956,45.87802086861963
35.073801512760554,319.15829351818115,28.522687847455035,46.2811676028478
34.43860621647392,319.1143076044016,28.623393372626186,46.36913943040707
35.416313902524806,318.61283663945676,29.013356836710056,46.199391942203896
33.56563981707556,318.5710554043983,29.18461386582908,46.282954412320755
32.23361300902006,318.57294722160873,29.487036990170086,46.27917077789988
32.05347591501743,317.70480717590493,29.847311178175353,45.64381106629855
31.493900813325904,317.79158266804694,29.784149435522245,45.47026008201452
32.12467913783476,316.8071174931097,29.70124774532089,45.081880514256326
31.648827589955104,316.43066308572463,29.48150736378561,45.83478932902642
31.70851139838615,316.6737906211799,29.362139746923518,46.5276072748062
31.02294964992073,316.5398687002525,29.54581672491971,46.795451116660956
30.981679524928175,315.7523568140103,29.628356974904822,47.17594733551432
31.68695366168374,315.9343562343657,29.41940741311354,48.01354720652341
31.103871078728318,316.266503894604,29.374977347209754,48.559847117861416
31.004295111455242,315.7632665179873,29.574129281755898,48.348333842739066
31.525975154024824,315.1367699682445,29.74895782132463,48.38313831751685
32.8462554167826,315.4677911629655,29.551691319359772,48.942742939850106
32.20572319203426,315.3643309034563,29.60608893932235,49.14966345886852
32.217705986936565,315.37659960765325,29.58212334951775,49.1251260504746
32.24567056314669,315.92349227791806,29.526194197097492,49.26123564241351
32.29411481583362,315.1068292615845,29.429305691723624,49.66358416423147
32.287951039641584,314.94878994018063,29.441633244107706,49.979662807039134
33.10194594147933,315.3835318243815,29.053873619714906,50.350409217920074
33.855157951535446,315.21890632624155,28.786616010329883,50.67966021419996
33.92896750140372,315.187014797073,28.638996910593328,50.743443272537085
33.981622279447116,314.5603760624671,28.533687354506537,50.75877919720774
34.12240659317709,314.39155940162414,28.252118727046586,51.09641251889372
34.22058219263523,314.2172909418272,28.055767528130318,51.444949438487726
33.566852013182675,314.78991690009076,28.12486768049608,51.53805772849994
34.29913914983932,314.13152570452013,27.901208043456684,51.6139254833672
33.776248659475655,314.727298069905,27.708780760479108,51.66058901630245
33.787824910331096,314.69803648368884,27.685628258768226,51.719112188734755
33.81460392345667,314.6661616896205,27.63207023251707,51.78286177687137
33.277800746513336,314.6731372780914,27.46958990494292,51.76891059992956
33.323379328826505,314.1994805191523,27.37843274031659,51.48312954781792
32.778551856716845,314.25819664714066,27.24076255851389,51.36569729184124
32.957149065705245,314.6591828295769,26.883568140537093,51.786960043614116
33.13971729971227,313.6625737823798,26.51843167252305,51.33359946851562
33.15780869632865,313.2823906399991,26.48224887929028,50.88362009922035
34.623437483171934,313.70853609413837,25.95722063085483,51.23444385356746
34.71532661671411,313.10449367222907,25.77344236377048,51.24331650611276
34.95627329351276,315.30829561967596,25.291549010173185,51.620379266665566
35.03668957367383,314.3543516698557,25.130716449851036,51.141592254437725
34.435680049554875,313.90555506985737,25.14918699073193,50.85563694707726
34.99435328613997,314.5763302046264,25.211527634959364,50.6937737949369
35.026330545053185,314.61472423926523,25.147573117132932,50.61698572565926
35.11735994488939,314.7735707385799,24.965514317460524,50.29929272702981
35.06745628521732,314.97743022041664,25.065321636804665,49.89157376335645
35.18359533379716,314.5976202874547,24.833043539644983,49.4870688821952
35.94201821775302,314.044342013932,24.47038171885456,49.439441482119214
35.40776682091627,314.1555168498023,24.39167544046344,49.217091810378605
36.07759180759021,315.63754783624717,24.19461816942846,49.68080794442766
35.49450409518664,315.05664557297155,24.214839724642168,49.69665860138545
35.38522360587312,313.94806971736017,24.43340070326922,49.62073711330581
35.2186150396584,314.0381806215932,24.766617835698657,49.44051530483973
34.982751120009404,314.2793605876364,25.23834567499665,48.95815537275335
36.648352013287,314.5477134951654,25.36741935593716,48.42144955769534
35.97039224703723,314.2231650223915,25.57557582093207,47.92278343573854
35.91890489942523,313.82347229083905,25.678550516156086,47.578167960671735
35.72614532071982,313.51165367369174,26.064069673566884,47.06111618033715
36.164484551063495,313.2002230970028,26.327038923305448,46.544329623289116
34.90730682578824,313.78335481823433,26.56842328677798,46.5145517243651
35.376041259617345,313.27455051553767,26.771100939553364,46.392013809324794
35.340849445828255,312.7437238120573,26.841484567131538,46.3118973223303
34.843803293401024,312.6199194504128,26.693801902525898,46.559506045619244
34.32429909341533,312.5770618464257,26.58986925622853,46.645221253593505
36.63494986745947,312.74273795756415,26.538351967355542,46.31386903131662
35.56556732014678,312.83708606655847,26.40379103059212,46.125172813327886
35.71661883376706,313.9323734466107,26.10168800335157,46.1977643918494
35.830024544011,313.36616977673174,25.874876582863678,46.20264701639844
35.38233696260771,313.228837296443,25.646514673551238,46.47731197697604
37.21045065397782,313.7269463776405,25.361995358745386,46.60499650389234
36.126784694539325,313.1792938962107,25.2874730803077,46.579374368094584
35.66751092139626,314.5295258862285,25.086745698426697,47.236735172560486
36.337149942301764,313.7565944636318,24.872987122041266,47.657078552328294
36.98624246715239,315.2588175960433,24.702830800583865,48.03671847223684
35.90657743876514,314.19905816130154,24.60081274578071,49.025563285931526
35.872283746125646,314.8851880623794,24.669400131059696,49.940121794835676
35.814149500277736,314.7827275804274,24.785668622755523,50.145042758739784
36.24757128010729,315.53581465657123,25.081818739785717,49.801862283141396
35.35126794553549,316.00685369830006,25.71132953978091,48.85978419968377
36.16078487492963,317.60612060504434,26.41252927416771,47.98148397937034
34.28985824576967,318.30770770091823,26.676830691526902,47.737493734609366
35.12217933233953,320.748082726167,26.172274908905727,48.65717563670459
33.77139646998804,320.20964311750794,26.543759002956293,48.569014038696544
33.64403450191383,322.52566287237744,26.798482939104712,48.617357614338076
31.569916766451414,321.29343392962,27.421241006437384,47.556338096260774
32.599605256699775,322.58512053752867,27.701977384729744,47.31307823923244
31.260827305777827,323.10062806491584,28.037126010539048,47.453266822475534
30.995963673709028,323.91010573371426,28.566853274676642,47.01326520283139
30.93581882552767,325.0642451933021,28.68714297103936,47.06767112322505
30.4019351334323,326.5189389917687,28.570732636764056,47.71081668168994
30.340270002745115,326.40258041832953,28.694062898138423,47.9435338285683
30.330636497846754,326.30496420341484,28.713329907935144,48.13876625839774
30.87304641534802,326.20467353893184,28.829074946162024,48.33934758736372
31.050573123212914,325.4702017417181,28.47402153043224,48.60278963103138
31.666229881258133,325.75555298271473,28.446123802239352,49.23550293693559
32.804730065212524,327.4666997228075,28.593785521121696,49.450202586936875
27.707609792243957,323.1817218871707,30.261900002778816,48.27601418474762
23.742344528828042,323.14756500427904,32.04914540011163,47.11567092463107
25.01383188625588,324.33376239172566,33.22926855033158,47.22534139312161
22.7716825652031,321.3191751102904,33.92696797719668,46.94351726392475
21.267657880357117,322.68036337329784,34.39617721530001,46.75998086949852
20.784991771885355,321.7289495382079,34.08717291588744,47.388472023322116
19.656016902194434,320.7477186836916,33.787524120556675,48.07213446499849
17.674147420578027,319.63564166299557,33.89862632428913,47.72786400005687
17.914617562850562,316.53116052957364,33.41768603974406,47.53264573892997
19.310698123844357,314.69176654905925,31.895479238783004,47.40157073687925
19.52672268395252,313.93812687239154,30.220640768623664,47.666060740271675
18.404950902962064,312.8692799175029,28.807646275396507,48.5849086316461
18.367106036325055,312.8437733438534,27.674545328110597,49.84471245950508
19.482014569262592,312.74558640095364,26.6529580705539,51.249316153623
19.097831783019007,311.8801120392837,26.20989982073835,51.76884105466014
17.350664028187218,312.23745669157387,26.070009913801677,52.26556022227983
16.723150816358768,312.7048737983906,26.108771317995064,52.54699102810995
15.408563043097725,312.65149464698715,26.295837092207954,52.65374933091692
14.878399020225753,313.6468385866206,26.130309363883256,53.11477299978719
14.83481346598931,312.5725651291757,26.217480472356144,52.8038539329512
13.922757890258346,312.56094925681407,26.814895531035383,51.60038958489176
12.378271480206351,313.6579933583176,27.465133916703657,50.62566859910262
11.639672378539288,313.6749929103404,27.72615263987847,50.591669495057
10.239709266322372,315.0388130283963,28.08579990029424,50.30430822296316
10.58343228785689,315.4277373403104,28.620384208958733,49.526459599134974
9.98378720247604,316.5713938149073,28.600074671424885,49.678346066532285
9.192113329387304,316.327332519851,28.961915335506866,48.94496157454946
8.340694693206567,316.0315587608277,29.44800432124978,48.31976080597745
8.202800010161795,316.75186327765095,29.723793687339324,48.09479265279102
7.501043717746182,315.56889928835955,29.910383929270722,48.02687594557423
8.032322821547357,316.0600375703857,30.06686624881307,48.26363990866659
6.787689598972012,316.7274522948852,30.105729367872918,48.15401212271301
7.456094440680507,317.8477121448834,29.993135636006823,48.36192432581828
6.3727965768541335,315.30769687178093,29.708867630803855,48.54022740631183
6.781847352401574,317.1018628034462,30.114081624817352,48.62184217830645
5.418090092563965,316.9991007842403,30.378911870086483,48.82736621671822
5.440664119076155,318.54917555515254,30.333763817062103,49.44378323998334
5.509736033886206,316.56601601053273,30.195619987442,49.66821531146873
4.34914305857988,318.94019024022634,30.02017187009843,49.913134987994
5.097216007638989,316.2293445614318,29.773034611026514,50.338791789397824
5.1200557972516165,313.8888951160249,29.72735503180126,50.01501993244035
3.358001630514533,315.83991660910664,29.51471261663565,49.84972769491675
1.4929800247759566,315.2073939732158,29.526151519803363,49.87523819726198
1.1318855223413191,313.0011904708504,29.00823335340465,50.56732368818877
0.6697531535420165,313.19452934161984,28.690890821000252,50.180645946649925
0.40848407682632093,313.6243529756297,27.982937518165237,50.551490134896596
-0.3647708056060388,312.1246511253288,27.081588862382997,51.10303541485143
-0.4150113601637315,311.029515457225,25.96543103394969,50.86002887596164
