176.5,75.5,47,102
170.84642891363058,75.81629212819094,48.08255881163922,102.67356158389305
169.87248212006875,82.05110468335127,50.030452398762854,101.87830694545494
166.4348098264741,83.35789472248975,52.19145378238631,101.6218984689609
164.4772096272251,84.75893473512247,53.71587140106429,101.21060122351544
166.11493551636963,87.42507778392994,55.26232950213424,100.70022500525947
163.81976715089024,89.17127609732687,57.42276141425439,99.63773319730424
160.7295350668067,90.39031219848017,58.7013135799072,99.65061699625474
157.70346534481791,86.52181899429712,59.80785675123634,99.9692089956481
155.48587570360561,82.45534279497274,59.250589417348976,100.61349146982897
153.71176601880654,79.69478281911007,57.80603186608802,101.14183450069518
151.17805412482755,76.40995055519076,55.434209312466855,102.7520014674811
148.2640396571955,78.84957465058136,53.87293353706377,102.79895641714468
145.81719408789192,76.21461248447761,53.89260081976501,103.1948568934462
140.1386545259621,71.32706071743118,55.47700606595329,103.1972865498677
137.32860341853194,67.22776063717075,56.156318073890915,103.98470140000455
134.48159581369268,63.40619964474858,56.86307740079768,104.14693956069121
131.88939650728716,60.679665495476684,57.03126103572738,104.58379288135365
130.20054583191904,57.674351100564934,55.37411059001485,105.55956987472842
128.4952583232311,57.146409553168255,53.77790075806915,106.61545296952178
129.3572769641723,56.137580988263245,52.053863476186734,106.14172989774927
129.98505383366125,57.18975912137226,50.798309737208875,106.49196951824226
131.84133198716347,61.9223146524621,49.52363751642708,106.77839480095317
130.76374986204655,67.8731267708428,49.25898984449914,106.9758301750006
130.43239769828813,73.8274409614632,47.50363993030607,107.15747300230937
131.17713521449704,76.27786350800261,46.014164897888215,109.42628542354817
132.56023198073564,73.43516274896518,45.6443881492019,110.31885337404128
134.4170968599745,68.84826925056316,44.333399096146024,112.28441825457988
135.1519361186429,59.63100252526135,42.86372057880917,113.86513302635396
135.35887337587025,51.14470787114638,42.4498460643545,114.00958163006803
136.42864917656865,43.797801541075245,42.70892974030346,111.91294734879014
135.85041504826165,42.72638629757646,43.86539799691749,109.3093069455001
139.12356359181544,48.23777718727972,46.745165675870204,105.35607374063883
138.78650808616328,45.969885706695045,49.7696922766211,100.49019434402196
135.93662202929346,42.39637631511409,53.13711280965359,100.64015838506229
135.7985119379706,41.36490143283937,55.80596196397117,100.31047917793985
137.59692369002718,40.38757185210481,59.50941056119148,99.83171430563112
136.0652799922467,45.567191987808286,62.57269795675248,99.42904103683924
132.2893048847072,52.40865654615425,62.52070185447856,100.95400455485307
129.96161016926447,57.59404311490377,62.062979255028644,100.80945547802466
130.07093637232313,63.70257343873773,61.84432684891136,101.32594860220928
130.2469488967305,69.06775338821126,61.49230180009667,100.79853190869824
130.8769593915522,74.80992195308475,60.23228081045325,101.99895549441487
131.24161349131057,77.04604559037719,59.50297261093648,102.59384239252846
129.7885568860836,73.64638017927116,57.34897381613364,104.33306120948373
128.89786208249143,72.01935443975171,56.61120972279682,105.06795898800151
128.38834087940793,72.14965582031826,55.11287427494857,107.32473408088364
126.8692011753516,72.20656550201176,53.101512866750554,112.26055553380733
125.32340797942787,66.69528309999342,51.06884704245525,115.59674201362981
121.81178291830322,72.28332118614614,50.36708002931337,117.29569440030969
119.45734170104727,68.55709469814695,49.90149900800831,116.98645219258262
117.8989786002883,67.82882374328005,50.443699446337504,115.86846833912769
114.89979206192997,68.61744209636876,51.30622082009208,114.29123163295027
113.22997874907644,70.27311447835908,52.08560600728421,113.54012830748458
111.28537217489047,70.31125415924377,53.41181944404164,113.4638489457152
112.11800831029925,67.62401049275257,54.33162034348579,113.66818993817422
111.93090342650704,66.31485164861408,54.70583011107019,113.68242268405446
117.16997723953392,65.14769141747243,54.67090387297124,113.40593779934908
123.01558076748381,66.63463418679687,56.010508620587686,113.03821462140343
126.9039334027904,66.04459897657114,56.10592720381513,114.21828504185491
127.65955076279388,67.29545008387798,57.23764552063034,114.35953586406339
132.348561713485,65.06659281723067,58.51811937639417,116.1526264580715
139.5311661106747,59.040268623117285,60.431071680570454,117.35316744726111
139.77875034011083,56.04310311213101,62.69954610302052,117.82021270658899
141.55972217880287,54.18329971771831,64.75661052357384,118.73031544644567
141.0734252077135,50.77364783696691,65.72920446575255,119.83335173229527
145.31722720193443,46.0034839910917,65.9146753548624,120.70060454649399
146.31126338542,43.897488928244,66.83359269730549,122.00560496277515
151.21798575610356,41.88962631191923,65.8459789417563,123.07938653348538
151.8406810808339,41.30791230283785,64.60058829229564,124.24281455164814
158.18092937921762,43.29674076343096,63.66648190565721,126.13835273552641
160.35896410770476,39.238847976624854,62.25871109361799,128.35754101926838
163.92388102951253,36.99447740435478,61.04161124766411,129.8899151649777
166.088174764815,36.89090103228217,59.670545413131364,130.09706790912293
171.20572116341782,39.568613477051315,58.24514916139893,130.61477404990015
171.94969041490884,41.810260528467865,56.7572106584169,131.9696241960608
170.86870075776412,43.23692028542749,56.00671548631777,132.02877916853015
175.91277223739385,46.966489949483005,54.61873751532384,133.26980482868467
173.05776446505348,47.769859644304304,54.542076218841174,131.66306543904207
173.2363029316034,49.64684110047564,54.184999285741384,130.77790128798546
174.47713529444562,49.91578144014498,54.55301718025602,130.24002060864677
172.4096290096007,50.348954696544524,55.839579714705046,129.3736740958477
171.56284068908732,43.88721845202892,57.53315635573182,130.8623607213625
169.31470026113684,46.668395488480925,59.11930590316822,131.12026926538766
169.77363922510682,43.67751513526164,61.143194877140616,131.21849616800148
167.556908977396,42.2017837631265,62.598012597247205,131.19131613695674
172.84795774487336,45.283789791472756,64.03042153304602,131.034557315641
170.59000473469615,42.904805789288105,65.52008371713666,129.74003764748278
168.75089331962104,42.94471012627895,66.16520688451726,129.6602289735011
167.2931989467399,42.87926238057517,66.03752754943591,129.79112446490865
172.2397538116146,37.684981150977634,65.27277043714854,131.05133430664168
166.84332855921906,33.77766223416536,66.921545158908,129.72189635723464
171.46846812172717,36.3087672371756,66.84230154041241,127.71669818672103
168.892489766896,32.75401392511798,65.94186695858708,125.74761787360477
163.94938754401778,35.725934970314256,66.88274467547683,125.76732693578998
160.4184194549825,33.78139006012477,67.9482405856262,126.65819662220837
161.2367413536038,36.04075637373382,69.34119843261081,125.16906563921741
158.73352752491985,36.925777314634836,71.31617890190422,123.39902375741538
160.86388017281288,44.772711954645466,70.09430732586021,122.89932307610438
157.67499660757625,45.80178990985913,70.45068542420334,120.84116716567705
155.63180459142808,52.668111529897956,68.56461754263213,119.05342775333446
155.6740034442401,52.00078037899672,68.48021983700811,117.46034290511992
151.1659930766181,58.670780743046734,68.78817481212366,115.73109652385787
156.82130017764,56.33821458539453,71.88861254526779,114.6318080650871
155.1931929966725,53.72083086876141,72.22684278910036,114.0306072621485
149.9168379533477,53.619138023935704,74.03557213904696,114.2339929517999
139.67323046943,45.95810276537228,73.88727008526624,114.81640845348666
135.80570518100407,42.409126623166415,72.75976677596562,116.0059914804634
133.62041553355886,38.74100928058016,71.22410338622875,117.43598348100863
132.48043605433122,35.27670788867545,70.55540402619931,118.46726962784858
128.83575623232426,32.925457316601296,68.98656720574805,120.21703861717515
126.99350018094574,35.23344626613476,66.76677588096294,124.45751585942139
126.6524451297525,34.60180160300588,64.47193839040806,128.69775277862053
127.79532449512982,36.60584792936184,62.18617965965342,130.68908480147962
131.85323571266207,41.54862368130759,60.04861411700692,132.76004708242417
132.4768488957079,47.927373911704336,58.8013877509153,131.93010887252103
131.3164640474801,53.82623708518318,58.17422221856899,131.9241234407708
134.6396838241028,50.69772252294824,57.40140736277083,132.30752786779345
132.40963730772654,44.74033335793192,58.932758215968676,132.50733747960751
138.6544744506178,37.401393838559144,58.27756026746437,132.39212109675535
135.34712752461178,29.75121898214111,59.00142215100814,132.96539088842079
138.65003364378242,21.24313329138961,58.3285511578779,132.18273853429073
140.37669251618198,22.673699828205777,60.761791237905285,126.37832654824514
136.45351401790475,24.974467202373503,62.80525686243584,121.77679179990969
137.45487954217538,19.83856598127022,63.67200220771127,120.57068866684949
138.04923058952227,18.24947692217563,65.3499611376411,120.88220576041505
134.91839283672184,17.50929776052596,68.71162638376462,119.46255382423702
137.32003650581254,19.48195210582137,72.71725453566815,118.45355029700785
131.53933786712946,24.027157247896298,75.31181173736478,118.32998008852746
127.53074260376786,29.94587652460512,77.26778948995157,118.6149670833827
129.06048700293962,38.388969045991864,77.2758400585527,120.13401824227749
130.43063584024063,48.11434438638838,77.62598859491887,119.22594482729315
129.4063646629935,56.2041531550759,76.5918545039861,118.4597095170532
128.682720918564,54.3294183526676,74.98520589119035,119.15524302021504
125.53542048059032,61.073135331241076,72.16735707072172,120.85522522376138
124.47222144888678,57.33841685635177,71.27830151270636,122.29375493069514
121.95014746538685,56.90173439687369,70.27885667504248,123.1671198496513
123.94183922413926,55.87754120027493,69.31326830321026,125.21550624284882
125.39616872052302,53.16954921228702,66.40460931044274,127.59983344530661
125.81572806492909,54.02775568400217,65.5654906216306,128.90037139148006
129.70025177459047,53.80657708754846,66.86117349762601,129.3427285843875
128.7593986101587,55.630152985090604,68.74287982648949,128.7459824824204
129.4005855203803,56.52329498249583,70.53447002611837,126.95969848760996
134.0693202531499,56.94570503124629,70.43174015572255,126.11487839010903
133.43878218805835,59.840141834826674,71.69281628590561,126.45402665251352
137.9508872865402,59.65680977772328,71.94006840619457,126.8206907667203
137.4791328961556,59.0489311197705,72.88357718696378,128.03644808262587
136.69433540132724,57.28883803053189,74.45317217662054,128.4224833325643
141.1845979130473,58.759298384237184,74.97215997836375,128.64806690021484
142.11187055309554,56.851937343516624,76.29625727450468,129.28414640541854
150.2854177867488,56.526671864197084,76.00160902854238,129.93467736405762
152.7332732653794,54.972470006039316,74.32106456408576,133.04308108037316
153.73441462175418,52.034162483903955,72.31878185133623,135.6870191714911
157.6879665800126,48.873330113152576,70.88659210365881,138.77122682857413
159.53301366132027,41.42513515546197,70.45464045229038,140.63504669896784
164.00009608543573,38.9090086863078,71.35445997245533,142.38930484781088
162.28358410053707,32.97171044816426,71.46823709377564,144.3061607786669
164.0207598632319,29.087340492656324,71.34315719578998,145.37635743487485
167.29456007542606,24.65148216521297,71.52106291202098,147.52256794914226
167.74784418213414,23.143608562299264,70.61449469860483,150.53831515496967
171.57654159193368,23.898119428536802,69.80788173330336,152.4546843496434
172.052494700885,21.735874674794374,68.8559755154007,153.3400033462724
173.80559577769614,19.383811810738194,68.7851069108147,154.60879552534848
175.39356930779968,19.090748129641028,69.06165884943769,155.19492288754282
176.77706653428945,17.313338955925147,69.76052956692395,155.28387606450883
174.57327233526854,17.952485784934424,70.68867874044658,154.00558240649028
173.8210899504973,25.15609620477275,72.19304350998901,153.5069437278402
171.61782213107784,30.652585923572303,73.10339213793992,153.00252532290529
168.0685099103258,37.51920005982244,76.69731284877184,149.7834082424216
164.98547221003082,42.00899001081433,79.34349631825793,147.84361220264552
161.7491086453212,40.45000339795267,82.2793643694288,147.42472635012052
166.45386782231657,36.63978344210008,83.61234590683041,147.88349966756417
164.23651712747045,32.40908321319358,84.43674002284135,149.12428557801454
162.07978869463616,28.41611499070835,85.10750893415178,149.82484611426884
162.73138233369298,27.356984200118333,83.80432165603813,151.94310769544887
168.04573990618914,28.159657557843133,80.52277643229263,154.01134594062268
168.58753362944944,30.357886533037984,79.43918898577203,153.262728778025
168.7756648513681,31.44242901498386,79.06292654193471,151.09364381413326
173.92716193189312,32.155253398596955,79.49951796825658,149.66799504690707
168.90958380865587,26.946009224502646,78.83549352212214,149.38730270248672
169.86961237738873,27.773940276864877,76.9154363846564,151.28230760805005
171.8436851984254,25.236842740912493,76.51292785853194,149.26522844805712
168.52679572586916,20.374413290210484,76.12848554371284,148.4627554595638
164.9963545716128,23.812904661686503,76.20794994082354,148.56719062801375
167.94804366224446,18.495960155991114,77.29179419347292,148.72024598853554
165.80886614929423,17.870310214122696,78.0556226616439,149.97154587227237
171.32352067064153,21.959543397931697,77.6644641959153,148.88517988929834
169.3659052499114,16.763128646656696,78.0563340775619,148.7079265124076
167.78172771536816,27.15808131982233,77.69719624785503,145.55548566004302
172.68631739276768,38.19657298843522,78.31287068367719,140.85325864051916
171.10262069665913,47.290759436924304,81.48026407589431,136.32938175810895
168.5695621942569,47.337015907233635,83.14360586998427,132.8340936067758
163.23992202561013,51.15878905189332,87.04559834852523,128.56919124683273
164.73984398842052,54.02553805761589,87.42548470795181,126.21542352043494
156.76297104393723,49.20048207200421,86.62657549835964,125.81394243252304
154.0520009070236,45.6859748984425,85.38599571477128,126.18043672223088
150.3226607894254,41.797577698431354,82.89597276621554,127.32476233308512
142.62473482591847,36.42950217484443,81.83168902311029,128.1848319781875
138.77563333724902,32.409661152307606,79.6684541733529,129.65022213853027
136.4185322207062,29.152248992470845,77.83709825242104,129.6194883041863
134.3993385983325,28.667032463970173,75.39250606381461,130.58992136118763
132.40525133923967,29.923394097769034,72.95154239421007,131.29176718748502
130.94091546862242,38.723457958124726,69.51329968223901,132.79238282639028
130.9713537921341,43.73055542942133,66.30571064090202,135.36503746105146
132.41131600390935,43.52017410932088,63.42578621735153,135.78580010125236
133.19058331839605,50.968837850068866,61.867251588378124,136.3135595834787
133.54545720704584,55.57440043837198,61.157503811078556,139.36408606257936
136.4369619488611,43.708483841197335,61.568885229265774,138.31835564965755
138.9243149315156,33.324472144028434,59.68345534431286,140.55072256185915
141.60064916964888,26.805418342624705,57.419121888702996,144.32382510269656
145.81111167417035,18.043751706554275,58.30565637903667,143.23223937608418
147.62238832058006,15.48316388669214,60.88825853713209,142.14825956489366
147.55301536228754,19.986910377620205,64.15975584061151,139.40626935682644
146.0524156361519,11.315945028225741,67.16095529288282,134.6944482538861
142.1482294533117,12.681731009163627,68.7012620826253,135.09690907997927
143.28580927679445,12.318257953656627,72.75920803307028,132.65730239228802
143.47921725940827,16.34755814102664,75.5727313970042,130.99938067587107
141.07286700915452,23.68081204631416,77.1617360298619,129.22765633589512
138.15001457021657,31.060640137106432,76.55890630646284,130.58933665749802
136.96776626568632,38.13343367797361,75.68908645694962,129.38101541005858
137.47012178835234,45.77599721664311,74.68437541161755,126.90252076267824
136.68667103721367,52.926492373235675,73.10341940596196,125.19296048122496
134.35616760411068,61.3011698941168,71.57297604798899,123.92223099991004
130.50267469822313,61.3379757592615,70.12712543023984,123.84861926962066
126.63196220819825,61.966210484209554,71.81793702748519,122.59214981972454
