150.5,53.5,40,148
147.4487716974987,50.49277268003313,39.43071610165792,153.01445463993375
146.27283740909914,50.55959834427611,38.88692345056386,155.77646453934096
145.0575547563776,54.223099685618706,38.39335266662343,157.22187012480617
141.93948638095728,51.386993914226935,38.75944273346492,159.9590583255901
138.84793203842804,54.58061487727929,38.981826347606365,159.5325414704024
137.07762652544605,59.45218493459244,39.5438173997219,158.72526127732155
133.4598225609103,60.22628042231656,40.82345624072332,157.1770703018733
132.75312802495984,66.66652417948663,42.23684531262425,156.218525810406
127.29057823284708,67.0881398664519,44.1810204218166,155.37529443647546
124.47215829931982,68.00304915276959,46.799669581553225,153.54547586384007
119.97172396177092,67.55159896320495,49.718493500793954,151.40735386504082
117.11673467334387,70.21479429416175,52.36401478792759,149.14542049284768
111.00060685384857,71.32382798076088,55.35471781845112,146.9273531196494
108.32795004996069,73.38351165754017,57.597163673381154,145.91085351893656
103.94362906414378,73.59866222917547,60.10880645057456,145.48055237566595
101.16193584164317,70.61549509200523,62.505119256190454,145.11273937123582
98.58921180086739,68.92562411239022,64.44634905288991,145.28826304561372
97.83217345034264,66.59070563239631,65.9604257539394,146.7171125114253
97.19543594454802,63.962997582295955,67.23390076552865,148.6841931445372
95.15868818616765,61.250865512388046,67.96814193945355,150.7692029415172
95.28792090805345,62.000123579187246,67.70967649568195,152.65310670604524
95.51381573934503,61.26317263754032,67.25788683309878,154.12700858933908
97.37545407489854,62.58866796858459,66.95322854707811,154.8946363123369
97.76886848044239,62.66699718073231,66.1663997359904,154.73797788804146
98.1674456354861,64.59144532534125,65.36924542590299,154.29726681098822
100.26350448826804,66.73794011909946,64.56483378554982,153.3919832886825
104.37789816848651,65.2096055503242,63.05679325533182,153.08827901112357
108.27565210168987,67.21043807867817,61.91972556862241,152.4158340442643
111.77201245152756,69.73126280085651,61.5255875970206,150.67347596394438
115.56324958558203,69.82490152768253,60.477434917430884,150.48619851029235
120.88997021296066,71.81504475705687,59.561351133061926,149.75169787500644
121.50320588533542,71.497235522864,58.3348797883124,150.38731634339217
126.70855416593638,70.62462140142972,57.54233625304166,152.13254458626074
125.09357933906396,62.65806176331341,57.555416398529054,155.19818582946357
129.55749574753068,60.4182811934803,55.14966976543464,159.6777469691298
131.89376190471506,54.93253245481179,53.75860134237695,164.08631666384463
133.09788919358851,46.146464510557294,51.350346764630075,168.38319159544173
136.0162855095246,38.77182480519551,48.84896549937321,173.12623690631926
138.2966656215926,37.49792548859516,47.6441170846276,175.67403553951996
140.5856242497852,36.975420394889085,46.43543521784701,176.7190457269321
142.40112978613308,39.193932698633745,46.165604079845565,175.64320105413708
145.6241902298579,42.880198803762326,46.401403502417594,174.95258915390164
146.9387260335045,43.80722011703473,47.10802512670061,173.09854652735683
151.2112820692996,51.891975259442574,48.531588427252494,170.22060340539724
151.83627474617762,52.128614885532315,50.59058143531689,166.43834579139732
155.6836138236659,57.26661997123628,52.77730568560676,162.74993722350035
154.66939236990942,58.82986811690648,54.80574859311968,159.62344093215995
157.08403999589942,61.74970609192165,56.525301363285216,157.05818899320238
157.82092623188282,64.49577457707093,58.32057110335546,154.83509423494087
158.7441929594644,65.91124002166136,59.74366328810204,152.00416334576002
161.1938475978257,65.42463220529909,61.35339032366241,149.7228608223431
161.94029779265963,67.98137084674607,63.11088107758741,147.85977468304202
164.83697433069509,65.80243106963677,63.82686010260335,145.7083221361738
164.52095087958202,64.84766994779635,64.45890700482946,144.38167758375405
164.00095510600232,63.7340134459717,65.4988985519889,143.38093308325966
164.00504471042308,64.36279724552676,65.49071934314738,142.12336548414953
164.31855540151926,63.08200797750112,64.863697960955,141.47159426997422
164.62975015457204,64.73560071156739,64.24130845484947,141.357302687072
163.6509942860289,64.26978503753435,63.01849481080168,142.28893403513808
167.078429043099,62.4768352750248,62.50835765502287,142.7024673809765
165.92436802164195,65.43437421712119,61.64710438127102,143.12614013011546
166.42641628805302,65.44680379382478,60.64300784844889,143.10128097670827
166.59817032785412,64.19057596166985,60.29949976884672,142.47154483569403
166.6947089672131,66.24804896215281,60.10642249012877,141.48360575930946
168.27259953815832,69.7824296203811,60.05994961209629,140.63346097056888
167.1673650002078,69.73039195872248,59.17422503770188,140.7375362938861
169.16427940062528,71.63082980940979,58.26240987742451,140.01867423306902
167.8733096443147,70.17364023722308,57.788891716502604,139.87759570389937
168.2535423649117,70.29960458015557,57.02842627530859,139.6256670180344
167.05211555092794,68.84299378867695,56.403426222171426,139.51103491988698
165.93785051972728,66.98532870383757,55.616886463886274,140.21129526887924
164.87681412493814,64.65621302286077,54.7278457215279,141.8584130988962
163.97375418522603,61.8815606350594,53.51509535129565,144.38884762484247
161.72609669609975,59.008926944938054,51.94372071704783,147.10077019883494
161.05852559265182,54.20621674964747,50.23517159953518,150.61880794059908
160.43858947983688,50.766664375848876,48.41234106832008,154.43520993135127
158.19803990778777,47.52890962774477,46.726569247938514,157.8272839453196
155.96914983622958,45.3562315009833,44.98382827954114,162.17264019884254
156.90821384318707,45.237034762886324,43.105700265626126,165.54012029767713
154.20280786123124,42.56193450492904,42.234209600887255,167.74916949926643
151.43597839952926,48.95492095060928,41.45650086507506,167.58593192633822
148.31072818257203,47.22722608257634,41.42974978839452,167.90269590710662
145.0378467641496,54.40897760493321,41.69039285462503,166.10943240362158
144.48722640624538,57.031719630822394,42.79163357043345,163.98630063318657
139.12928106104292,59.72742327078481,44.167392201751724,161.70827070629065
136.55968396160162,62.394951493439876,46.19935874988005,159.4804419117348
130.64260851989638,66.83311066899863,48.69206904542732,156.83175061919277
127.69524450539976,66.33454734400587,51.46421645781675,154.70629665257445
121.46188355147308,69.37206777990717,54.50085275941437,151.77461764952378
118.4714666017568,71.38720945357817,57.32484365923286,147.74433430218178
114.02284724130386,72.2511543072178,59.92212599273282,146.0164445949025
111.55450858363518,72.57965114078036,61.68731878568778,145.3594509277774
109.29956201028078,72.71312072439534,63.00388901043996,145.09251176054744
105.58414540095697,72.83625807660634,64.00925701023743,144.84623705612543
103.614656504979,68.96533802197324,64.72134966851792,146.1343068980407
101.64232856936998,65.46251196668067,65.40790982665587,146.62376758246575
99.7616794296489,64.68661524185791,65.89193611423617,148.17556103211126
99.7452529715927,64.08749317555441,65.92478903034853,149.37380516471825
100.05945299864382,63.42116676899025,65.29638897624629,150.70645797784658
100.47564693617834,62.739385380252344,64.46400110117727,152.0700207553224
101.04293056560502,63.966196104502146,63.32943384232391,152.955883620945
101.45860878858772,61.97340430753292,62.49807739635851,153.60931200601817
101.83254188674852,63.48145344744583,61.750211200036915,153.92000502227324
103.78420861942608,63.665961219145416,61.16481361095035,153.55098947887407
107.43232075295343,62.01274188598387,60.47293710583725,153.55525426422633
112.87084315081981,63.63810075639255,59.465497691317026,153.59440498381318
116.57893385725095,65.7631399119793,58.594093533983546,152.6167153004041
120.00253497104939,67.51858846778592,58.23232321180609,152.34853414150058
121.97961169160254,69.09234171376785,57.51054030646442,152.43339818530134
126.85762746918093,68.97621483390367,57.41634422412886,152.6656519450297
130.01028137945252,66.88415144905035,57.55552938770771,153.62753222267534
131.45568421406566,66.04213004420876,57.903264491711454,155.31157503235852
131.76550819601124,59.93498256316357,57.283616527820286,157.71905276351674
133.74854518938548,57.05085845061893,56.60975990442594,160.19508362525187
135.9851622748749,55.21295679452264,55.451920634784095,160.5554920361075
137.78234014613585,56.903800463563186,55.157050425799746,160.47329023156396
137.960837663165,58.98971703621375,54.80005539174149,159.59439894872682
139.7467884254508,61.2264947330999,54.502060098330304,158.394749786115
141.20101581084833,62.061918686598815,54.844978132075,156.72390187911716
141.0649881824217,68.24510950432716,55.11703338892827,154.05885804273908
143.9467548836501,74.56015063079788,55.754812889640014,151.03074514455042
145.4060506561412,75.12764722829036,56.00509513511088,149.89575194956547
145.42790437578344,74.59636564380233,55.9613876958264,147.80118650416557
145.3084648469819,74.77096622553745,56.200266753429425,144.32567188559608
145.28248843636496,82.0660729239574,56.25221957466336,142.0582914736285
146.81337568982707,79.77315179070894,56.23948473480258,140.5460544059984
146.62814882875497,80.41274731004509,56.609938456946786,139.2668633673261
146.6914984304105,87.07458457368779,56.48323925363577,138.00411334514786
150.84007583087032,83.40202848524615,57.170405483656886,136.36490449109033
152.236003398095,84.01172543518794,57.36187657375691,135.14551059120674
151.86384785736726,84.34448842023488,58.10618765521237,134.47998462111286
152.56363938042705,84.33407409611269,59.67923878068373,134.50081326935725
150.93504482436288,83.16021482035353,62.93642789281203,133.847867434489
147.4815749911648,83.98945622704824,63.74686942085128,135.23763369027802
146.15155199909302,83.60522570835444,66.40691540499483,136.0060947276656
146.19380402895536,75.30287468043842,69.46255521110464,136.91007745432515
141.42026469780924,72.09161222699885,72.59708097153712,136.92004945934457
138.25235569471212,66.77533688660928,75.67252141597902,137.7714674548666
138.80373401599053,63.405169936067495,81.22090008648209,137.86066604289033
136.70105053664196,60.879627161334795,85.42626704517923,139.49059488936993
138.79989944378582,56.5208715623877,88.26121460494574,141.17546071320987
139.21104651547677,55.02255632359291,87.43892046156381,144.17209119079945
140.77977629182652,51.987889007521844,84.3014609088643,146.62146759094026
143.34809000541102,52.08502850993193,79.16483348169531,150.03051071109604
147.78718503620982,48.610077294513886,73.85262579944363,153.41443076258628
147.91380225547348,47.25496404325368,70.07563797239521,156.1246572651067
149.6142971483635,47.77234801732607,66.67464818661517,158.58706815340352
150.99366688625713,45.095590921750784,63.915908710827914,160.46776226732044
152.1701174750719,47.5834691006056,61.56300753319839,162.39370296385866
