141.5,73.5,27,34
142.02847457497924,74.07113717029524,27.82019293132513,33.77582038026526
141.7553364678317,74.17631876245683,28.366469145620208,33.56545719594209
142.4558541554782,75.20953690977431,28.91432660435046,33.4479137353303
141.79914627975612,74.35226548118945,29.246308826782975,33.19958953447678
142.6122250646882,74.34813390208825,29.58596563752244,33.20785269267918
142.04932769940655,74.81246982887612,29.723292658984796,33.26764854820443
143.41466346553835,74.30445798166,29.967393119217682,33.29208157847121
143.84041563354228,74.26351587365954,30.111756960067495,33.373965794472106
143.38022655905846,74.23679944857423,30.03268997907122,33.427398644642736
145.84540624508602,74.74511106332778,30.09740030493966,33.40978935472032
144.88629997820172,75.23600735588641,30.016066691886934,33.42776984301372
146.37244967218172,74.77291963462505,30.04003026173377,33.35519096626749
146.92366113175552,75.28083483630166,29.935615962047542,33.3373691823757
146.4216840334686,74.82280253843395,29.943505278246796,33.25736889773654
147.86133337589067,74.9881465026929,30.04904835517257,32.926680969218644
149.27582013456444,74.49682282785903,30.194529518863824,32.917843425206755
148.7893939263744,74.4958716622067,30.17371764738663,32.91974575651146
150.28008878629078,74.38896858300456,30.172415588212637,33.13355191491573
151.8056338363282,74.32349879850702,30.111340531104492,33.26449148391081
153.7932595284399,73.81440992649851,30.127032079687048,33.28493349472633
153.42772177445886,74.80155629645178,29.85980357693652,33.307248776245025
155.8999114000689,74.69933799379874,29.88735576100558,33.51168538155109
155.4403431355893,74.58239089094852,29.808490134562525,33.745579587251534
157.3967759655005,73.99196785368545,29.897109528531004,33.92605439832995
159.4797490615931,73.79200442239764,29.749516990663203,34.32598126090556
161.0058490297143,73.80237058879479,29.722575028404076,34.305248928111254
161.02303186572072,73.79082661961094,29.68820935639126,34.328336866478956
163.4517564474975,73.9578748949409,29.868121686296572,33.99424031581904
163.9342566592156,73.99734661225192,29.908302837171544,33.91529688119701
167.10877069335183,74.58323273324746,29.586879107511457,33.74812536230799
166.60418958958186,74.69163476681784,29.599178009716034,33.5313212951672
168.61813032962934,74.75245210508905,29.546091944854698,33.409686618624804
170.20821253191752,74.3055227376275,29.33881571322492,33.312582629232374
171.73621503588004,75.68274282967786,29.241230473220035,33.516562213051785
172.72711683791013,75.1584410786539,29.23490325855952,33.57742752039985
173.25329384077665,75.12768580872381,29.171128655404928,33.63893806026
175.22156088999313,75.03760233058861,29.18863100324002,33.8191050165304
175.7682604215796,74.72848405647335,29.086809650831967,33.44576385399601
176.72368901695654,74.33525419158474,29.144285713453264,33.24805695708565
178.19194664656055,73.93180725340531,29.15384573998824,33.07292573819685
177.20605956337184,74.43665481601626,29.166693589210777,33.04269377155242
176.64783146193625,74.04630410174732,29.303949903671015,32.84419531167936
178.124359322885,73.5445030544917,29.28583582788674,32.86948352415289
177.56243817662886,74.94180424032109,29.431261010378506,33.010132482555505
177.0082635277541,74.48701273388724,29.556685150004064,32.93679033729923
176.45702215061004,73.96772928202245,29.675378633432103,32.99156797016869
175.9786566265684,74.55330597847865,29.645574136114377,32.80695012265731
175.397936625165,74.08386570361998,29.82382489068932,32.762641424142764
174.83358512515701,74.98485244445276,29.967185929826684,32.931351864234465
173.41986273558652,74.50833937098822,29.823871300136602,32.894124874886536
172.41378255124033,75.00038204497872,29.86125352786865,32.897428597385684
171.4275179002708,74.43930847803,29.857709799445203,33.031539216101876
169.47652792176424,74.88896029835826,29.799423669158543,33.12230209727029
167.93759112223177,74.34855854902409,29.9056537922205,33.21255777060429
165.97482813123085,74.29444438296983,29.85659389478472,33.32078610271283
164.50615206926662,74.24128750309035,29.81030987932026,33.42709986247176
162.92781791954087,74.2343675216545,29.980605870488574,33.44093982534347
160.9507928710042,74.17961070719639,29.941084852312542,33.550453454259696
158.981355918415,74.14375916835145,29.882107737702306,33.62215653194957
154.90143610862773,74.17307804479745,30.044879668072813,33.56351877905759
155.93293618590718,74.55006155158954,29.984527186901378,33.81087560216713
153.96045986241705,74.64106417877451,29.91267926459155,33.62887034779717
152.050411226294,74.78306840839643,29.731870937521464,33.34486188855334
150.09416659077684,74.84227998002339,29.672652566266454,33.226438745299404
148.1348031297582,75.2910085975658,29.630813329229404,33.319123049983176
146.10964396299894,75.35342976002424,29.71748329812825,33.19428072506631
144.4885773473197,75.39994856476088,29.988542131122568,33.10124311559303
142.4965547090841,74.93967090272038,29.99963712973529,33.0285608702094
140.45665772804,75.34374193746018,30.110297209380775,33.212702271340476
135.61644526938275,74.96949424279407,29.82158874364557,32.964284322367725
135.66796206846814,75.05217221050555,29.718555145474795,32.798928386944766
134.3551161090706,76.44346248860184,29.391561620424092,32.96903327459796
132.89085044905482,75.5642617534148,29.375135344131337,32.764129680755815
130.96481281263604,76.96913354278415,29.31438184136587,32.88900768371939
128.96410928655962,76.60089824976379,29.39908297462386,32.646301790036404
128.14318873434067,76.74426753883856,29.08740792959385,32.35956321188688
126.21215938821648,76.8019263028336,29.080163547608855,32.24424568389678
124.27888941666518,76.79311284206133,29.085034251956134,32.26187260544131
123.29561979528069,76.7909666290974,29.120035245576233,32.266165031369184
119.93214351147228,77.29887232522098,29.082227331167704,32.216747993697055
120.47679025014128,76.8804954814014,28.957956477465316,32.08847905770064
120.11831189436558,78.89236294335527,28.71386806787052,31.90892461837761
119.77932703789652,77.98064378478756,28.437479669862718,31.823646713621205
118.89454400158728,78.90607519994879,28.309806768167196,31.870022857612753
117.56415826119193,78.60099399382938,28.128680789098354,31.532886116565052
116.7521940832768,78.62249164613493,27.874269552314168,31.489890811953963
117.66670571497731,78.6341254036779,27.91411644464378,31.466623296868022
116.89102136643433,78.7492498385394,27.5960625495669,31.23637442714503
116.12936957356261,80.44496163016927,27.26726300854731,31.549157097411342
116.25503332627574,80.49407056863305,27.01593550312107,31.45093922048381
116.73862694163644,80.12244409845971,26.96882398025789,31.27411645297228
115.9098744573393,80.6017285540021,26.793158990632772,31.23213252099719
117.71600825200831,80.16745569569748,26.83335300250488,31.187562837303897
117.41337251233571,80.57810972445176,26.525552734456085,31.27932652718932
117.55253489423751,80.55285937920308,26.247227970652503,31.329827217686663
118.03374626957088,79.74773080241532,26.190646868969445,31.12840107329476
118.14811282146047,82.0750372505164,25.961913765190268,30.982910448900256
119.15594753849602,80.8726088186284,25.738038275934656,30.700076395453017
118.75272283938179,82.30223567001637,25.656557666112562,30.504612716828746
120.10594112836851,81.0532933272909,25.60093209968269,30.351686390736113
120.60282343522054,81.07547779206236,25.487516688663817,30.307317461193215
120.23989222520287,81.54834631863412,25.335540283008104,30.239419233740804
121.90607620842262,80.7132435709246,25.50054831635592,30.160936729266147
122.42239487150863,82.43309310068828,25.343701358881603,30.224399144529713
122.48465358583086,81.63619217233503,25.219183930237165,30.06971315817547
124.29213613790164,81.17764745294605,25.083631675471075,30.116949384609573
123.90300824934235,82.54652717358324,24.993490877593434,29.984379668323758
125.15854440377369,82.53765715808608,25.0771212739867,30.002119699318083
126.45994745320742,82.05049890235425,25.073882089855058,30.1099139058698
129.0271903946039,82.05390254700225,25.148182159944533,30.103106616573793
128.5937519734707,81.6782282847717,25.145835124254965,29.985231263078838
130.21385547311664,81.5659894641958,25.37510469906085,30.209708904230666
131.5348307736524,81.50817103395538,25.356723842754334,30.325345764711493
131.95267205522424,82.30117356150184,25.39705107484218,30.49136030008172
134.08724455009445,81.890409758371,25.52399561256104,30.43367000085151
135.78149255039162,81.3235846634043,25.65699840810884,30.686945491749395
135.24752681261793,80.88894020459458,25.838508047163398,30.66981257287597
137.34321384391143,80.86505476803143,26.092540608117304,30.71758344600225
138.48366572289453,80.39037328807625,26.493355162857803,30.773040301677035
140.28568803627752,80.40753841978685,26.494123281092527,30.73871003825585
139.90582693679636,80.46109359483408,26.353160903497546,30.63159968816138
141.62002391258721,80.03655424723502,26.51182793279847,30.583913138138815
143.3606401298993,81.41533888823062,26.62489009545193,30.522064804105845
144.28240694659968,80.45438898744229,26.58021390879285,30.64510715894086
144.2229429163498,79.95274564791978,26.699141969292604,30.747776248680935
145.9887935001904,79.59154599012015,26.783896905487087,30.56606153831126
147.29408705908935,81.34732495951918,26.88128323404159,30.665134861316375
147.74482874400985,80.34573340784272,26.885552773195272,30.8568121466799
148.21028471573396,80.28499523939237,26.863431603886276,30.978288483580585
150.43884543481266,79.40444998076595,26.95789419476354,30.91874538921956
150.0457257579556,79.45523312891703,26.83322415459652,30.817179092917396
151.44976965221602,80.29522537379242,26.74715111551764,30.9518711027946
152.87801256224262,79.78988602876865,26.614793232613692,31.054507147125722
152.8830069145368,79.35127078098137,26.604804528025316,31.024232757538798
153.8914704686915,80.65760001297573,26.401630406364273,31.132203773522594
154.8341934940932,79.67527396708383,26.32674163734569,31.286298583521663
156.1460407797129,79.66533878748217,26.422400524910763,31.306168942724966
156.10582902789702,80.5730002932342,26.50282402854251,31.30744124522256
157.86387663228317,80.59035372145127,26.62517478366356,31.272734388788436
157.75173360412208,80.5619585421225,26.849460839985753,31.329524747445955
157.64993106503712,80.52150516590191,27.05306591815567,31.41043149988713
158.04986614222884,80.08426199395628,27.173241248047695,31.36487235950295
158.48511366247638,81.43132253008278,27.22401524336201,31.434558394678206
157.991602522477,80.56955980434472,27.287875600683762,31.31176000080028
157.86342652305478,80.57947207215776,27.54422759952817,31.291935465174205
157.37759649910024,82.40924048135804,27.589803937044696,31.336733488344027
157.75781111516423,82.47848839745963,27.756882549803343,31.19823765614087
157.7168107030067,82.91320433081148,27.838883374118403,31.256837361294764
156.72040969013787,82.88987813548647,27.9711813119892,31.303489751944802
158.04988423389173,85.27255650001109,28.111503851429227,31.203585734475155
157.0796329346707,84.8469579088576,28.184449364090458,31.121004373891736
156.9230129171421,85.33480235967392,28.49768939914769,31.07897334990206
157.40352455307666,85.86433410970182,28.474661106260506,30.957904828828184
157.28097133009817,86.82534928550008,28.71976755221751,30.907357784005054
156.74838773227034,86.88102739723564,28.84608290144801,30.796001560533938
156.17206959115606,88.08403994755557,29.059599259585447,30.26821630807632
156.46552804704052,88.27087692883592,29.406930186682168,29.89454234551561
155.91745089983215,90.80753101895286,29.569210916528135,29.490601988135715
155.51284417100095,90.45776752415931,29.44834878637873,29.260053389911025
156.96914097117562,93.03433098552624,29.30937691923987,28.729629355861256
156.03745768211306,92.71118305154579,29.34476609930621,28.46193652479274
155.96339227946203,92.45116441549418,29.492896904608255,28.071658564342265
156.39525137985993,93.5777652211041,29.535638059705956,27.63137566490946
156.34224491033962,93.80638443971107,29.641650998746552,27.174137227695535
156.27180139668397,93.95245016262503,29.782538026057864,26.882005781867598
155.79506635260506,94.06702663674241,29.843945408836035,26.65285283363283
156.75217215172432,94.14736688997243,29.708450772852316,26.492172327172806
155.89805768440857,95.6413559612235,29.64730614742475,26.15825452475926
157.38604779235322,94.7253736217251,29.306520563721175,26.233422782298906
157.03370164551816,93.76871722440482,29.136902865864492,26.398115593885915
156.65035808927144,93.66741933402915,29.029288679130154,26.60071137463726
156.10259303973785,93.74349691884133,29.24896451424348,26.44855620501289
156.07004463709157,93.63252174272232,29.314061319536076,26.67050655725091
155.74761038381536,93.52432415018488,29.077528844428137,26.8869017423258
155.33436759462987,93.00533745550933,29.02285361902284,27.04371432790064
155.06388632700634,92.04945123419037,28.681015613149214,27.189885688297196
155.21801044216244,91.46530659271372,28.372767382837015,27.478396600971735
154.5363492052304,90.96108694309972,27.97705446432411,27.607318204011253
154.74691467184172,90.39088602158547,27.555923531101467,27.872380436946514
153.4225113307699,89.41892328456672,27.58608085305153,28.070539670854984
153.45460742781088,88.79504272639127,27.5218886589696,28.441826875323287
152.9520619905981,87.66301383783875,27.64569094684974,28.94330747933752
152.85995196678186,87.08971789364651,27.82991099448223,29.198792613040364
151.2592632173431,85.99887046481852,28.337213080612845,29.584437195531684
151.0741324398503,85.60748178265948,28.70747463559841,29.45511545549185
152.01355090316784,85.0047098418519,28.66049247357589,29.744731954800688
151.1128535884447,84.41179570409196,28.62243172081415,30.010832539216548
150.6827386098546,83.26334727588485,28.55936790550895,30.461141850660066
151.2214476021583,82.72965006271289,28.411286130795876,30.599200067109656
152.20948734612875,81.5984813662339,28.29348523336498,31.003258869557598
150.81212167380372,81.05388983312777,28.28752698744701,31.158878738913838
152.36625049847626,81.97272418323541,27.986941788463845,31.19299167227321
151.0172631558666,81.05569389997143,27.890040001386055,31.16380125726976
151.07264690844247,80.67833719828924,27.779272496234356,30.988890235326902
150.68265375316423,81.17939636972015,27.634121058390654,30.911909640865222
151.72047726223101,81.21285015142695,27.401720881396102,30.84500207745161
151.33457148000892,80.39101572187542,27.25666199686797,30.654930038610118
151.4434662924114,80.37039023509114,27.038872372063057,30.696181012178677
151.972727603072,81.26169771046067,26.88910701757328,30.73108059510249
151.528492021247,80.42773861536651,26.870678070492037,30.585198563828282
151.553674787032,80.50329272136031,26.82031253892198,30.434090351840666
152.035870655647,79.6358728549087,26.75711582576487,30.366540036598245
152.56707719019232,79.98669190542529,26.59383882817247,30.564038007063303
151.75956531883133,79.54034029658297,26.40970052155356,30.557160200077508
152.23003482294973,79.95165267553004,26.365282833770813,30.631056762637463
153.12658665302172,79.5686866212597,26.366082094243424,30.500037410869854
152.36469896301912,80.0231777657355,26.09998214534167,30.485992786371757
151.89611324163235,79.62821489582196,26.146705340948568,30.38547027903223
152.78955745431045,79.98339426671876,26.13910617516557,30.564756167025216
151.0430564888324,79.12882334103855,26.062932106937765,30.489310018793688
150.1825902761595,79.17936695030009,26.00405607167434,30.388222800270604
149.76612487454827,80.86530842502998,25.949590695676946,30.565924567690146
148.7947550533491,80.0161860351609,26.113799272679525,30.485638282032525
147.50958868274608,80.0053049612884,26.01213780538744,30.507400429777544
145.66953407114877,81.393410038941,26.13477746005492,30.399292450867716
144.33669427974388,81.40985641466791,26.131456485084495,30.36639969941387
141.256083028744,81.01351421029801,26.06894458262608,30.269979193231073
139.85600236262815,81.48739812725086,26.209275076459388,30.20882163879154
136.26707498134598,81.04683509981147,26.283804611387144,30.202032040215727
130.889125393981,81.05815430332562,26.371637230519955,30.179393633187438
129.99802504733856,80.61048389202271,26.373712781429475,30.184671884605528
128.17947571569715,81.98590823301481,26.450101064549834,30.1043559877432
125.54046835250851,81.55990270605545,26.38717710011204,30.066210593192732
123.25401454274694,82.3426334629107,26.517296555665396,30.277864345070146
120.16866131916828,81.83757123821358,26.430551136703567,30.39406709930453
117.94012502371466,81.80558005556739,26.41596618215116,30.45804946459691
115.30483870060203,81.38844764042926,26.316010164264362,30.397226184187822
113.90102206543344,81.44322796344156,26.446012911577935,30.287665538163232
112.02577096415597,81.44295775126871,26.624788971353787,30.288205962508925
109.24774197055265,80.96828233833429,26.806027011052823,30.341753463793182
108.30699185321038,80.9903472320951,26.88845859826238,30.297623676271545
106.98353240931496,81.4684396212526,26.834873305017208,30.24160695830189
106.57243012064741,80.59684485862873,26.75863603487977,30.187912788604585
105.13473678951365,80.21971552478213,26.944854377910744,30.04578201655227
104.25092080182478,81.56309002994523,26.918170074550556,30.050507424332967
103.32557244169831,80.70172771594893,26.975255926448728,29.97962118397083
102.46514063829677,80.75867003793147,26.90288918174344,29.865736540005756
103.3229151668782,81.7454675400689,26.97471943006298,29.679520841213296
102.88063802829282,81.32724266928278,26.96733518274658,29.624032058298393
102.05034023078471,81.36382513152827,26.846016599026395,29.5508671338074
102.12139192959117,82.28266540486544,26.70391320141347,29.48895557882555
102.11613616631709,81.88350764221804,26.714424727961653,29.402615796624794
101.7394128395555,81.49757384236409,26.584391986766995,29.29100400161484
100.89020566988069,81.92059531027046,26.52346758592568,29.324630435897593
100.94919746204481,83.61839849135788,26.405484001597433,29.445908047452363
101.36895938298471,83.25942847162978,26.44518376579027,29.284624480835923
101.803815910677,84.12916263284873,26.452820656533955,29.29985605065454
101.39409370929879,84.66834883324135,26.39455638838879,29.099192320770904
101.85955342464007,85.1544963347213,26.33729473811592,29.00055509822071
103.52166744309687,85.67195859799327,26.497906107855513,28.83684042334007
102.71267167965586,86.17873983770379,26.373460244111197,28.694496639232224
104.44800446849126,87.91592232595667,26.370871956246006,28.68820895253208
103.65536604230236,87.46247220456019,26.222388556842322,28.72822906943432
103.77505218561326,89.17997103767769,25.983016270220528,28.75378774663256
103.34922607158984,88.36680996660792,25.972947723672338,28.656668339582026
102.55381399928464,88.43725588144245,25.84367317206948,28.51577650991298
102.0841553004383,88.04768702492294,25.927194846930036,28.439118500119868
100.78956096766063,89.3550973682849,25.948581753579873,28.392099572301415
99.49682191016393,88.47747659987205,25.96743254613199,28.436256227499587
97.73972706524457,87.67267131689434,26.055500493764715,28.332805922352023
96.40376534737648,88.16822329474485,26.158460815565995,28.19802300462927
95.49092407895554,88.21330889756946,26.27242943334754,28.107851798980054
92.93828031371517,88.27561570166749,26.24015440111205,27.983238190784
91.61482936522867,88.3404884206351,26.325652144467668,27.853492752848794
89.8629632922169,87.51841338484223,26.416864036555786,27.7913826974668
86.61676059568262,87.07090572918324,26.080432897146267,27.832793442225015
84.92057561472889,88.40029894701397,26.077142627849877,27.720752179966478
83.64545102780059,87.60643880578591,26.086055537737494,27.614248286443296
79.91192603103464,87.63624960370262,25.942809361124652,27.55462669060985
75.26144723972143,87.68748466456346,25.97754616097757,27.45215656888821
74.97148788356336,87.74464437334744,25.71613234963813,27.33783715132023
73.3492344042088,87.32808602781954,25.61904732144902,27.335555845651477
69.27585320135276,88.5820094468627,25.42759749206585,27.329172678093716
66.81290468435239,88.2031719760094,25.369412458515633,27.256167275208497
63.95308605357667,87.44031529657269,25.288736897525638,27.124648399070082
59.70277484535154,87.0102596979107,25.536548881045313,27.15947855310102
57.25943694506222,86.92151817133998,25.4446628674369,27.33696160624247
53.57445652521373,86.90530621999213,25.33496556175442,27.36938550893815
51.08940686689477,86.86017802291326,25.326053798793534,27.459641903095886
44.39230400016837,86.88227767523026,25.422643230861727,27.415442598461922
44.78387320425263,86.87125185789448,25.47145269889416,27.437494233133464
42.737096708294516,88.06873602244696,25.399665995059237,27.54172972147918
39.85901893037132,87.63375809755436,25.320956576077812,27.57813343200326
38.59467249639702,87.16832021714863,25.351048677107872,27.676142270508524
35.327311917277065,87.16602345024586,25.206784536213647,27.680735804314068
34.05247247358011,87.92529356796534,25.25852392720575,27.82748856647633
32.41601417390588,87.85137356483871,25.188418769564898,27.975328572729577
29.080803398231126,87.85741302958068,25.163346457010977,27.96324964324563
28.185520198505596,87.52739851873416,25.281215292112428,27.786929882763882
24.942615470853852,87.89556998655158,25.08313761713552,27.886072838414098
24.54741356955735,88.31870457235274,25.039672646725382,27.87367243981494
23.23707722612439,87.96228404167935,25.16139879898077,27.75353132295819
22.34272134060416,87.90896743206058,25.283998594919915,27.860164542195744
21.022317971693568,87.49280975613391,25.41479505530657,27.855809801570906
19.347342193000394,87.04791168343243,25.409998819425862,27.906918998657098
17.672055102196087,86.59201147773868,25.402947870521004,27.979313127416233
17.306436465341033,86.20868021685084,25.293764420095656,27.905554925056446
16.447023231041438,86.63591042568838,25.337526671917985,27.888626615769766
15.100090508463376,86.63730043487467,25.51749288909085,27.88584659739719
14.267118070086298,85.84858376992835,25.501856386972385,27.781698548417168
13.472508882766023,86.61141556727104,25.413236648351702,27.93387306699305
13.447696910775413,85.76926797685284,25.462860592332923,27.938413280448227
13.54266153711008,85.35052512847022,25.27293133966359,27.93515997133726
12.792313039842503,85.78357511888007,25.098307440723982,27.90672043725497
12.788966414994356,85.7640378629358,25.105000690420276,27.945794949143494
12.736691253281563,85.36296402412215,25.20955101384586,27.91279652957914
12.710292133748625,85.02414671960992,25.262349252911736,27.754129568556703
12.688015113030769,85.85677799057228,25.30690329434745,27.758216241002867
12.685283109032913,85.43806138369573,25.312367302343162,27.760201218196645
13.037712289015762,85.0471602017149,25.44307514944328,27.706437375092463
13.428209410500001,85.39678045453186,25.49889134821665,27.844007311200393
13.543982615395985,85.36905017515468,25.26734493842468,27.89946786995474
13.55088237336172,84.95705450838622,25.25354542249321,27.88644311232976
13.561117199274767,85.72549728850069,25.233075770667117,28.02274431402444
14.397282721897202,85.33120177382396,25.237517977505746,27.97294871733614
14.397230948915304,84.92936357569471,25.237621523469542,27.938941869568154
14.80194210548111,86.5075265949643,25.265355234795322,28.13123992885852
16.869725283808553,85.7149688213697,25.332730972377767,28.03517863835281
16.921971551574824,86.0641763526414,25.228238436845224,28.1769336707449
19.342553899637913,87.76226671921157,25.4313084363115,28.14357606799949
19.68526615866378,87.33677472638443,25.589312547204276,28.15113142470927
22.156344593411298,88.65028406422884,25.72355030706062,28.062310063696152
23.86020575990044,89.40196885430456,25.70311281758744,28.25258290529726
26.433822289156424,90.21910008077407,25.652632713893766,28.317238103964353
28.967318908693084,91.05570913594782,25.683600766395692,28.343340424141932
31.960307326385824,92.29697973530189,25.651545185345313,28.41247976300598
35.33468007757595,94.5164862805222,25.71179466801542,28.229088538221855
38.297094253108924,96.6941544954133,25.73158642401088,28.11990932776921
42.087567298852534,99.29279429196677,25.781258982524083,28.009708834662554
49.6402483280211,104.24879017226014,25.920458784772112,28.26075831446591
49.1631420609929,103.78161531757566,26.021622818283355,28.342059523289688
52.53244970020337,106.80431489434015,26.13041545956515,28.2881422995006
55.38149753724666,109.70770042734947,26.430036891686917,28.479088339690318
58.75018379643269,112.64878743385843,26.609145167919607,28.648835021951555
61.179132932418234,115.20191667340094,26.971584051132094,28.762913698050127
64.13402990024673,117.81859630096386,27.204957102556136,28.795126146136568
66.65984323242428,120.44905938397349,27.44414354298359,28.825013084899865
69.61987129777746,122.6233184396323,27.726519601773955,28.9068036803656
71.77926358075615,124.40580462300588,27.866809716115306,28.909091057857452
76.62929674759462,128.3799804589141,28.001524464359903,29.007378453067723
75.72450220011213,127.9910653534369,28.01562743372613,28.887465601222765
77.92080663753272,130.7627345075314,28.103445588949253,28.720639729110907
80.57004700186181,131.2230480617715,28.17409059471739,28.694866909701844
82.29365414945701,132.97816060873194,28.30913528387272,28.766900800126677
84.64542992571837,135.28572268872813,28.099723664930902,28.645916573715215
86.40864255547226,135.2456016999726,28.147785528390127,28.726158551226252
88.21460254103151,136.13128250706086,28.118429895075423,28.74607910595168
89.57651517852788,137.0001274796175,28.081075944086077,28.799370043507288
90.4510508116504,139.30040815054676,28.123479075847378,28.677494696664557
92.74329738267001,140.1288093783153,28.01145036771744,28.80967801469117
93.59333662793007,139.78527526806687,28.10096956757786,28.60194738999777
95.33182265730174,139.83379805382182,28.195799945316676,28.504901818487838
96.15676564498155,140.26370939425092,28.331756210308885,28.53800025780555
97.90802808574979,141.19185666143568,28.411572303409827,28.472876210754748
99.78480828357198,142.47985037724524,28.241283734903956,28.584342649489493
101.51810558082124,142.47011656629695,28.35423984912998,28.603810271386074
101.93154141258199,142.51624136000967,28.424343200237942,28.51156068396064
104.21310348170641,142.95227179031954,28.344359785110477,28.53612796796517
105.97189491679994,144.27778122929232,28.4097946747068,28.572372409857145
108.25256420353402,144.77985890433945,28.335236345532717,28.465573108621697
108.26039874940514,145.3004432416434,28.319567253790463,28.31890478157024
109.67121658297833,145.68926134002882,28.173764911103554,28.433213026285888
111.4615360750292,146.5979985641946,28.158910449543594,28.39863083922522
110.93244609111461,146.18609496989822,28.326422475938045,28.33177008638322
111.34025988551875,145.23884708175592,28.40304988711765,28.441755862692094
112.67711196412428,144.33528859636033,28.414926948272782,28.458485354572453
112.5902885228378,142.05443543887017,28.588573830845743,28.541970556736885
113.54899383628216,141.16632822750523,28.470550279094102,28.51879790432961
113.00409539885584,140.22977389080918,28.662877184221227,28.596966638270636
114.77411530235656,136.1649589207778,28.72975607573749,28.611029506668565
113.84516219113524,136.64366913297602,28.781654271287596,28.556613095718365
114.74593787021729,135.7173434728104,28.786029116642464,28.60333821253069
115.65222193894552,134.29826626273388,28.78099781801458,28.73018737444082
116.56309717700718,133.18467517749664,28.770623076730693,29.145993810075854
117.87860313183825,132.09199083813462,28.875814920366906,29.507226653267733
119.1787814054359,131.0306301838713,29.03367197847036,29.79113889159522
118.66037572019017,129.94430728495166,29.144127574910993,30.111073141332817
120.39418993933315,129.2723432682506,29.40898595974513,30.5218794689549
121.64273841868138,127.55459348757928,29.743146424114844,31.12612160723139
122.44260136596385,125.78982788938627,30.06043911798836,31.780124920959757
122.66172811798431,125.66131607680887,30.595958622464337,32.037148546114565
123.97880462837216,124.5386587164193,30.920654190795474,32.309897540822504
124.27636858628154,123.92798388474968,31.321222908360028,32.53555057077845
124.02295937384491,122.84190754227308,31.828041333233283,32.696557211881284
124.52766125650845,121.48180516431702,31.834749965161805,33.38453717328217
124.3995873815485,120.67913842043205,32.090897715081695,33.962867769991135
124.29068645887823,119.92154245206274,32.30869956042225,34.437947365378996
123.6307152606995,119.26225088592368,32.577647375812894,34.70553591669031
123.57754122162271,118.70514231399963,32.683995453966475,34.760307852216776
123.58930579485781,117.55612167325503,32.66046630749628,34.93437077871046
123.02799614224756,116.93456306802094,32.71875057992936,35.11315295639121
125.22630815932797,117.96548721547093,32.5943367942429,35.18740978572842
124.06469183576041,116.31808478441064,32.78310187283783,35.280513295038716
124.57037278032642,115.79607444258463,32.84342753849168,35.2528464239049
126.27655515708871,115.84241378691313,32.64770609407995,35.160167735247875
125.66206104417988,115.87810027460833,32.809037057545055,35.08879475985749
127.74880129813852,115.42415634504523,32.911982560064516,34.92757611637447
129.3758071159413,115.55208423418499,32.862635769563504,34.67172033809496
131.39631290710102,115.02278297954217,33.075375255121024,34.66688508041136
134.62631163725604,114.64072634822301,33.01577965811453,34.36426469916574
135.16234848057536,114.63925530459657,33.00475590609624,34.36720678641863
138.30290756364795,115.6426994404667,33.08916704988242,34.48216161798879
140.37053593466862,114.118147998078,33.2101458334902,34.33908785852936
142.99267355286986,113.65941236434293,33.28452218505723,34.19282880840557
146.1637436720195,112.78831069362259,33.31805022834679,33.809809389316655
150.4143536180617,112.32478499196824,33.27382678421118,33.67973623663174
152.427955645538,111.48134416754509,33.46415062936852,33.25785393542312
156.04861527041552,109.94200673534738,33.57800419596707,33.184311878524156
159.7941095193,108.8609428234441,33.44660910197747,33.24369872982233
164.89980097380231,107.92092782751018,33.737624722179255,33.02324901584888
165.44031366836305,107.41450145265178,33.70793662766765,32.98476447095581
168.8145766651308,105.8298400573084,33.26099056079492,33.00329729831116
172.67949881179604,104.67237945592792,32.83585710437876,33.23115826195377
174.80101217426397,103.52495027913265,32.754513510983706,33.445175049773894
176.88573872768677,102.53043630632494,32.75506278810063,33.34920180340804
179.50827594376966,102.56046748939393,32.714996000015546,33.28913943727009
181.0359410673642,102.0282661356585,32.77794187033675,33.314116772237526
182.63407465038654,101.02816398888271,32.704108480151504,33.23269854854952
182.68987516390033,100.55777653918116,32.592507453123915,33.13510687569092
183.72867356453642,100.62270004266934,32.58505409793396,33.005259868714575
180.68728319876482,99.65528189146606,32.47035664441151,32.87427010943259
182.66512960645545,99.22629232680434,32.63084113078127,32.703204913318274
183.73890642087542,99.29591798036432,32.541052416126,32.56395360619832
181.14344778951957,98.36215238044429,32.60559133117113,32.38093346697175
181.53355706575869,99.41947306592806,32.848781089213034,32.31310871704452
179.48271683245056,98.49981653080138,32.84581025770113,32.10009613823378
179.01426506434242,99.06517395289332,32.75996046961141,31.992134618355927
177.02141432897292,98.49872750523836,32.66686150099573,32.10532740382715
177.03994214250295,98.55113689287252,32.629805873935645,32.00050862855883
172.5770941345373,99.5542836538561,32.39540839112779,32.029791439644804
172.35810212712974,99.53431038561982,31.81882641432196,32.06973797611738
171.05496109579514,99.54317814771696,31.40675692358731,32.052002451923094
169.6483678262184,98.95053783167654,31.221930583978672,32.2379454577499
169.08493056339245,98.52959600662268,31.34946900467245,32.0804930028995
167.624876001482,98.5346414906454,31.272936764250364,32.07040203485409
167.74332955997218,99.14734336127984,31.036029647269956,31.84251142458941
167.7262532520272,98.18071261647351,31.07018226315996,31.79538714840441
167.23668726291075,98.14266389650967,31.059321742570877,31.87148458833211
168.18734575559284,97.65103612674636,31.140036131419972,31.863724440752087
169.6491079216281,97.14863457359074,31.193018326397397,31.876358704714033
170.01252839831818,97.24581475669186,31.459381334392035,31.681998338511804
170.44466396636267,96.70631209450238,31.58946108905863,31.766652772135174
172.7217755197177,96.11103582756431,32.02390348753701,31.959472204973615
175.08439619713297,95.63721124275895,32.336722572251276,31.899509286675382
177.92797502720956,94.55045197122793,32.71909497953391,32.049851140592146
179.98662859223654,93.93493275775,32.68166701294164,32.260919776682556
184.5568409746854,92.95028723141529,32.74565507386443,32.18478575694743
186.00614284635108,92.49996755351125,32.914602601202105,32.06290802253248
189.1842743793205,91.36215611618623,32.69781498320369,32.292039081202404
194.49853550349542,90.44712905361743,33.32732283074495,32.0751786434507
193.80360320864568,90.97851115366461,33.68727395845753,32.04232790534321
196.8118727951184,90.03833794583073,33.88091959204487,31.85261271883337
199.79385103616812,89.4900258348919,34.12726627892635,31.914186412547565
201.87093782838616,91.05630938321949,34.13260021408154,31.90124995558582
203.72937336536572,90.06203193822894,34.574748009450715,31.81029541090277
205.31170449264604,91.19909277302138,34.54570710689836,31.626587975990084
208.8210003610849,90.09612770610832,34.81992442223606,31.748858380611793
211.00113642155299,91.71001196978465,34.65184571743899,31.665234915363452
212.94537248113332,90.23873016598573,34.93976828364612,31.47550250893544
217.54991671132044,90.25789191588653,35.14066591433577,31.437179009133853
217.00490668531495,90.7808761477247,35.18262158085986,31.439274930944443
218.96620854263097,89.73771556663033,35.455016288792386,31.42809688185092
220.50436206165972,89.25376479316452,35.537109229385635,31.343198435898934
223.81333624058163,87.62676266442955,35.235453069851935,31.439056594213802
225.86444081219483,87.11607745110074,35.331510615846696,31.41086034856617
228.43325868803217,86.11248366539037,35.446912335407106,31.31683293149286
231.17433260414813,85.05263292343604,35.219237039609126,31.334745400827927
233.3472404375955,84.01802091536857,35.064012623746976,31.30867379144659
236.0561885090052,82.97338795032798,34.870220548768515,31.308298094391365
240.3364766142419,79.72582868374226,34.644075854552206,31.552592990370037
239.932788799186,79.69855795898162,34.40926850390254,31.60713443989133
242.57378352714474,78.75636239655698,34.3242502162364,31.412737097440075
243.7776334824173,78.27893467058311,33.98649885217765,31.332618276144657
246.48088251339004,77.19972891157643,33.72217697291046,31.434159321086703
247.7474518654031,76.13958602456046,33.24088999550325,31.50259336849969
247.43028025437928,75.10476873135607,32.85574267953111,31.533246878868926
250.07062975638735,74.58719973001476,32.64477549438571,31.554438517777413
249.77525294008166,74.56696649300564,32.22455433593032,31.594904991795648
250.48438552865406,74.54609610992716,31.811307785554934,31.63664575795262
250.62561631747778,76.11650118596113,31.528846207907527,31.493373878707416
250.34609542729925,75.64878632478724,31.09541212069144,31.436327733482045
249.5515079241099,75.17845091366472,30.71509082707586,31.392250405729957
249.22968703689102,75.75090615636611,30.380678769424286,31.225393752416554
248.97247445447815,75.83483287889189,29.924952364006607,31.057540307365002
247.7524946246247,75.93491922882843,29.483973601848284,30.857367607491916
246.5019706258086,75.92487563576191,29.13443418032193,30.877454793624956
244.7688958416057,76.42753299731626,28.820705923484816,30.817109526826993
243.9336611325956,77.41480117371209,28.613082080157735,30.720666435382686
242.65416166171786,78.48949850913245,28.369353940841826,30.439756485256204
238.95358625480958,78.60882583570005,28.36263092377837,30.201101832120994
238.46332672762097,79.56461267927628,28.421000088364895,30.13382792454984
238.11644590750166,80.08912496199434,28.192737086260962,30.00682800145632
236.8550632628505,79.71816049775835,27.96625057402323,29.8323396627483
235.10620110310603,81.20075910752126,27.82359324553302,29.597428679206804
233.77843913577644,82.24031500931979,27.766636617624517,29.32663725065493
231.60439839883315,81.89043926294897,27.61960427323853,29.12736597974206
230.3582297373577,81.84486349049956,27.431218963306357,29.218517524640873
228.63063327502218,83.27602435225174,27.31836858762214,29.03222827640301
227.3274200671296,82.91819876242545,27.26286992750948,28.860571097422973
223.2659611248977,84.7051365796145,27.432090197377235,28.821672180643077
223.21709825009654,84.35683124243239,27.529815946979568,28.632464405750053
222.00697378674226,84.36204034002213,27.296856643057104,28.62204621057058
220.7327960145193,86.13049200674165,27.20355972591149,28.607346159253645
219.01364626290166,85.29687346060942,27.12648964740788,28.516898460648665
217.29349322497256,84.84486659761353,27.061973989587347,28.54470675322075
216.1496842433615,84.40282598371792,26.722738167575443,28.553170052600642
213.20207039260714,84.45174342602414,26.525393950000012,28.455335167988213
212.46578371842457,85.27816397368679,26.266557524111732,28.533903846916374
211.64197292152826,84.88840762780521,26.188549706813625,28.450601833134186
208.67011499147472,84.45302672603381,26.11034258300682,28.46108892468927
208.6358567726012,84.06695056619475,26.178859020753833,28.37404797982571
207.82713457938004,84.48474910666775,26.078449417175918,28.397377893889825
207.00426643655206,84.05924889823223,26.00880028906391,28.39068560387689
206.71105873626743,84.45383469350894,25.73873619430188,28.45799350865477
205.8962966526882,84.0311778117223,25.66181398112339,28.45008408205956
205.5139566763499,83.64108825109592,25.574620927747027,28.378390197259396
205.1708671835804,83.90567245116242,25.4114330603763,28.698588650036115
205.22769585192492,83.4764588667209,25.29777572368725,28.7052826799143
205.72194207489196,83.82081177423824,25.159301792397468,28.866595379523897
205.34682449452097,82.90910218546784,25.059236351820356,28.989413354426556
205.80583628073782,82.9312285998253,24.9918098624224,28.945160525711625
205.4139962596835,82.4652957797801,24.926659388886847,29.028195650157787
206.72413942412936,83.27465589711318,24.853579382840753,29.10761296405539
205.83112362998736,82.81030258838217,24.941366713514636,29.18719745271234
205.86555719905573,82.416467002279,24.872499575377873,29.12310613814298
207.10433750626657,82.82006369097708,24.943935629571797,29.165578316952033
207.48283375506207,82.43165374989985,25.038412840973287,29.09092849011397
207.47819443678813,82.44224872772351,25.047691477521216,29.069738534466673
207.48345599351998,82.85283747108122,25.037168364057518,29.100215408667076
209.50195348483396,82.53261988731848,25.25995712499012,28.888693827480452
209.08603721394087,82.47820966161713,25.23953383628311,28.99751427888314
210.67674534724483,82.94662841340147,25.47257366046234,28.91429079801121
211.06457737104176,82.61209635801552,25.55296682134097,28.727297700310622
211.0715336325971,82.28323620858413,25.539054298230308,28.530576187404566
212.26181089962418,81.91999279255893,25.711992872301792,28.40589865007975
211.8275164719661,81.48014392999947,25.728595481751515,28.43361012933226
