306.5,5.5,95,65
312.2370051274356,14.412856727467187,95.06892858140746,68.75157645036734
316.710082693751,37.37814759663864,93.83731704543457,71.6797708241908
321.7927397792668,63.54212641109371,94.07489399869549,73.96699159781626
327.4174507395221,93.26537456547766,96.0334131689067,75.27702430636839
335.56326969504835,126.96865998169156,98.59170450010473,75.19162933912109
334.020582225542,145.16920637890863,101.67707943911743,74.2875036212917
325.9073116348268,141.83214554441565,104.09016693464156,72.67355307873387
319.36328420549677,119.00088597875511,106.08755292015596,71.20072949918571
314.3277236770051,94.24880052052373,105.0450950167596,70.69379509393978
302.93092982679866,65.4011996501117,103.0500529553799,70.54886072391452
279.45039472120095,44.5016017081136,103.73989916496018,71.52050601825033
250.48399592021346,38.621311917754014,101.20961380122668,72.2877977870225
238.32565499617075,23.853927640686557,98.29894019473119,74.59521088657654
223.8555557236166,13.0300076486457,97.35942280358053,77.22868618394796
211.36328024748164,13.25776928915797,97.64035950587022,79.518008930699
209.69721501267645,19.659736003406692,98.18624604978595,80.6452951306746
210.71830573650618,35.29913388626575,98.9569204368346,80.30791354674582
217.57658037623852,55.68433322387384,99.33660435306075,79.0069678194641
225.52801433149216,82.47793148258012,100.25770441354005,75.8916752150113
233.561875794934,111.28191000626067,100.79416112503748,73.63098362892035
245.43191367288802,133.58757121317024,101.70070252848723,70.09735648069744
261.6370532557869,128.1071674315167,104.31258937826507,67.58810019186004
268.9569963370352,101.73218170466798,105.82235598147076,63.814286965599514
279.94576982592696,76.26175013980549,107.70278626001567,61.73742285903933
288.50002579029467,56.66908460404873,106.45641297240188,61.26740732774867
284.77571860649056,37.74220961092212,103.43605279781215,62.47974641630938
270.7302617795998,21.064065534278306,103.00540571830058,64.72160467873186
246.4216523100316,16.721823802183515,99.14037504134518,65.53375070050768
235.9894097882802,10.662435220588954,96.78704569686175,67.33349924681406
234.22142316517298,8.147537152442816,95.17472028919433,69.7891460561654
238.76855396408934,9.570151481244864,93.85092319435026,72.12422706722035
250.4542107708432,23.300379036295496,91.3450277414353,75.96189919800818
268.54452738313637,41.4756289745295,89.37999164656001,76.45896546122901
283.5545304037366,69.2635318745127,90.67584129429277,73.07625247615135
311.5960891170106,94.38524511629959,91.24375591981772,71.75871731027695
334.77924520049106,124.44269202484041,91.00026438977281,70.57853875147688
361.707534280607,153.9967799577364,90.47239124270214,69.87799218581384
384.6492757341366,170.94749496851952,92.46873326878718,68.73644238166207
401.7862156548368,178.3585178697539,93.63973487728208,66.57328281129872
418.36357207902915,165.50121887061854,95.68133450055416,64.6336352961248
436.2156888499029,143.74983212454228,95.15603324142876,65.41913387366476
430.29959911688945,127.78812625903844,94.39881793750905,67.12799815680071
421.4331681918056,114.75419638695016,94.38913085198658,67.84935942141983
380.6082416357632,104.52951033969444,94.55494427443779,67.92772159352289
352.3784212703054,101.74110465036004,92.36049298335885,68.40417714419218
338.8724769869922,88.71193098524782,91.60079096233876,71.74031399361495
328.51133860464626,84.35028558153735,91.782724588852,75.32851901649124
321.96660847960993,80.48040786055927,91.7297749737551,77.81131051237953
319.069341247923,76.8722974686124,92.18893319013206,79.69215504927634
318.12122185602345,83.40224331584879,94.08517197393112,80.15726153769279
326.27421165619705,99.69347358478814,94.22988971562523,80.47619568389695
335.5083985488182,118.05220355671821,95.00552882559597,79.49761683114666
335.57057290827504,135.49236978232346,100.37191362004069,77.56168546008624
345.187621633122,132.59707232154227,100.71220859777893,80.55593860630117
354.6116998188931,125.08375415459793,101.81545978935524,84.18177061840787
365.43635417531624,122.22015461522192,103.57253092114922,84.05737473599984
384.19175376172683,108.55623803259867,107.37297924956219,81.87717397179338
397.69279257161486,89.71232133755784,107.13283608273966,80.9088798187199
399.8931313942665,63.87782480347762,108.64031641244894,79.40445111176828
399.1877416726389,38.57209917451609,107.09872210034874,79.82554852864824
386.25510635548153,15.196537439133706,106.54138231751001,79.60314236891814
364.6338592514312,1.2745663137510377,105.92799073519825,78.20982742607514
349.61670344765605,-1.7042736564443715,104.1548881330828,75.49275803655709
349.2080882022083,-4.556545438010346,102.1520380492021,72.73705987536059
347.3830615866409,-4.506346240288671,100.31328562692742,69.89225865321252
343.44285276035583,-2.5259179399569796,97.51499248466241,68.6010797512579
342.3306240328448,3.532099771184022,94.52729915197789,69.51542129824247
348.8671853712537,17.355890884489888,91.75750404998803,70.20198990240735
357.07157232315006,32.275503538001644,90.61806756926862,70.90143944153053
369.97360017485806,50.37469104927839,90.2027325098168,70.24727332052676
