177.5,51.5,21,129
174.7353481321742,49.23217344255393,23.32547939744236,125.92418010026441
173.837173937072,48.66697997630555,25.121827787646737,124.8473784484391
171.9456350510581,50.27559776347074,26.677548919353477,123.85749951442978
172.6829917413871,50.08426454207611,27.446574430679103,124.24016595721903
173.3665558590461,49.789774392888404,28.343365663509733,124.82914625559445
170.92884394332512,48.56057874129948,28.639989615205835,124.99813761889936
171.89586475153553,48.11919538951146,29.003404504740647,125.8809043224754
171.79730426098277,46.569767849296085,29.200525485846164,126.662987031988
171.864426283727,47.59080932795862,29.066281440357717,126.95239477564566
171.823082528955,45.550801439901704,29.148968949901708,128.6994469409354
172.88462803470182,44.15726447560762,29.384854629501937,129.1275441784297
169.25640561579135,41.93469915055918,29.53282459517071,131.20318320447586
170.18232538077316,44.28803724461275,30.08233260826517,131.2992021024849
170.12551780427748,45.718105827451296,30.195947761256562,133.26555127568426
170.9171234377087,47.10867566919235,31.05565293847133,132.92732803627942
168.62828732446465,40.676104046665714,30.723983148169964,133.51911623935897
168.3405004591682,46.471136205131614,31.299556878762868,134.21203340132178
168.20042414060262,44.43550778237574,31.579709515894045,133.32865399162836
169.0263148888741,43.22161441989893,32.39823937610945,133.28612935982352
166.44471965071688,42.24851920219248,32.590764492086834,132.74698711506787
167.30902871295677,43.01361142211864,33.34358617623324,131.21680267521555
166.30721920512772,39.08118547618942,32.87294286302682,131.65886758048038
165.10438844505663,42.88654283232,32.807063751800854,131.4627747623236
166.40606611676552,41.550450378704156,32.67124667994729,131.6674213979911
166.5159392875367,38.1852220832522,32.45150033840493,133.46221908683344
165.19541567637376,36.33408490488155,32.603732182188686,132.1868626864906
165.21711123823556,44.22727429023931,32.56034105846509,131.2434747537943
160.10745932685109,38.32388860729918,35.40031999431274,128.29159634583195
162.59583400352466,43.95175644253783,35.367333608764824,124.45150512705357
162.89543540571145,66.60718659096963,34.768130804391255,122.64859041753533
162.02308575047766,67.77661276585629,34.13236107414064,122.69020710848022
160.62067641951066,69.67747902308086,34.568019641640056,121.25763468846569
164.10598840914713,67.84432864825008,34.66869599930646,120.209735213501
161.8324363348623,68.76586023305589,34.52743252361692,120.71085585601895
165.42780314374957,68.96213402608791,34.38257085394572,120.3183082699549
164.31580371300856,70.04217965465652,34.26619158971416,118.15821701281769
161.91855447294648,76.17955118671362,34.445282709641305,115.11428866909748
162.9085809137029,76.60309259650721,34.733230316713936,111.99920536092478
162.5972006688541,79.21805523913088,35.355990806411576,108.99849723146566
161.28808357840424,80.21986908354353,35.776123939048595,106.99486954264033
160.08905568014043,81.62976573508595,35.99687389804963,106.35238207708208
160.0180837494802,87.56684752487232,36.13881775937006,105.3391770621558
160.45336825111463,81.66238472604566,37.428592312042646,106.34638488010191
161.97256692539858,84.26012168148918,38.78655670487108,105.54727271061118
160.32109299340254,82.22645567066473,39.87815311071402,105.19190181596184
160.26267773733505,82.47974394089904,42.22091366649989,104.68532527549323
159.32493472742217,83.09973006108672,44.09639968632566,103.44535303511788
158.77634573519174,87.58118114988557,45.19357767078653,103.58650088335769
156.23415138379158,84.17744472659753,45.683093578532755,103.5016645373527
157.79172885514268,84.39625967318433,47.177605109999604,103.06403464417909
155.8703690511579,83.00276301013261,48.695596966012964,103.52630021832631
157.24420554328412,86.03766606324234,50.66391695492874,104.53048357185922
155.570279571826,90.23313572303596,51.60484828482147,105.76722670436584
156.51118234826873,87.93847576442055,52.16437260644604,107.91521674708665
155.67519768540149,88.73272585486933,51.35391884247477,108.80913965589481
156.09146853841435,89.62357981872911,53.002725737862065,109.50878032958823
156.40679188282246,88.5005919316765,54.89234256792302,109.23449258481628
155.44478947080563,87.13582219739459,56.81634739195671,109.41502205564791
154.87012299811346,85.390264041234,57.96568033734107,110.32129133228929
153.63919533622928,84.52835043462368,57.80960707428699,112.04511854550995
154.81984295842003,82.13911082019781,58.0888794241409,114.18303018012628
152.22706368266694,82.22389251876186,57.92094360822364,116.6902139667099
151.47845531665456,78.27814449136865,56.70759519872216,119.16057973844394
152.04885989436622,76.60622543640227,55.56678604329885,119.77884706425418
155.33032418517436,76.46631456426934,54.433188033601354,122.77333409447942
156.0336400729144,68.6219922899496,53.02655625812126,124.77057141117317
158.77608005372653,70.03776927582445,53.02642585353221,127.42376699645865
158.7970193405603,72.3722547625479,52.98454727986467,131.09689530254366
159.63554494211218,75.69890147148755,54.140417370944796,132.94236576721607
156.7249046644779,68.38319875692596,57.08159301965355,133.17324666354
154.00620885980047,72.93120942373346,59.58336320098743,132.8840896139879
154.46526360266725,65.98929869765578,61.640776288249825,131.89029820116355
153.85730601467458,59.186537056963346,65.85380822867577,130.5102376603454
168.85787153230783,51.921779443141716,72.45449174424597,126.73884561257032
156.3127488719922,61.15785210374335,75.79122064265354,123.80492630724112
159.63477297142379,59.7114062224548,78.50845510202558,120.45696296432806
163.56690724921103,58.356160659287625,83.10760780719947,116.93574346028822
161.6137861216887,58.95238508656623,87.01385006224415,112.60428658291191
157.1609167977632,59.01348261943947,89.64533240858817,109.34496336641195
155.67634506576474,68.85713300173389,89.48461180347347,105.30698294738144
157.9729350566825,68.90033634575454,91.02153820379871,102.15552306825971
156.1322351613801,68.64660362665995,91.66204304026056,99.6220935523059
154.71520195954577,65.75619168386534,88.47271649385843,99.37952448782431
155.8777579855149,68.22561727277669,86.1476044419201,97.3977294889371
155.3487864726054,69.3955724342157,84.31642748627092,95.05781916605909
156.31584229138446,63.94548495512446,82.3823158487128,94.66389485803727
151.99593195259945,62.274989614483324,79.87632972139988,95.21843383809879
149.23138451552654,61.726957461506395,77.14117364319355,93.55974782660194
151.29784087534256,62.05961348831744,73.00826092356155,95.57952881495771
152.7914410990233,61.157731008455755,72.67003091927761,94.73432333160346
149.00045780894436,62.205369201123936,69.72976487430276,95.2696051025503
150.77184800939227,53.40810652378945,66.18698447340695,97.32040084095219
149.60536350752074,57.03487023217163,65.95673009299173,95.19332019250439
149.6100521350484,59.63223509273798,65.94735283793644,92.52592355700274
154.64255508816723,65.91919608209322,65.82975389183147,89.89940853842504
145.95416407997882,59.037951039868574,68.53597490338757,84.10115061644666
152.2048618155681,65.01509956155152,68.03761793534589,81.74928437559028
140.95071519233707,59.255606532564116,71.69489734568083,76.77363332695387
142.8356065163201,52.122871246809,74.93834994489741,72.33714323931036
147.01491778066017,54.39452716228398,75.85656207439946,70.11304007290593
148.9472428761697,45.98018796532672,74.29020086515229,68.5554066126451
147.86502374122867,44.65145874787696,71.95647140677299,68.96378118341394
149.36554589409295,45.66774324929388,68.95542710104445,71.36939510921127
152.2271585339617,45.9615314093689,65.4419597939621,75.20133473437159
152.3269586181953,45.29052815897963,63.028838090483895,76.54334123515012
159.9590954626596,36.39430947443638,58.74161247046335,81.16332092154693
158.14809544027403,41.58544783063515,57.97132790899535,83.95789802786669
157.75513585460007,41.78744291153404,58.757247080343284,83.5539078660689
158.57560988007907,44.671067214384955,59.348898194699004,82.25185759099453
161.25526494068214,46.92569186647624,60.65747530711218,79.96523736468507
164.1938314434054,50.936172697846516,61.408261072742086,78.572194473021
161.55365491981047,48.9912229045903,60.087804597487505,78.06155437790378
161.0657734081507,46.16089697382576,58.89259529726941,77.20928926881993
160.48509216247513,50.74084316492532,60.05395778862055,74.46483313829555
166.714123909596,53.780099144389794,64.51881389320054,68.3863211793666
157.05524144864916,59.37730630051117,67.09439722301644,63.47022496415299
154.6398681149264,59.93874012387357,69.86920614636006,60.291419573326245
152.8582629163486,60.38955470322115,69.33564492234916,59.389790414631086
153.08760449688148,63.04941826674877,68.87696176128337,60.14704008854321
153.12588242705053,61.380089458057256,66.76969493928833,61.45498674426926
155.2506724744821,61.303546004424945,62.52011484442525,65.64577894148283
157.68222498566024,58.2604126241732,57.657009822068915,71.73204570198632
159.11290843645324,50.108904871788646,52.76103619316416,77.86202757016169
161.37895741355382,49.8597327021343,48.228938238962996,84.50298901924423
163.62652843757445,42.04316385159862,45.80445650964611,85.64150448924482
160.75793174974044,40.9600299087514,45.40331774382005,85.76166166110788
157.29786587303306,43.3274607293595,48.24145124343224,85.10879827369425
152.85780252303698,44.280910682226676,50.88204969986876,81.12205562010803
151.5695242240626,46.032653025960386,53.45860629781749,75.55344795234245
148.61442926271766,48.85722314518131,57.34457285723475,69.90430771390061
143.45335994657592,48.67817703992446,63.663756307154095,64.25796715086798
144.59229096737693,50.63336549364669,67.42942395541832,58.33308034680144
141.20071970042696,51.25101033113758,70.25413387185347,55.11857436308728
142.1876205203249,48.90397929935865,72.22187855220774,53.90031694641985
144.69484167163668,46.162480179100065,71.16929649179475,55.42145494472648
147.88709188237746,42.13875731030324,68.76418617863875,57.49981551983181
152.47178052189696,40.403073416324105,65.55409976573813,60.97118330779008
150.99735244461547,38.70522958403582,62.52636388354765,66.35906831795111
154.76969151284277,37.63941650277571,59.040620696070306,70.52016195495996
154.93129745093103,38.74881962474858,56.67908473741114,74.41632795846223
153.31789380109777,43.93019222257096,55.786361738190955,76.41217365947752
159.47153350609307,46.5077529501887,53.85669357200935,79.5591411992892
157.83325447071235,44.25918737618608,52.950717846938616,79.87373855146228
158.13379186546885,47.260769537316975,54.430596541279435,78.03248119690812
159.59797563034346,47.5535933855865,55.657705112077515,75.36909545009543
162.93141427958878,49.95292694415719,59.27867091390969,72.62799695301861
162.55318639920586,51.32363070995059,62.10973590234644,69.88658942143181
161.78074563184063,53.823034268331874,65.7323975802458,66.96556244783817
156.5354566027706,58.93344121899477,67.8641392577844,63.013875831963425
147.82740375021282,61.57061606507942,66.73378981329512,61.860960617484096
164.60234653868545,66.30796564745953,69.62941632606892,60.48526413932812
153.96486373374438,71.06198916543875,70.42653516764857,59.168355810690684
157.09712475407827,69.14540641483535,70.27882795662605,58.92364475880064
153.8843424180152,72.46232418175485,66.54079686565046,60.42068583544303
157.35605355752028,69.96810577335086,61.59618718908209,63.41031004980928
158.940411866824,68.13769424016195,56.45891614016165,69.03968754650003
161.06233062184737,68.07796283731285,52.21507863011494,75.08076567020663
163.21702416586874,71.10805240224343,47.90569154207221,80.99993093005612
163.44657401090276,65.05197350848847,45.43337664118057,85.05922787427178
164.14869354154095,61.47313810786151,46.060314250868295,84.0921919916694
163.98032434960038,56.581251913043644,46.39705263474946,83.73770846329683
164.39918548074544,62.251098171311085,51.64382591626459,78.48251149056719
164.90734030694787,66.5897489244282,56.742439872506544,73.88182572343084
159.59471637003188,77.39028497417573,59.15711437795709,72.8071870448894
161.99800065142549,72.14033707117716,62.652132704772775,68.77930579408151
158.80931604599238,79.50157444201112,62.821829703882706,68.54139954651163
136.0478170420111,80.83707753418831,64.91216580390979,65.87039336215724
145.32112756492387,87.99721238917866,64.90153112110922,65.9670019345293
149.891066498643,73.6070972512988,66.06617677572476,63.8336616441274
151.11787322630747,76.98040394137527,65.65815453629001,63.22382191165694
152.26014542714196,75.9538832655824,63.37361013462098,65.27686326324269
151.2720916359086,74.9273790146477,59.27190887791347,69.35580804483688
155.00251880759154,80.82943433733887,55.85920766082668,71.72023334143137
160.50893314201534,70.45817292223612,52.86733752187212,74.41559947937755
158.14612700821067,76.70494720573257,51.60116469710868,73.9056210971301
155.16289026844385,86.30114084750448,51.66163862136821,74.3998989978335
157.1680701445252,85.25196517077248,51.60554079589795,74.52111938795127
158.478142493283,87.25320130709068,52.94146378571208,72.49668095897975
158.47051907751526,90.88262983478417,54.92610421320469,69.17661109550696
156.18550428655467,94.8434586359741,57.54498416935451,65.15725274466973
154.15224302883618,94.03370704500048,59.68011785099158,60.982589425217164
153.16219911699855,92.42963161662885,61.66020567466681,56.59005052750719
151.36685433278447,98.33580015454925,63.38911446708988,54.086617331691805
150.27036746856882,99.22934307185983,63.73352730402665,52.29953149707064
149.44442367252196,99.99097857690674,61.735268950615776,52.601333459729105
150.96491401957044,100.68204717169588,60.49342772720507,53.01833574083711
151.33592001007668,98.44842176462768,57.964798193243205,55.69896900202413
152.0075883781757,98.35178825194959,56.62146145704513,55.89223602738035
154.3100253860133,97.32608089442796,55.56030733741888,56.17179079439913
155.62088379243121,97.79535917699346,54.69814453746361,55.233234229268135
157.23754984107165,96.88682011138066,54.92720781651042,55.31911467232991
157.2841157111362,97.64395628048283,54.834076076381336,55.541002150557944
159.54450524077453,99.46974121249767,55.52784090358611,55.365794877515896
161.97301791859525,98.569118733604,55.909883556537686,55.42068383243891
163.98134410625306,99.26681747611858,57.15293033185735,55.77851939762151
170.387694973908,100.37410039166751,60.34596449427311,55.34236866627097
168.88989172271482,101.42786558200947,63.341570996659456,55.056275748570954
167.93900842065437,102.99207373637162,65.2433376007804,55.654642134573
168.25054846785991,102.74281989113668,66.52266506005412,56.15314982504291
168.51900845561138,104.3967095310717,69.84609790003954,56.70572336066117
167.23540252615123,105.00677139768821,72.41330975895985,57.47585402220492
166.357327750136,107.423862419102,76.21157359708386,58.76801483765808
164.33358070812304,108.41706475087189,78.13784701270839,61.02405151092112
160.51330293958836,109.30621174035605,81.4036443541071,63.62051572762347
158.59788579485536,111.36018627965797,82.95493016385868,66.35121208816287
149.772561498406,109.74335897175635,84.1720965809939,69.58486670396611
149.7011908555279,106.1002104180161,84.31483786675008,72.03387638118953
148.11455052726853,103.07033089906346,85.02783369993546,75.63335059576148
142.61894929710252,96.77053378159013,85.90297297106673,80.6458974388076
142.18761506592375,90.66729019458273,86.76564143342429,84.98491405413633
140.63647854178873,84.39250280038091,87.16321766867799,89.42039840349102
139.41380438820497,84.50861041323815,86.8277784249371,94.74975827959346
138.67429658659142,76.43917529484102,85.44798570660757,99.4533952301613
139.63739673453145,73.25382675115216,83.52178541072753,102.9143485715699
