74.5,86.5,56,48
74.18942880819394,85.73308092575792,55.621142383612124,46.89725470826163
73.5094097708541,87.70165537039111,55.368179525177204,46.1861076852244
73.83586247198376,86.535376921591,54.71527412291789,45.323374534232606
72.08451311335435,85.94107527075431,55.07062258034547,43.36462757607475
73.73478085142126,85.50577218449239,54.86492443797972,42.68781508171457
74.69068424834532,82.60409487414938,54.48638617614988,42.358095574327436
74.93474670752622,84.20265289274468,53.99826125778809,42.205213707451776
77.61576610653341,83.63873633659863,54.68489014088321,41.82087989946648
72.98727542896992,91.63392584403692,53.32709482329741,42.51086422742428
72.92249948604608,93.35619729085573,51.94979241000569,43.586884231204905
72.82459773515328,93.61441460808567,52.1455959117913,43.07044959674501
72.49034415716605,96.49118637142882,52.81410306776576,43.30795260715926
68.01990038563393,98.47668065997786,52.68370230223451,43.87260818435894
66.1438244485846,98.77221073649717,51.878889476709105,44.800536264528354
61.88363316378319,97.80087331502315,52.791821329522996,45.22172096411858
65.74588358770418,92.43831811730658,52.77916537943973,46.69261748224129
63.142503149487396,89.30825431995099,53.28867183959999,46.68973918858808
60.758194809628044,88.30995269189407,53.33647188694128,47.11273690057612
59.26877110194066,94.39380705261132,53.15308323465711,47.59397244977737
58.006003730968466,90.54275641087877,52.50669025410424,47.36625442699935
56.47843788097004,97.12791120727572,52.41725921132935,46.774195805292415
54.78000727927839,94.54811899185015,52.69124428168773,45.6880279700937
52.68148041290051,95.14452411461912,52.243403389533974,44.495217724555744
52.82522496777981,94.86983010063942,51.95591427977537,43.52238501135516
54.68905307487613,95.36820740947154,51.232514377285526,42.52563039369093
53.633542912814285,96.6440706333167,51.868621012523235,41.448817634886574
57.05635214816054,95.57044414814061,50.89209804045948,40.661522855924375
56.08528064359373,94.67268959408744,49.95516676858402,39.577957683021616
57.650915168818585,97.85073962388606,49.63909940498208,38.852260997120005
63.002119618638915,97.97898586938462,48.67350828121468,39.98674247410478
61.742481263375765,92.34113772142499,48.40368900085961,40.106054806498534
64.502631742042,88.75254977909997,48.45267649987448,40.32162012071442
58.398677888526464,100.98808343908466,49.48815525262853,40.98851794786831
57.64595518270872,104.48779694499669,49.57034384444437,41.105375035142394
61.08450720716914,105.08954213118454,49.82527797310794,41.32829229828358
62.16280229540788,105.99362177048468,50.53654636036801,40.9540623015521
61.78361778762448,107.06261933372429,51.29491537593481,40.25488712827947
61.713010589664066,108.80586586275231,51.436129771855626,41.085712296311314
61.50516807428244,110.53400256187396,50.397059038158034,43.44846195591147
62.65853601626097,107.82572143263062,49.56719224292817,44.43441694821656
62.52063541904437,105.48113906334176,48.36320494118359,46.16400469443872
63.77076246199904,103.78697143903631,47.35146760800111,48.063823190322736
64.73276001616551,100.35199751173923,46.930065035166436,48.923400902923866
66.62146594958472,102.44590722077034,46.171496765390394,49.26384688045521
66.44412245115471,104.0827049134063,45.02346222187838,48.995694575927345
67.1880057644368,107.58214268409878,45.015981839591035,47.91796401164966
67.14853370661126,103.56234834510286,45.09492595524212,45.714114496557485
66.60420172090919,103.12090524499098,44.75353460850323,43.7368900604952
67.95886640988877,103.94722522802877,44.83125923557749,42.08425009441962
70.08439598635132,104.0030820212011,44.685931865661686,40.6039592470719
73.42779358469824,104.89558890664986,44.712952985809096,38.81894547617434
74.13742980700542,105.41743707297904,44.60832459092908,37.775249143516
77.6489827449461,107.7181949368542,45.36279661611935,37.062522366301486
79.25270844319917,107.75224966036846,46.04451556998441,36.99441291927298
79.55031123164777,109.66645100347127,45.44930999308721,37.083280062054634
80.4347136088306,109.86618115105689,44.97856063431668,37.98187516247853
85.5604075740282,111.53004219526139,43.86428290128619,39.87535890113508
89.86682863517261,111.73578246577077,43.16160332697944,40.78223878478002
92.04115947740334,111.27933330303782,42.77839414895466,41.69513711024594
94.43749577835219,112.25874499535846,41.97651500363281,42.396842696655185
96.19377679311455,114.65684591968652,41.121373319100165,42.915481537983254
97.09368349279583,113.03196864745483,40.64489955602454,43.51855680987277
100.06623017913188,114.51539367590827,40.00066859516231,44.527353561823276
102.28682543493716,113.56860708725048,39.551496106759984,45.09025406473608
106.03887581674118,112.54459503707506,38.708531769986166,45.80605087972008
109.56614837943508,111.60206781944326,38.302808985986886,46.36134084670599
109.26131735593941,110.54895987085384,37.58068809215621,47.13577380306285
111.50084372420605,110.2590456410216,37.09761839668418,47.71560226272731
112.65778253111722,110.23628620136452,37.449784751522486,47.76112114204149
113.72950041882964,109.68037272906912,37.98524004910296,47.53350255012957
116.62285466219214,108.87639169381646,38.9217897788273,46.45216133405518
116.38634240618173,109.86193222082649,39.39481429084813,45.824243808626626
116.13282573157464,112.5294572113398,39.90184764006231,45.8535026302347
118.93715360528829,109.003725590865,41.04151489128228,44.80697827280757
123.31792949521738,109.03987001087211,40.38968081669448,44.73468943279335
128.41237281527557,109.1250284797078,39.581526466420804,44.56437249512196
132.81797507371027,109.49365337213047,38.71762973402816,43.82712271027664
135.88691281583527,109.14405262282699,37.77693273676254,43.2270295871375
138.22559201652584,111.28415127845255,36.92436706466465,42.771625005169604
140.6119747319588,110.26094785627899,35.91423223334536,42.30961144981893
142.35937552324515,110.58128766497865,34.88111435618596,41.6689318324196
146.381466494844,110.88247982277485,34.06289524675063,41.066547516827185
150.70595634135248,111.07742292803411,33.68689998422139,40.6766613063087
152.67315661008325,109.99528575899147,33.26185650444765,40.5013642726021
153.32580960409462,110.5822027293682,33.11677652988608,40.487756345309805
156.29782887531618,111.32383785068241,32.9611006608216,40.16215863735712
159.43360845924465,110.33690482574976,33.59044498570369,39.8357235229761
160.78258239713736,109.30343101833049,34.35831156365147,39.59212816865919
163.31613228938255,107.81696480760134,33.946589576586035,40.23737169140502
169.24060404511073,106.89658017404788,33.7696538084143,40.91094018418347
174.04958410749663,101.83914349066556,33.54951226727208,41.62799496731855
171.87100599888151,105.72770131941218,33.17791788127627,42.12619286547097
174.2032821417316,103.27282449794804,33.24855170407972,42.30076039989561
178.79660019602596,102.41148748903106,33.56284314495328,41.648202530364
182.1423963144874,103.81200622694284,33.96753290081993,41.21259238547029
186.79686451727738,101.67841533875888,34.119106651339735,40.74951908378832
191.36815325111255,100.8203163168231,34.39954531409984,40.109963095052265
196.574406737096,99.22822984738207,34.53968466971555,39.77658725807344
196.48225304254305,100.73978909664729,34.72399205882146,40.262293727620275
197.88003574700673,102.19106587989783,34.28858846670927,40.89998288634194
200.6029988722378,101.95479844358837,33.574370437841765,41.37251775896088
203.5522389442127,101.97787207855913,33.5692285471834,41.32637048901934
207.0948469258699,102.1867958593151,33.55126641660003,40.90852292750742
206.65214937987022,104.19365049314237,34.43666150859934,40.4083032946867
206.998313547484,105.5988034572873,33.744333173371764,41.13116510494365
208.28092711971175,105.88210410282261,33.534518609654384,41.74227010424208
211.53397253917342,102.91833761580638,34.130617346044374,41.75131176551344
213.16025700443498,100.64456696201847,34.45849890565764,41.5249190862407
215.3048513388692,103.60472446632772,34.95048988040822,41.581078632145974
215.57411117117798,104.49535104376585,35.616060399543656,41.003915661022695
219.9423649979242,104.93915344678621,36.52649481947119,40.11631085498196
222.90114420614339,104.32709967964291,37.848790122486506,38.92713381611734
224.4700514609125,105.0105972714901,38.33809517370785,38.76917848600949
226.55756967217536,106.95082597742467,39.02019087100389,38.531570164006624
227.40515513893152,106.27544103777973,39.767582967731336,38.66105852817664
229.99342743029445,106.39981139105429,40.76636830799914,38.412317821627504
231.5553181519406,106.89731917134677,41.382898856181406,38.6640729248674
236.01562313397164,107.42324953345756,41.28509194606408,38.87261263692364
238.7394553982454,109.03448529789861,40.88615989767027,39.436690468156826
244.75619962531454,109.46851986059721,40.23654902893614,39.833496630026744
248.39918001995983,108.96766590708756,39.255296275122426,40.83520453704603
249.95424362008794,108.77508692629335,38.667581829275015,41.220362498634444
253.35159400912082,108.58047791041211,38.16246743451308,41.609580530396926
256.18724978047305,109.76823660628446,37.5149937621626,41.74598207382921
260.55584081184423,109.31457951765915,37.51212941611734,41.40553657726598
264.82934174979516,108.70905555206043,36.41964585446803,41.37416478942132
