160.5,83.5,56,65
165.2579371385622,78.55660437430194,55.00509370400353,64.3658232702682
172.6739693364756,82.43079676556523,55.20032082843325,64.1310842478699
176.9870916379716,85.02299997443815,55.96366902128004,64.58043350762733
179.46678595158863,81.14724018470096,56.695638726492064,64.7434753105069
183.8532545664391,72.11404529224802,59.390962496222514,65.60747359626568
184.56690210435676,63.752783202817,61.89940866835279,64.61916215928247
166.67107393095313,40.68857212528852,63.82190816754935,62.93230405888896
157.86818675467066,39.63420455946434,65.45874623273585,61.04880511869271
148.56336169891773,47.464454145121714,66.14091592600724,61.32384409691973
141.28826467363598,63.348541748058615,66.64238529099478,61.66703960093385
138.60666338274854,69.4091953006407,67.96510576157235,61.667178829361646
136.23365306136265,75.51569548327524,68.62942459602512,61.699283889049546
137.14543142979298,81.9266852584225,68.8575629323973,61.18747477815211
136.97213411169994,92.48686989185512,69.20415756858334,60.53773188154467
142.3022514403504,97.99271422483406,70.79615982921258,59.73624064719521
151.19298013138746,95.89578887528832,71.49874802508587,59.822525662298396
180.95550817616655,95.79212385830246,71.88789192560318,60.029855696270104
184.9155291964121,97.40229900293801,72.26923199347017,60.96019646117808
179.1604758749828,91.95242373806992,73.29828509562438,61.37889345020989
177.7316272212372,90.42192295558894,74.037159559738,62.32107217179423
176.3852444693245,94.22397578215777,72.43914267556275,63.29853129465788
162.40227503103034,91.24079369004771,72.63202265879245,62.85572804194908
153.33195645988997,90.43003468199565,71.58217320256263,62.34496976932979
128.17183126761114,90.14781095456516,69.20656496577732,65.01725156904452
135.0994375903493,89.83043642263081,70.14587670972382,65.6520006329132
161.95727021249385,83.21527707941263,72.02488013119178,66.05278039648256
185.78096946072768,80.90632941465327,70.03028076047059,66.32279009497779
188.63765625176248,78.97291535895499,68.61109518681117,65.89543019796415
202.94136191706298,92.15964613086321,71.77525982602644,67.05733449465515
205.52242656636565,92.51799831071145,73.17120384144083,68.52665457296524
201.42605570999962,88.44410222673233,74.67045764779346,69.98095883454405
196.95278383972004,78.43688314296895,76.7839740759625,71.7739908356971
211.859482900748,75.89897046328534,77.37969357509382,72.17149040718937
217.04419268777505,71.61509676862731,78.78417242166125,73.67489874413246
222.60168823587986,73.32552321836133,79.6721472028006,75.05523219560402
211.97274393103348,82.93600312080616,79.00261185724241,75.32531590649296
218.56408131522096,87.48886518558261,77.97087997376117,75.94034608485501
215.47115266040248,87.78322059320391,79.30924508037805,75.3516352696124
206.70888610688723,85.90507326721479,79.78594280752824,74.23711981305341
181.30139607302954,55.377894227967346,79.67242632246555,74.66231532871734
128.50445034867624,36.3977090653505,83.20009374019686,71.31016640331816
105.1838382834232,36.599753769653134,86.07556566615897,68.47464631668268
43.27882996127468,37.07180649114201,88.38995324867614,67.53054087370492
5.383622016738556,41.818418371647596,90.68212881159653,67.83708248951402
3.283619112391861,127.89944382824788,89.90238231907068,69.96636211898674
64.35937970671532,91.27783548033423,88.36139320578417,70.34071568595051
89.31441154903935,56.468321480769426,83.36519050449098,72.58895221004782
113.25471812923128,40.32574331580028,82.1201631674098,72.96554981877901
144.78038661676365,61.35708634780513,82.54082436215667,72.40378563503079
168.2027022125346,123.73904372211253,84.47152783997198,72.01697429327695
173.7282092052452,40.13832749246797,80.80781540324801,74.23533883166174
191.0085693165562,55.14465295278249,77.9810826415804,73.51559941345214
189.5495733307283,64.61550089554156,76.12804380347092,71.2725113621126
189.2701861018432,74.54001954109458,72.04491084381078,69.99110374072778
195.71572843745102,79.33977031889864,68.10074285546392,69.33851886798844
217.68774473934164,71.63360906000248,67.44422782405114,67.43583435683337
230.803745324914,61.87990206172569,68.82546771594154,65.70229368951377
236.8801768273013,68.4048376401239,69.38303284165617,65.3628506632066
240.01607101390158,71.34802902793689,69.47648335471948,65.84170677384441
232.5157065774108,69.15426370399967,69.56159179218409,65.96763158299973
191.17823270674063,87.91829692094356,69.00543588645088,68.988051541276
180.84093423375927,105.45536842973978,67.94877501289108,70.85704681687187
171.65508846383722,140.77087743219394,68.83407854329916,72.35737935088711
167.47659824933098,150.12222308021035,70.52111563143966,73.66451807747018
156.9442452836111,125.3201840525038,71.15127659708642,75.58799121269954
148.07540857402142,107.15719436278965,72.71481630752785,77.25511264483218
130.38655801634246,81.81366922607927,75.03206949739915,78.35149103002308
114.54497380975249,59.809466354066856,77.7310651827408,78.88363768229047
111.35773383318411,54.702009619483604,79.17283198320006,79.23312484610207
128.8691395906454,71.8341794051276,76.57958584605859,79.89293260473218
144.75174155432583,77.37759167297199,74.3823343120135,81.12608823292499
143.04380465069136,75.86348648328034,72.90145655471383,81.70592283002398
149.91182248858667,58.12157498609029,71.33429433563205,80.68312545427746
152.8223961435254,48.32970106704366,70.29883318327413,78.73128558353272
166.36676756960355,35.01961204042541,71.36198941520806,74.85357296233813
191.3027579742604,54.076480845736995,69.84131466851028,73.5789256851366
197.04148026584053,64.9870486241288,69.65584365304704,72.08334255020759
195.63930447104207,71.95106802873738,67.99613258808753,71.5474917046596
143.40463310608175,131.48499907339297,69.18958036695035,73.33440030275658
136.23247199488657,208.3698777183168,72.31272836543447,74.41684730281546
114.65877148488417,236.02975583203485,76.17920549159341,74.5525130431617
94.17924538860323,224.70812123165055,79.15916499340565,75.83254260538361
92.62274878524711,182.4981252395784,82.2721582001179,79.71030125014198
97.06328216548715,156.59002731205615,83.59439189279176,83.06081995270534
112.12008485972618,152.20905340451412,84.97464445198408,86.57379144317767
148.07717305414894,147.74060225429076,86.00153039068724,90.10765208973183
157.30214511359486,141.2732721476337,86.96387767794846,91.94957435667281
186.43756659031362,114.64655624042717,87.85551934074269,94.49230507145865
172.90210082072082,72.71312669466352,89.08615720318656,95.09599564904009
150.36453099649418,53.03961851444118,90.65949243548108,93.84132788773663
114.41228522196087,39.04054339455264,92.83398294055758,89.87989431568491
100.3934950540042,35.385195605517396,94.97595440963579,85.68143039738425
103.34964927944924,37.156844597978115,94.75175938951497,82.13813241246281
104.78858058698842,45.7666528070698,91.8738967744366,81.62189471725415
109.1932914726647,54.35446917108561,88.5265238253217,80.83240845593542
117.6828251740495,76.2701337883428,84.87936452459735,79.66318514796579
119.56781243698008,83.63075088863117,81.10938999873619,77.89642957320692
130.61243007330668,72.45851781333987,79.0513615299456,77.70578806944408
150.75043727950393,53.04479598103356,75.8042540052312,77.03573105386462
167.93395103821308,46.4955404359141,75.1339576153685,75.69278594657969
174.9607938810247,53.381090015949106,70.58115285870863,76.1730081799548
171.84882686194862,53.39952934851994,67.56240816141442,76.13612951481313
164.14041038019528,62.750742954381565,64.88354601380661,75.5293974142044
161.25975477476203,71.02929873849766,64.01594319908409,74.43975190567998
159.5859876919275,76.72801631278895,63.00575880857054,73.93661314755383
155.69839129615198,85.60065425390886,62.161533347996354,73.43017376956449
152.78149863529998,90.32258725687527,61.59494417523687,72.52014042291624
154.35111303678877,86.01868358643051,60.566011289766514,72.68676409377701
169.37169734666168,81.60395660884285,59.87300743216875,73.13102811691003
191.97524826724367,79.62848284334129,60.688774641790104,72.89807846147811
223.81572843600543,77.92383450367184,62.155312658546116,72.10431073086349
236.64306983579115,76.34394367175365,63.9679789225727,71.03834638491557
