134.5,55.5,60,88
130.6832646011211,54.42134544772138,61.9929558404758,86.83705162591625
128.7697016737422,54.74715694030689,63.48448011437239,86.18542864074523
127.17480139434377,53.65379808801716,64.32406182578347,86.02192749793893
130.68110479443624,54.98055909668387,64.39589834066314,85.72988658562706
129.1783400326164,55.01794159810787,65.04321777542845,85.65512158277906
127.93157411150565,55.10749694647646,65.16910355711121,85.47601088604188
130.46383746077368,56.30218676656325,64.83851558246582,85.45360060781363
128.9429131433552,55.37041326989818,65.51913214687923,84.95591553072023
127.50573678467879,55.23750962916731,66.02874644160956,85.22172281218197
127.86544840252921,53.975892650382335,65.30932320590868,85.36785873991332
129.19275044149285,57.89941632838463,65.02232591417447,84.6236317424879
129.14075735883443,56.72176593585996,65.12631207949127,84.62736277491908
134.9268539446698,57.97618683218113,65.32072578111708,84.47184235693604
132.17302918744494,56.73379881707466,66.12014871749729,84.60250509811422
130.896365721834,57.76974798377429,66.30435616309262,84.89972625034152
128.2791378613761,58.50576324958733,66.78549062843209,85.80435634650357
124.78976043506968,55.88639138958541,66.56928908423905,86.24646246863679
118.12555562632201,56.58699273063373,65.48837190181615,87.2468142531932
113.65411857130437,56.12844815297356,64.83456986905678,88.16390340851353
110.41420235273229,54.95854660078225,64.10716612995358,88.10129445414704
101.18034118579789,56.31343560337725,63.458678079476556,87.78104274700026
93.05834439903684,55.21555003554953,63.08456276962505,87.60279832788804
89.1020576363727,60.195384013142814,63.90164660479414,87.1037832929137
79.03268209175775,61.22617441611612,65.07231688238502,87.41321258842197
78.48117870891716,67.18115826694839,66.17532364806623,87.47771961808381
77.58552036116144,69.35845793122505,65.5527280717292,87.95094483322733
76.39160177954517,75.41080018675825,65.52962659994559,87.9009534972418
76.06871256631655,81.84864606357394,66.17540502640283,87.07426162651642
76.73090458045763,88.28621767705623,67.25878479456254,86.23793738176138
80.07807857682783,89.67872214578296,67.80237881334486,85.86557578148218
82.7689560881993,88.27553891279993,67.25219279272878,86.2561577463848
85.95555873210701,91.03128219675722,68.11744361476846,85.57030858504031
91.64045113689677,91.49931739981906,68.82953341833255,84.63423817891663
98.83311940805238,92.65615422149128,68.92547349401045,84.73411063857039
106.83112583922434,90.59559466501696,69.84588646178906,84.02196522862685
116.38160314966495,91.13163135773753,70.10927918334693,82.94989184318572
123.07340164261822,92.11013095408316,71.17523717511261,83.40115181343981
127.55702699185859,95.24411561116771,71.93746481468153,84.4302912528079
133.44778188012805,98.74762902788159,72.45854903113472,84.80482081517542
137.86850961827378,101.10990046246948,73.51581258346228,85.02963746030913
144.27780087111375,102.16496228364112,73.17289122076565,85.41464604656252
147.8383603709504,103.8998602130229,73.53851420148928,84.44043084793125
146.20390164725407,101.83182558625523,71.83467964262287,83.60374809520755
146.8563002728585,100.40335929535858,70.52988239141402,84.01458618143354
147.78913267960348,102.43585247190504,68.66421757792405,84.81250765036167
146.4657377653395,101.54108621761637,68.8973980415244,84.18843079401141
148.94296340133508,101.63039796895373,68.75853073336822,84.00980729133668
147.794003418187,99.35538372964754,68.65364916742328,83.75423270546685
146.56507523806712,97.40536981649753,68.71432842331518,82.85990632307116
149.2489429515808,94.8589741702483,68.11538445574627,83.18390615611115
149.1340166493659,91.13009080221187,68.34523706017612,83.50254302789011
148.45986889491348,89.88273170869351,69.69353256908093,83.60893777207815
153.16477613431613,87.42965333682116,69.93061570893627,83.69164570649251
150.75659887158147,85.07353673523451,69.91332928971536,83.57023796497563
149.86944785955316,82.81317609844977,69.27296054674001,83.26161770448121
147.83015988824286,81.40390701607217,68.55235114402036,83.68056319656628
139.4512548263208,80.02856269157829,68.54930872625755,84.03684433961017
132.58775963657433,75.95346984725005,67.87728860977161,84.98752478027723
121.82388223524528,75.81702006993534,67.7731209133594,85.26042433490665
111.5604511295355,73.46082255629418,66.64562106949421,85.16073890545901
109.55351315789488,72.16579840871502,65.88709318083204,85.36458528464564
99.49359834055902,71.01536315488244,64.61416019443428,85.28848216774753
91.4803071318733,70.80057804354564,64.15537920370095,85.71805239042112
86.74318474576779,75.66545803211545,64.2132369517931,85.40467943740033
86.44259401676271,74.5212026867004,64.81441840980328,85.34291834748676
85.95019462112208,78.54463432329283,65.79921720108453,84.37350914701922
87.25719937577936,76.04341200873057,65.54560577562489,84.65515760843388
93.71075276628792,78.00870789821116,64.44137691491052,85.44571699759382
99.67562627942536,80.13914532855279,64.28475684615971,85.89409291992017
105.7573012349842,78.19141163612281,63.915869357122844,85.07177533594783
111.77319844979769,77.97419609045652,63.585780358185154,85.5062064272804
118.28592974709031,80.16743228675156,64.60963254636017,85.80283896227708
120.14381603739088,78.59833597593618,65.61948958098003,86.57821677629734
126.82610330419588,78.2875552033644,66.60167158350859,87.19977832144087
131.0308948396173,78.16336950171168,67.85862288431531,87.4481497247463
136.3383215948282,78.53739020539979,69.44830486335968,86.70010831737011
135.7136547529783,77.0664913991102,70.69763854705944,87.18663071018261
136.5483697414285,77.16061895570591,71.51118281078442,86.9983755969912
138.7488207566825,78.37255692582957,72.09674686525527,87.06773269923333
138.1669570492632,83.76477246000877,73.26047428009386,86.29831650045529
136.35815405865011,88.11246603197706,74.36744141242586,85.13484590320118
141.22958720680265,95.08890145186,74.6662382977411,83.73405404046068
139.17793105624503,98.87621664389437,73.78260912526012,83.63983586678631
137.6783363974635,97.99488961987448,71.82604181069291,82.92461159876095
134.51259431315836,98.96891459139238,70.85117366230276,83.41201242805862
128.93669827150723,98.795669458623,69.86632891863846,83.75850269359738
122.07867636011366,98.66546295378734,69.08148590992721,84.01891570326869
113.83396425689652,99.98733624867553,68.71379458074895,83.7833284757227
107.35118290161567,101.01165802183533,67.28777942453829,84.13328124053184
105.26108160494803,97.72330910670843,66.7061986260971,83.56730398312096
102.8629853596401,86.88415679212869,66.7768215617229,83.98054561482517
102.06132730628137,80.71010810935549,66.00987363572838,84.47732281681178
101.89858995581407,76.9932095108984,66.33534833666297,84.81488487112549
106.90429024163323,75.56158717734496,65.82741590705385,85.30226250272506
108.74585784413128,73.81507673685033,64.51933041271548,86.42023367305663
111.76609920159203,72.1522394683489,63.22032234833661,87.37517088478819
118.78062589165114,71.97756379908941,63.374930767412266,87.72452222330718
126.02809570239302,75.53638896061383,63.110683800954874,87.72221822777149
133.79835524721832,73.44204825243257,64.1419843612939,87.17609402985124
140.97069301841083,72.17655495040782,64.0536065792021,87.3310310071852
146.48535310109585,70.37582467180242,64.90905589083468,86.17858377359494
145.5881815108109,69.5303271764123,66.70339907140459,85.49614735039613
145.0089202700594,73.95611241323346,67.86192155290759,86.21366138616207
150.63066533516735,80.39084250968028,68.72883368988607,85.45460346046282
147.7814776529575,80.03483220191117,69.57818639831112,86.16662407600103
142.63040325689744,80.53600774462063,70.08356047697748,85.1642729905821
138.61794481016346,81.5194805124441,70.78259035246819,85.63928979426092
127.09873200763882,79.35377690339453,71.67599900301545,85.04958213358182
119.66516142756944,79.36142030099653,71.74790852600252,85.03429533837783
113.88213803763533,82.86749419602855,70.97998699396166,85.42252853545924
107.65638696148972,87.71520456038408,71.12946397246782,85.56872794577622
106.57744729966215,92.7998723851065,70.82227578818473,85.25966232808432
106.20221788177957,92.2590684505283,71.5727346239499,83.88591714682791
108.59497575035806,96.89794668075797,71.67971321556568,84.3931493439141
111.18895920023091,96.13634505864361,71.4033481081199,83.46055169199289
119.18086543439688,98.29325448944103,70.041253445111,84.02063876550577
125.65513613491802,100.28209804459027,69.21107830538455,84.89029815973363
131.55691905823818,100.42167142179777,69.5257671648034,84.61115140531862
136.75585476572908,102.66930452900459,68.82567572374235,84.96477517786538
139.205987603909,100.34862990082962,68.76253118189611,84.7690032997017
141.31262836968745,95.60243621000109,69.37831414465327,84.60326169273073
138.9854850457503,89.91151417298406,69.18871765404376,83.87539792055514
141.420956776738,85.90646761116847,69.13313997434885,84.66244237076552
140.25732161843774,79.69009778198216,69.041521299175,85.00073707026611
140.66634009228397,76.46040215577045,68.22348435148251,86.61491755039974
143.86426411040938,72.80061556342443,69.12992440666359,86.63220264365994
144.0068222557854,69.3735440200117,68.84480811591152,86.13912834261562
143.70282156951438,68.33055883812793,69.45280948845357,85.78820864361036
142.13144119268205,67.42035509894873,70.15421582413488,85.1672617039854
139.52910720312576,67.41691034964202,70.47258521037166,85.17415120259885
136.99121879016562,66.43322873852512,70.65157272878842,84.69311977108089
133.16266999724863,66.15404861753885,70.97705015015198,85.25148001305342
123.79489428492383,65.41463572087352,70.05081699138204,84.27258273345662
117.62471530191607,66.43396080323086,70.2526327721737,84.6616410057867
105.12580098212304,63.112881912467984,70.88090938886424,86.42988838273337
99.23769328924264,60.24089386703603,70.28558398766748,87.22524815881427
92.89842542990526,59.55669423981621,70.57963599825118,86.11675067163569
86.09900220579985,67.91012326417348,71.85535671411844,86.66226864820214
84.40216531404904,74.30136920201089,72.75541405136599,86.34785900379762
86.59982183032164,77.96009688244527,73.36665389332512,86.54023295468538
89.32191909943556,77.14771274759111,72.95462218007677,85.64891981190397
90.61631048793487,78.24348909166554,72.86153212676697,85.95305984744394
98.83601297411334,77.05283297820648,71.41547880135035,85.83548013320534
107.24216626680307,79.4698151934026,69.44590434456555,85.94909307901133
116.60964671187938,77.70020867797595,67.8169327184349,87.04459335786147
124.18942169724093,81.14166966989015,67.26174405905603,87.46385202970521
131.12742464766578,78.95751465260672,67.97429190144449,86.96931081652602
134.35425206940442,80.23988600469909,68.82704240287069,86.84003656064247
134.02547368958994,79.24525978674026,69.48459916249965,86.38194546634945
136.29486687197908,77.87609665403036,69.84777808909021,86.66928908608485
136.44661072300238,75.4875998642228,69.54429038704362,86.52373402094686
140.25247713413617,73.32550254032104,69.29493283409222,85.93967848920624
137.7854702561698,71.1252869571533,69.34669893606548,85.45786200158219
140.80624167133877,72.11191471480865,68.17428442941566,85.91917064811555
138.2168822821179,70.8607666445519,68.50771776493694,85.99882406716884
135.07100937868776,69.61491543269884,67.51164481080934,86.06125357054569
126.11852475789911,70.24281441913553,66.10416383504175,87.21951187484044
116.9411680835291,67.97533960808467,65.18835752657488,86.93683158264042
109.21984329798613,66.23521107598805,63.90420015769587,88.02754479826724
106.44429620592877,65.2926823139047,64.68514607101845,87.52752818703783
97.16027759432185,63.967695972743826,64.13084273841231,87.78720829988211
89.06588937249057,65.12739100718318,63.623584502521354,87.8529660423682
85.22390108755343,71.38318780393425,64.17411273992894,87.2304530029772
82.2458057034433,82.44792155508053,65.37549904455894,86.49760558684082
79.66758218480973,85.5445501224296,65.76012060594086,85.07617392802793
79.79786808866743,92.08363307483958,65.49954879822546,83.85051006438374
83.20618267181175,98.32230694676429,65.72549945885932,83.11079536540514
89.08572803081107,100.83786352297813,65.6657973158485,82.75943764297256
96.39819365429209,99.72647615516317,65.0420270222846,82.64868555303612
104.69037788132721,99.75214432571472,64.70957633935927,82.597349211933
110.41587857738429,101.03800927439258,64.83614631550743,82.34113358822975
119.12605523425839,99.520189875773,63.61134555236237,83.06312202109703
127.3155197286899,100.1575180262034,63.365669725503395,84.09321617195108
135.3202256580632,98.81216753653659,63.571370860251626,84.46747243792831
140.59134758822523,96.36918549932363,64.65666164961763,84.70242265247822
146.22642400998072,93.88170737521156,65.12055663888147,84.9837597675924
145.0289279434915,91.67095978347919,65.15688112634615,84.68791966002976
145.97572316815695,89.56329848567842,65.61803474607383,84.19375411751425
146.25470795869617,88.1501564470098,65.06006516499538,84.66533579114974
148.93353033908792,83.19097348666264,64.40806334501059,85.17241583024659
149.03083592769028,74.48826204104287,64.21345216780588,86.1284188000001
152.8332296639013,73.28800668618247,63.692540028409255,86.16763773204576
152.56882448761135,71.26459364733003,64.22135038098916,85.50774729422041
151.42613533040048,71.13990122735964,64.15475478657615,85.75713213416117
148.86230596851192,70.88927642083276,64.57305078762143,86.25838174721494
146.1101818074996,70.89257677401247,65.3389932850161,86.25178104085552
141.64779265133973,72.03526379980977,67.11906065420251,86.3479773036387
130.61243222242777,68.62695316766398,67.48127455742537,85.92842958306326
127.74134583711638,67.21129467289046,68.40038670613737,86.34821626165491
122.886969683596,68.12581013389334,68.37759986796996,86.9520701259512
114.95242078642957,67.41674599137883,69.59613602759913,85.9284381385296
110.68502859982149,66.02763677929558,70.7934384057259,86.26082923099966
102.04054822726201,64.34613226221222,70.79033332007275,87.15354314648465
98.2123774932847,64.04973241011734,70.99477741865846,87.7463428506744
93.01370427318233,65.5693442530349,71.40661222104468,87.20349707429394
83.64232342716682,63.85724913265956,72.68648774814925,85.63829126792274
79.57491726284314,67.0053900375228,73.34764891948603,86.81566061550681
77.10867236200772,72.5845135612951,73.24008572742581,88.25754605228992
77.86233189664259,77.6976460506186,74.27328603632363,88.1933585863132
78.07089311821522,78.93047834101135,73.85616359317837,88.28387499649835
79.18330253072531,81.95728176361031,74.1822027432124,87.33198410140884
80.16559998610387,83.24826825537187,74.75902998394511,87.29143326937555
84.00765203953421,88.05897551969176,74.72512744523323,87.87028749826749
91.9257519323485,85.51594340861953,74.23971687757255,87.8394219810893
100.09067705505402,81.66658678817713,73.21094718568725,87.88759494521125
104.00249533291495,82.54280092027439,72.99036504804972,88.66951815371152
113.02964735984855,81.55250375840319,72.73586868783063,88.10728280693276
120.44118913472573,83.82025622433909,73.09320279205262,88.63191709305308
127.03529676484725,82.81907472846405,72.62454581110958,88.09036842894317
133.18525281019197,84.13826579306088,72.96469428759676,87.9799984131848
135.64668179771087,84.30500246192966,73.10544233150559,87.64652507544724
135.9970631500243,85.6874276616783,72.40467962687872,87.41061114922758
137.66662308805493,84.50608902490322,71.5795608531882,87.259287320407
137.03612743350115,81.61740929139279,70.34220172461875,88.03994591207388
138.7623772196978,75.15788084859156,69.38001332498357,88.50744693388555
137.34095882696082,73.21132091429186,69.74099904617437,87.43686467391854
142.6913320964793,74.54345895206251,68.9255205416152,87.24390560699669
140.01764696987868,72.74301895661127,69.36263549736967,85.9345303004524
137.71226303906147,76.60272577174126,69.08912121413618,85.54153988749424
134.23814344284284,73.87917830582182,68.74231980807312,86.12527442033287
123.9988266939586,72.17757708759194,67.3058101014158,87.09346094518978
119.57029786470316,70.78797545079027,66.45691819401057,87.44617682731406
116.2432908903696,69.46884704143321,65.85684405632112,87.66640428390933
109.39973242644933,69.20917256857997,65.07446733022782,88.18575322961581
106.43004621707817,68.19652885904182,63.7938102088287,87.80436413531163
102.06579747528711,67.84186220192629,63.00280727240133,88.51369744954268
98.397862476283,68.73270786634517,63.205828122861405,89.10962250322098
94.75845682556283,70.056168613807,63.31469707163633,88.85268179251912
92.58747522555274,68.97672197540166,62.8808907286153,88.62369029780923
93.66885390153755,68.89030755670953,63.09540632215878,88.79651913519346
94.84658341751366,70.14807600046791,63.12337011794122,88.66440507541135
98.50095733665611,68.9388960351801,62.96027284223571,88.70088148512718
103.39955956173387,71.26239912299533,62.6820646871185,88.81337345701584
108.42331217568912,68.71868004498955,62.14202187528207,89.14708040499038
109.82513571219556,69.71841834258042,61.71137241224409,89.5206014197835
116.61159412046415,68.49809283029523,62.36756483772413,89.58973423735098
122.36403758488784,67.58459914750398,62.77972412629137,89.03331235945059
128.80923424721183,67.71171646652816,64.18014549572838,88.77907772140222
133.85320587226948,71.46341162636304,66.09723536780436,88.47870727504721
139.55430082524506,71.74858256882516,66.83444122362242,87.90836539012297
138.2465204934157,70.71880741526847,67.01876344529902,87.53667725525415
140.243365817922,75.94759436534682,67.88222506204795,86.79340788662074
140.73213861885233,81.80295226352514,69.33596046833819,87.23909713101858
141.6276998700535,94.07954885586406,70.00655391331492,87.3030634201312
140.8327083123981,98.08462851415027,69.12296672658493,86.71361500968125
138.43354127568995,96.89853717666287,69.0208856085319,86.63559008892139
135.76951418365536,95.93422359061948,69.4542277543197,86.1168612418675
128.52482779120058,95.94323772467231,69.26506402002684,86.09883297376183
116.40874765698935,99.97778422900353,69.06639974154942,85.35898732916941
105.592292693887,100.06830599282192,68.84272186090988,85.17794380153262
101.6947559938861,100.40862264308271,69.37146683051486,84.49731050101103
99.48003618366049,98.21926268259892,68.96050331827033,84.03562728928284
96.73573967719267,95.66286304192076,69.63617212033836,84.33550235977158
95.32832930190975,89.96123221277782,70.02900609238547,83.62883012546388
94.98047567976815,86.20338213858766,70.72471333666867,83.89221678423482
94.4985421875473,83.81598282100128,71.68858032111038,83.80160770336873
94.45535227836152,80.86831625181125,71.77496013948195,84.80332857973123
93.46733547428107,78.08116166410652,71.28732880227555,85.45030786440617
93.99861336663261,75.32110807750563,70.22477301757249,86.0388376448503
94.3620551784818,72.91801568295006,69.49788939387412,85.92963874391405
100.845081303983,71.06973369567334,68.75311519954927,87.18194710713199
104.39949077113383,68.681628096823,68.99843380940645,87.05539994206008
111.37030399944337,67.20033737756991,69.77735321664092,87.564557069924
114.86746079125817,65.92943085995394,70.20463134967122,87.63250619960266
121.31647021866428,64.90108055922508,69.71577884629022,87.20737353077413
127.14537962786646,63.69395893546583,70.39490869607718,87.15422704465436
131.0719293209729,63.8745287270579,69.97453990668963,86.79308746147022
135.05223240185651,65.18193892492759,69.40961506329766,86.6434941718559
139.0134435154677,66.39675951547042,68.84853248447361,86.66763287356969
139.3239505224857,64.27464513190486,68.22751847043766,86.02175957138022
144.17529675248392,67.81164451614663,68.22513912336514,86.22299563758963
143.87255850844718,65.8262525653544,68.83061561143862,85.33753543260325
142.80827327860305,63.899811013643344,68.53482282366508,84.34169204110182
145.04257588468573,62.55374002296967,68.8747871126212,84.62954927188842
144.40421088608952,64.5587492753304,70.15151710981362,85.44794277921096
148.19307336657894,63.9608587522783,69.9160620282479,86.64372382531516
145.30117736209462,63.69126102031657,70.775878685202,87.18291928923863
143.1319885465241,61.40409921891465,70.14588998437682,86.78887656007629
139.55355371845383,63.50220780441417,69.8989492343265,87.52853299320452
132.61343278942422,60.70605470855174,68.92748969651419,88.17027205297221
127.98372018358262,59.35362511604259,68.30956966266905,88.40579492660842
123.75635081900896,60.03236141209945,66.9127867774306,89.51120273809116
112.64944957087178,58.70055583025202,67.01417611847076,89.71787910675998
105.87139743875933,60.693886311126036,65.7998473311903,90.65469582884708
98.46688773307166,60.75775703989834,65.87247012908412,90.52695437130248
92.69215614524879,60.10007158188522,67.60065095223692,89.38700469920548
89.90323093691717,60.764260825755294,68.24592600877214,88.05862621146532
84.36478747613064,59.894893080064335,69.49665157791821,87.34082136474049
81.2122783701117,59.12457266486547,70.86990632743945,86.4155804638799
79.49359301541561,58.56487837644827,71.83336667759869,85.06105868148136
79.12170395013877,57.72786146898439,72.5771448081524,84.26651043584282
78.56456525423165,60.484573604853225,73.69142219996661,83.68961271996474
77.1364230827026,59.26175619055984,74.07051569968756,83.65805670521436
78.23010973329201,61.51405743145621,74.36590945623765,84.11898833887943
84.2501861872614,60.19161285698115,74.79897348515837,84.26923410045765
90.7689392201971,60.12045191260772,74.28097249536448,84.41155598920452
100.45083177621777,58.555425529635016,72.40193825270762,85.04378720238071
110.0971514656585,56.96237616559995,70.4515279347515,85.75242463603294
117.39958255769167,56.794862681563274,68.13142881519646,86.08745160410629
124.6602052195903,55.379171352781846,68.15733245391841,86.4943094345826
132.24670831441148,54.364613640004556,67.57137761138839,86.09224963561844
138.01237662713027,60.58559333293728,68.11754779184795,85.72779705565011
139.29948093792746,65.62615250842998,67.96212914855526,85.32183861787138
139.34222812390243,72.45152940043977,67.8766347766053,86.13136998149737
144.4340279065465,80.55081646573778,67.3772744336711,86.88021449002068
142.3939378651167,94.10406029104281,66.60866843246653,86.44205030176383
140.7544054403109,102.07988955264224,67.4825504111076,84.92148900438826
138.66685933044897,105.45989812743443,66.86537799704266,85.34986880548705
129.13095375854678,104.7485188355661,69.18851499606576,84.37995965425493
124.68403311742793,109.16241630522188,70.83603288483829,82.79848810840855
109.3862679093165,108.3682658584377,72.42027870405434,81.96918195222634
97.07316747665575,112.96376812519041,72.74480733383774,82.49884631293614
85.48216105550928,112.38526281956945,73.93464293354307,81.21228167500169
78.15757307764802,109.78700212220431,73.92829955724838,81.52362995905959
75.67514626104841,99.39094356734392,73.99849068892901,82.73709706270601
74.34319928353548,96.54518094321543,74.19506693389475,83.4939868908428
75.3959289148238,85.77908188523807,72.08960767131812,85.168484939635
76.18868609471428,83.15314259956615,72.97845654610381,85.47163704184553
78.49056477722341,79.0991580267284,73.36137369462702,86.0995944172088
84.42035938863212,75.04824812368346,74.04774678904269,86.67383683295886
93.54194825551063,72.34133369573948,73.5082359289959,87.02947515350105
99.13985549415673,69.36963311999688,72.41606209025105,87.92105598571258
109.14146492624744,69.1559682173898,70.06712840982566,88.34838579092673
124.1123794835258,73.07561020035918,70.01221312069592,87.98083028134471
130.44361526256688,71.07866973190121,69.77000843153604,87.00660447069174
139.70184996858177,69.82312441552631,68.50986756952742,87.05250531058137
146.23610740937946,69.60847334760817,67.66858479196331,87.48180744641765
146.53719690947463,69.44271351285516,67.06640579177301,87.81332711592367
146.419021668158,74.4884544528456,67.30275627440628,87.45614117840827
147.0758846611496,81.93711836881603,68.42100652767917,87.15067078200423
146.77952431684525,88.68291630971157,69.01372721628786,85.88659912083125
144.0614906807807,93.83852004526707,69.57828531673408,85.31840999308601
140.4707668394695,94.06588097850678,69.45123064142297,84.86368812660656
136.19035719697493,95.1317584918847,68.3035535124748,85.15905720333504
124.40441679908412,92.87384282603608,67.74456481327103,84.84871463603518
114.11272476034804,93.00657471104073,66.73454782121667,84.5832508660259
109.52914291500917,93.0218108393054,66.38647363528037,84.55277860949656
104.87196934971493,92.95203366153854,66.21006778991767,84.69233296503027
101.32182382797507,94.3413573407407,66.19449227531366,84.28564112598718
99.2863439498735,90.78721511273369,65.53449089124926,84.29748387159991
98.83459578988445,87.41642174073868,66.43798721122738,83.97428404477232
99.88010493290196,84.14796291587926,66.71163802908764,83.41719438280532
101.73452651871514,81.77121631801863,67.72393781411098,83.44954462187684
102.12046283610042,77.78887085140752,69.32952761585551,84.28184824555376
105.52735075714561,75.17395625268858,69.76438192502192,84.67925734215378
112.5956784041702,72.5402446207308,70.20380442193998,85.08798800908025
120.66732614159994,71.69349690499301,71.1596200723806,84.33875327979868
128.5035959523011,71.70892230108772,72.61323495917573,84.30790248760925
136.9561274443322,70.70560195546457,72.99455130501022,83.84506041744176
142.07744889494037,71.0635257760274,72.62565649058536,85.59764979801395
141.9784782817411,70.91917557039342,72.82359771698387,85.88635020928191
141.86393831676563,78.30460839106757,73.05267764693487,86.09899622845568
141.54347317827416,84.73692493879915,73.69360792391777,85.75546038662931
137.88158214905354,83.9905160270462,73.48975350819055,84.73906605207902
131.66239687488502,83.90480010211425,73.47703614972264,84.91049790194295
123.23674917654938,82.74610648743453,72.87966496598885,84.7352184769588
119.73142741420384,83.82137986556694,72.44920418860504,85.06503982138562
107.6005996138841,81.02260135197818,71.9253656411509,85.70549801894443
96.99879350751235,79.16947301559895,70.80894825909176,86.93175140339149
92.27319508861426,78.72091546893445,70.33670733874524,87.82886649672048
89.24476025213627,79.23982463084243,71.41960621557045,86.79104817290451
83.24896271794039,77.70223336534326,70.96837753092512,87.37766595329545
82.12225132340522,78.6070971698881,70.73151149706857,88.05822716713263
81.3274004211955,85.26004590615183,72.32121330148802,87.23683614097385
82.33485588954969,90.6666560228993,72.816281317537,86.46353171850836
82.6931527838725,87.79001380713146,72.09968752889135,87.20473482129451
90.21887165353331,85.72358206654931,69.5778002944383,88.83168820148506
97.06530324729499,89.12592846518729,68.3350702622148,89.49707529738902
103.52248676928001,86.87252809566797,67.82047275505985,89.04396822170162
112.3360170187216,86.91314029309359,67.44594202345361,88.96274382685037
122.15382074057356,88.02851876498919,67.4686961209561,89.18928207571
129.86099172091548,87.08445081793784,66.82107044215627,88.61629858949868
136.34967750560713,88.45813357326747,66.05274502123675,88.31074230853214
139.96273428134003,88.11927911667499,66.10041664455919,88.98845122171711
141.758585210964,85.91821399953635,67.38008688500136,88.51920935630429
139.92496998796082,83.6296291107991,68.59785923057868,88.19746293292071
143.40076576117963,78.70626673433406,69.03943819206035,88.18662700862515
142.55402755871114,75.0939002512382,68.26150792890047,87.99713997052632
140.77063145527794,73.94562045688596,66.91659123049749,87.8378451065961
141.18034563205785,75.15698984808218,66.09716287693767,87.84661008016201
137.40791122487104,72.72513845606309,66.38726668860326,87.87380286239488
126.78351628464267,70.65697551855695,65.82536927891431,87.16330933959703
119.82269329977353,69.2991950883601,65.32658555204677,87.47546525055643
108.15165950604674,67.19015191057161,64.66862032517878,86.89354504326906
101.46724569516547,65.6201317596584,63.75515790282954,87.65320367107685
97.6724764906127,67.905005235334,64.21385592092072,87.83735031373521
87.1753867180941,66.15634492261131,66.10986503105744,86.5601283304555
80.98781337175072,66.26514168526462,66.4907446027175,86.34253480514886
78.69709616842518,71.19535513061285,66.26869505033315,86.0890758325233
77.13953890106417,74.73574569067068,64.59530178965369,86.19105640550983
76.69876861469399,76.66091732564996,65.47684236239404,87.07769710091681
78.016398996709,77.4141853265412,65.23798694363312,87.9675664444034
81.61282725965584,79.85319321520365,65.26324625064657,87.90162788901658
89.05156223122995,81.00837976316467,64.81847357376921,87.99670433747302
96.5904901729694,81.13691881491638,64.13826490483717,87.7396262339696
109.01034336689705,84.87395119788938,65.52857814542675,87.4192031848722
114.49477562634263,84.74462801785037,66.57196891288106,85.2753984876811
124.16292232405169,84.79352877053482,66.32973852881202,85.17759698231222
131.87122930200835,87.38171685913179,67.5823802147313,84.76386527421329
139.43850170699977,86.62080828238051,69.21518766980532,83.89034638985058
145.49725544156777,87.67025450969007,69.13938148561544,84.1997941922207
145.54114578575417,87.80464192579606,69.05160079724267,83.93101936000868
149.4272620555882,89.71562387201718,68.49834207854168,84.9217046815445
148.0627559869632,87.7377916462875,68.81475378415718,84.05216826973484
146.8931538014901,85.93427896178994,68.74959673278428,82.85047079409183
144.880921066832,83.53864680586346,68.0044233964629,82.87209630030716
141.08414675722784,80.91409601511948,68.47860482745995,83.3749530896543
136.2803100753684,73.19634438446836,68.5322128423866,84.47935832776824
128.9451879255334,71.62746587746648,68.7643146359228,85.21075825741636
120.21108385191226,68.94087994039833,66.86177246822189,85.74124255281684
112.27853671299137,66.44652433965491,65.93670278462807,85.93276405103637
104.27732874371655,63.959127065860635,65.2339208760437,86.13464492801522
95.08206023814864,61.25334996233905,64.59990447738585,86.79006078260996
91.07066296102352,59.90535303074765,63.11196835883678,87.10837197759292
87.78151487276772,59.848482644355045,62.61591391753893,87.22211275037813
85.06245218793843,63.62836179118604,63.35066691409491,86.71741301637002
83.04982950085342,68.78653857796832,65.01980849180882,85.82547462862995
84.30445318118845,73.62647119037504,64.88042171721332,85.62505174811484
87.76053105027911,76.78297057529265,65.06185508577641,86.40564208502403
93.67720598964051,76.24511572895047,65.1254403620299,87.4813517777084
95.24365232981911,78.73563484023143,64.38934873620926,87.29391566421957
103.12830144800502,78.69439356473457,62.91141888222497,87.3763982152133
113.98344221234325,82.16190102994929,62.43109784805632,87.5180367829531
122.04925255825617,82.20629303227875,62.771367160454645,87.42925277829418
131.51723742237206,84.58551590508299,65.05183662256984,87.38557129720725
136.55038563273308,82.26989746484308,66.95623633530616,87.22852972430374
142.0205676445621,83.67360183063528,68.130142298913,86.84397499017234
148.6841468096824,82.92690724581982,69.4194929564042,85.90127932851462
150.93711811318786,82.93294941247329,69.79865266881998,85.88919499520767
148.81048426494783,82.85644045049119,69.15491764452662,86.04221291917186
150.09291534447308,80.1424369994989,69.03048490271762,86.58936098667354
149.32597100127936,77.7761388306522,68.11757046391034,86.42835107397747
152.78380406037493,75.18765048506042,68.49046330010276,86.74628846223865
151.4315753063454,72.72440794568212,68.75447735904898,86.7918866427695
150.81274805686832,70.50975826433881,67.5467037008518,86.33032969115348
152.89756887953845,66.70478895636896,65.79580463041901,86.68404058237077
153.51755464377268,63.45466847784031,64.55583310195057,85.99742770985797
152.45349196852115,63.16940933045756,64.3190597866842,86.56794600462347
152.29518868585575,62.06256831772187,64.63566635201497,86.41192155438978
155.0059747722369,63.369387998892535,63.959122413136264,86.17079630899022
153.73730025175544,63.196127845718834,64.13869855733338,86.51731661533762
151.1189969611107,60.9584005969322,64.64333907999587,86.26080505428389
148.42535784567292,58.826405570866825,65.28993855144074,85.78411634698395
147.29825596109896,58.547560178096596,65.17050242751074,86.34180713252441
148.83030666896857,59.63152321616316,64.48659101698246,86.55407106160217
147.4286412138035,58.42611794683931,64.91768401255251,86.59264368548978
148.98661470614164,58.22725363850362,64.18161466722364,86.99037230216116
147.3991386312662,58.11361716130881,64.98268963017138,87.21764525655078
146.03220875609526,55.97320835232473,65.32609656818839,86.71755724986923
146.20467265261195,54.85643828044219,64.98116877515503,86.56264095356343
151.05176457808176,54.980971046525696,64.80882065566364,86.31357542139642
148.24592429178307,55.92041936007716,65.6728037717946,86.80852752252667
146.454485364976,56.4149526223033,66.86017481145552,85.81946099807439
148.16040373987568,55.891162588786706,68.24786761862941,84.46727628662096
146.6357989505609,58.119922882295235,68.89550766719552,84.81289475973087
145.3040258077461,55.80132961307248,69.14169612529756,84.61536564312115
144.59139007736968,56.542394008986264,68.14866388233256,85.55154055501137
146.40800654303905,55.25714730005292,66.93202464004469,85.70544028382724
145.06300326508247,55.20051383991171,67.2228411878386,85.81870720410967
146.63729404468413,56.29819337303577,66.47991069235114,86.02899920157745
146.65982740813837,54.908010756423984,66.4348439654427,86.41258720115347
145.32464295941196,55.17282516035699,66.70331229596023,85.88295839328745
146.76245216289493,55.008837093611504,66.22587687120321,86.21093452677843
145.55257715013207,54.92592448434448,66.25021045619748,86.37675974531248
146.92926503079497,54.91431465168918,65.89517885139239,86.39997941062308
145.53505130044925,55.0496513948573,66.29069805545916,86.12930592428684
147.17144928043325,54.88362919074736,65.41312876531535,86.46135033250673
145.8610286113424,54.80885576500567,65.64799518574789,86.6108971839901
145.40344894579428,53.756726781970805,66.56315451684412,86.32306547827538
148.26488896308464,55.844391272958546,65.64552330651537,86.95298532055187
146.67962812094427,55.39396145730394,66.41878267708482,85.45658263814981
149.84387729551125,56.31980447257844,67.25139156100607,85.99193235195256
148.28308862502968,55.41106967661145,67.96420391452517,85.40063695644253
145.779452950539,55.500147277717694,68.14889758205308,85.22248175423003
149.82811823899812,55.93316737644127,69.6977787962268,84.35644155678288
