405.5,256.5,122,148
402.4104256718702,253.75386295842995,122.932111562632,148.24523698951253
408.288925241923,253.5076258184301,123.97267919103221,148.7377112695122
407.9181154277115,249.46128867648943,124.71429881945512,148.24994054355517
413.77303743517285,245.11489730297248,125.88841349009996,148.3534175002107
413.46781389274696,240.9915112696425,126.49886057495178,147.9698997440826
419.3921913586212,238.6293679364324,127.60721082777977,148.3751513489773
416.69319514642484,234.1435944708577,128.66210180288022,148.6604953815422
413.9477311053111,227.06081217628534,129.78858465552935,149.7327242819518
409.42543846649085,222.67257125806694,130.03495346440766,149.71098964962636
404.9568952722925,220.23869606385358,130.16659420185587,150.1760172125789
398.0089320006608,213.08455219088734,130.82642468644758,151.24820889983974
391.01456664671156,197.14278897633608,131.49752895421466,152.0572736353023
383.9916505616909,192.54309500587232,132.1558776448772,152.33167258997733
367.992234651915,188.3572501315623,132.81359997266966,151.74875962666616
361.15847113070606,183.56289791378785,133.0446788432436,152.37983194765235
352.06728471000685,181.2504455537839,133.25787126315802,152.51244156228924
344.9854679020044,178.7123724207774,133.9282087924011,153.09082246604834
338.02139385273745,178.5764671751167,134.30396014471324,153.3626329573697
331.37942828650563,178.77717332948924,134.00480243428618,152.96122064862465
327.4188701614579,181.08586629246776,132.89255010649273,152.86051901161207
323.25036778629465,179.1168137685437,132.2349532937669,152.30132327793402
319.3619088317836,185.3212037228044,131.05567187002845,153.32684236855349
315.4850810429608,183.59620026485123,129.8592672217424,152.30181917149397
311.6344081969997,181.32176387578556,128.68068005055122,152.4107255180686
303.1356829590421,179.38277246133967,127.98736647225151,151.86601733340666
297.0556628006243,177.41833008976974,126.9380248035393,151.39177474803057
291.0977572195242,175.20699362918756,125.71709061545262,151.43553255243268
280.78891885557056,171.35135365194122,124.53522845781663,150.42699695270804
274.9069206468465,162.6437359094771,123.32328969672987,150.54098553292306
268.9332080415371,160.37016797368372,122.34822949666528,150.7806262676154
265.33713607461533,147.38258979727544,120.94955036245449,150.98331341626874
263.79255639379465,132.29862781299522,119.76283711925196,151.22012915092154
266.5451172916515,122.14246342569156,118.51796906831574,150.23118920164157
273.42493156240926,106.44938317422704,117.43303194571968,147.81817258745204
278.2316434578673,95.44700853226787,116.16026204690658,144.80096019506155
289.2165470959375,90.38840808838819,114.70762080387108,142.60786146295789
287.5538857087632,80.5966181383543,113.98669070297083,141.96017698678043
298.34893076285334,72.61156226501936,112.51978286010552,141.83174292119827
308.9743623529131,60.89139999670142,111.26332352794863,141.27878284027898
311.21019352735425,58.05989695056188,110.76167350143803,139.00176428781447
307.9017752611859,56.78213745337044,109.52452611788016,137.63029132425004
306.14555316770367,60.88864908139247,109.151065104146,137.18907846960312
306.3768919109843,63.383984908727996,108.68838761758482,136.07149209425336
303.0123508998635,71.3472534148903,107.72056772557889,135.5387589104236
299.64722229314725,75.24887576280128,106.80164844878958,135.38469070482353
296.08225651393633,79.44155538182119,106.31695648013621,134.6139549938589
292.5308999787989,85.50082042005586,105.84439010674659,133.8583440828863
288.99544924171875,87.94559108069693,105.37849986711309,132.73719861850108
283.5415427495352,95.91182378219207,105.05533115727815,131.77937547444674
278.1630368622459,97.90973720137262,104.64112392565283,131.5072883048203
270.7380898417309,101.82713812164882,104.63961396776781,131.0981884637254
265.16610623624337,105.45687513685047,104.66391323353558,131.25182639679366
259.7363610876612,107.59871713626325,104.39548786267022,130.67744762064467
256.37139996736266,112.77572522129901,103.73311572740258,131.41187301436997
254.47772116673488,113.19156482997724,103.82382168316991,130.58019379701352
257.8248477487039,115.24257675948255,104.50033816253658,130.16355475965526
254.3422105821454,115.5586607042037,104.08568150296298,129.53138687021294
252.45521595656734,113.84053857638378,104.18612168321609,129.29408205494974
250.6449080372863,112.29643804012187,104.13520283804269,128.71074844373805
248.73777054923102,115.44667699297032,104.28772191861052,129.73378232912674
250.19547637362518,115.41260226717303,105.0522377071528,129.80193178072133
248.3473539382885,115.82543952288576,105.05512954633787,128.97625726929587
246.3918784733333,113.95843323836006,105.28536307915729,129.0295524412563
249.89178253917152,111.8563597341728,105.65607334093727,129.5484402529026
249.79943190656408,108.44114202096523,105.84077460615214,128.98042085586354
255.21156988938532,106.66886240260814,106.0969393572718,128.83149985365702
251.69949511264494,104.69381962178714,105.730434779929,129.08625834988723
255.2047594305693,100.50414769495558,106.10655591430518,130.0789524333254
253.21312718202077,98.60652113634023,106.37515634882182,130.15954148797562
252.97357902528736,96.83530701481219,106.85425266228863,129.9817247173893
254.61576569969364,95.06324162843063,107.29513134283498,129.80060346079352
254.560555144067,93.58878672895486,107.40555245408827,129.01992975201733
252.60679419420228,93.50976402153732,107.59373024928854,129.1779751668524
256.27650602629416,91.8856459567562,107.70393252254141,128.70139832769632
254.33730221925305,91.7718973971835,107.86309459257666,128.92889544684175
256.1651627602645,91.72290406568729,107.9326902602697,129.02688210983416
257.8305783758491,90.02985508939238,108.3298075301039,128.6850315614206
255.86674441507165,91.81052079938067,108.5284011090807,128.85277448402218
261.50346861846856,90.03347874167109,108.45953017034171,128.67199944342306
259.61312169550604,91.31603113257812,108.50926221305245,129.83785646482326
267.09924585469287,89.5000792777627,108.53596975956546,129.72002120823248
267.1475030217904,90.91122630557157,108.43945542537043,130.64608041820134
274.98933753457334,90.6718869997049,107.8000430031509,131.1247590299347
278.82409731199857,88.83532813829314,107.64674397565337,131.03976648908173
288.4684490753933,88.80282505335879,107.12967448915089,131.10477265895042
292.2431242341119,90.40582394331028,107.07426620441149,131.64574589539632
297.86162119155443,90.47511564141018,107.10043729639548,131.5071624991965
303.4169012705261,89.18389761564634,107.2479242569486,130.33691617789202
306.9878276654815,87.30294320972705,107.58021934456211,130.36175105096848
310.49345612307275,85.32266869304652,108.05460540409157,130.57947859697356
312.22788940170256,81.50037608451498,108.33956826591417,130.71640497587214
315.8309135954467,79.13581753581522,108.65459095568697,131.6849865346411
315.6945500444016,75.50792615417105,108.92731805777723,131.37971229738778
313.76600466412054,73.55116094612181,109.00417786881978,131.51301176396666
317.444452506732,71.65135739969499,109.21432891766376,131.52909548978684
317.2964985822331,71.45068674007561,109.51023676666162,131.9304368090256
321.1629253650185,72.95746272014777,109.37361282238918,132.7149996595305
322.93400500727984,72.96051651960425,109.63943993769009,132.70889206061753
324.67194710790307,78.02453339543999,109.97573959435502,134.01740988268006
324.4644281119234,79.57242126528327,110.39077758631433,134.7593798709041
322.6620800631815,86.45864149384686,110.13961255078773,136.4103839458181
318.73722262006845,90.02249362993751,110.23500169102735,137.03700541962326
316.5834028175076,97.20385802037246,110.6543168262487,138.22757451835483
314.58196644385777,104.50030182944464,110.74380771691997,139.28821432672416
310.5505491011218,111.88139661590941,110.94445814114114,140.2503932762961
304.06754860978,123.7632328085709,112.06319404090267,140.1812510568173
297.872319733807,137.6045465882711,112.55511579752255,140.2618741531779
291.6379018397545,148.7129730958366,113.09778705678703,141.89735019572788
283.2653524102565,155.9426580326827,113.80583212448799,143.47503411333068
276.8074837677768,165.33124935801277,114.58678981253986,144.92248412418323
270.52591289600576,173.05797385270768,114.91061054266514,145.7881298193492
266.24552094485574,179.32622095402374,115.27482147381622,145.54649507344055
257.7967360610765,189.7547649200297,115.77039004667208,145.19190863480694
249.1947611467671,199.68687743952677,116.56190918889952,145.84322195380216
240.86039549154492,203.70086003288668,116.72693141505974,146.0671113092244
234.4357175977188,213.7905772845512,117.18018066003958,146.5478543770162
226.01518257982775,217.95024811060597,117.43423118380193,146.5220224809165
221.92725172847497,224.1715917675764,117.30913958413649,146.5307651205321
215.54596033927822,230.03012745538405,117.62597251614227,147.2594435913045
211.22313392514096,231.7654520887769,117.94183970485999,147.95368714429722
208.84216882633106,235.40779631203603,118.52311232121103,149.0303138603163
210.4374063501861,235.21045161182818,119.53922400682197,149.425003260732
216.37175809614195,234.8412088270124,120.35786606687485,150.16348883036358
222.35521602367356,234.49410723995265,121.15207859736469,150.85769200448303
226.2014147491706,234.5103559282211,122.01413648366842,150.82519462794622
225.9342046526038,236.17729971533618,122.54855667680206,151.7819963445827
234.1739524533954,236.13718986222176,123.32517928048678,151.86221605081153
240.2231570617949,236.04456405269215,124.21026141906006,152.04746766987074
248.64533941695737,237.84381153755498,124.74585753227925,152.79396290603106
259.5008010786341,243.96838208082474,124.86054658385675,153.64018924445014
267.89337702739823,248.05013048999874,125.5953149634988,154.2366525646874
276.2484072821406,250.10792585936474,126.48936723032023,154.5220900200319
284.65111161028585,251.99271023770837,127.36343471506959,155.17239029860457
293.14114844422886,251.9170026406764,128.15932804115477,155.32380549266847
301.44876532179296,251.31601698582858,129.38079164679658,156.52577680236416
305.44968357816674,243.89116196579087,130.3737340814759,157.88331842129907
312.0798981722728,238.92951432619407,130.71623541538457,158.7379933524121
318.5855274998528,234.2767788151267,131.36395008218443,158.93748215990698
316.1151502876541,226.99125358986782,131.73818683182353,159.80897958615
315.70140234839863,219.66214661573542,132.5656827103345,160.7092818403512
313.36224107256896,212.48800405508808,132.63082138243135,161.21801532295862
308.75524135609953,208.066428207057,132.6006951038098,160.81704130746044
297.0994103285591,203.38448523164587,132.83532061707325,160.95011264155568
283.0720704848946,201.27130990640853,133.16254301266838,160.55522041007475
276.00456686660436,198.9766568637634,133.43621546242247,160.52408156642292
264.4663979560796,194.51832824458398,133.39065410744368,160.19197913437043
248.4033424767693,189.85211164635663,133.18705724288452,160.2873529527738
232.21978524036444,187.58298540085497,133.2371638922995,160.208890040435
218.4049218401679,185.35660436617107,133.16900035356957,160.04533705328225
209.0141041631701,183.07568628063007,133.49984916587402,159.9944765889414
195.17126651117508,178.63680218342455,133.48204058204922,159.6377501540809
176.98594380289356,173.90785037580213,132.9609815416723,159.87272765509073
165.15072512260647,169.31870863646978,133.59800210068795,159.837644413132
158.2190325649571,164.73900804888603,133.61214945963457,159.76422041739804
156.05879618426624,160.40145560279376,133.3171132450696,159.2083073576892
156.0062149169499,151.31728631062037,133.4222757797023,158.96790080382516
158.204523642532,147.1723608739151,133.62583248151623,158.05740337127952
155.96950887016126,143.00294297570565,133.50645536287948,157.21742584094193
160.75059361492526,140.86672032739648,133.0933268832764,156.9153506325978
165.6257189943958,136.8237265802847,132.46950051328562,155.87491373787108
167.98388403204066,134.899174029751,132.29028593652646,155.18690334040792
172.897193246879,133.2623564017012,131.5108846326873,153.93693003358877
177.9054899525993,131.3536137528545,130.47783432202868,153.2626437808912
182.74939575303569,127.55335106840795,129.7195244163418,151.93366745459844
180.9898501425592,126.0979233952717,128.806582543751,150.41248970732713
188.15290662157483,124.42218375010262,127.66204493094308,149.3701105492575
186.46111446599124,121.07569976891362,126.68626790319546,147.3443558338059
191.20082326442764,123.93259491254446,125.83160268655877,145.9429417366623
189.7300836900609,122.42858388506706,124.49609836105785,144.67398031738267
194.2639865007775,123.12582013492505,123.90013327835376,143.27950781766668
198.9652887784139,126.05764425074105,122.9070996665933,141.62064505779085
209.96835796388964,136.57554413319752,121.71688341103498,141.40076740827112
212.44618855095797,139.26306730769653,120.90190754363687,140.1664063660116
220.9865487904052,144.403570158682,120.25523808858097,138.10242617596003
225.56577405824967,147.1518727373973,119.22918154285645,136.6720180135116
234.06251457792112,149.7520719049095,118.3460966109216,135.49921870533916
236.6503792564116,150.34830780977902,117.1656489496772,134.30674689560016
239.14247976223874,150.5301151717747,116.13934250424758,133.94313217160877
243.36999820001728,146.92378545343558,115.55592733771333,133.28416989926416
239.87780832647712,145.12737015918654,114.7077978142944,132.96074585251262
242.07326311295117,141.5095364445782,114.21453128577184,132.4011271928783
238.70826641060754,136.18710306252933,113.18238434894779,131.40278344470894
237.04083022819935,129.01246183981988,112.668194625978,130.3558175389834
237.4634676546579,121.5262574014899,111.82291977306089,130.0297670357966
237.92928218052631,109.82273535029032,110.89129072132408,130.6007829823015
240.04223867220858,94.86361159816248,110.46523466640299,130.12017505900943
238.75144014697122,85.65871150694979,109.26124732454602,129.60205327977647
239.116812092229,76.55835553229498,108.53050343403046,129.01168783213686
237.61682204877968,62.021663038765794,107.79313943516283,128.18632013306518
237.91092958293424,55.01876862708306,107.20492436685375,127.34114447867708
241.7674067385375,46.368146744580805,106.87243864381028,126.19121677327398
249.50744412312443,39.69735939195302,106.06092458837674,124.86423076478916
261.195816453392,36.8598799773068,104.48578855321452,123.27198671895728
274.1169393370627,35.45960843291915,103.72933801073265,122.48884477560979
290.62034542988283,43.176380165189364,102.75737263076913,121.29301100248126
303.2729354663592,50.50482944685747,102.12952079245177,120.73744285893662
315.6469181275229,58.00045288853144,101.9281494667456,119.7728211165151
328.0813588456321,62.120858899016326,101.4789453478023,118.50905975762396
341.8404407106902,69.82815785140536,101.6550364249208,116.9415892564632
351.98390927955563,75.44263311377631,102.01026877773721,116.03372347699495
362.22152149019587,82.97653717635887,102.12697099976427,114.6938664473682
370.8370029948732,85.53164502667839,101.96134432563818,112.99671801377488
379.1974966727934,94.52094411483111,102.16061168150328,111.93837454917502
380.6087979997717,101.93454412719919,102.70876746747845,110.59420828416562
385.75570371376324,107.6115435376767,102.49054031143108,109.3157937351464
384.60222273256124,116.22472145578654,101.46240242947766,108.76493712071434
381.7520696911947,125.11481345225474,100.54237373378311,107.53559007384706
378.8669351780589,133.45766453234384,99.75993149465805,107.23166607716037
372.69038591623985,138.68117625204624,99.07631306642169,106.56218035166142
360.1332671739759,145.49899390033704,98.28763060750543,105.87800502680187
352.3460364176813,146.00538627322754,97.78883553243385,104.86522028102084
339.9198424415831,152.57875100952236,97.11389544343768,104.48215482902755
333.76386593824,151.25640912958232,96.72900535880618,103.95262781607816
327.6796931482471,156.03213877810984,96.25803576623224,103.8806548984429
316.88570871834736,154.73575500065039,95.78747263603053,103.32220359764739
310.96423374581434,161.0742771603632,95.09032609132333,103.18525576799505
297.11434651284674,162.74462852459484,94.69390531414118,102.96635251098927
288.1527272681094,168.60369731607824,93.94467363649412,103.6965283727703
276.16021394837594,167.23073476647482,93.03759988871738,103.33094092357162
265.4466447822232,166.93952129847167,92.82524863954902,103.91336785957793
257.86151234774036,168.02347134451108,92.51043589648926,104.84248328990418
244.2056854689065,167.65583696994267,91.86446539620694,105.57775203904099
238.20886587311583,175.0692784706158,91.42830143684999,106.28812297636756
225.72830295811167,177.61154822849258,91.49786541625109,107.42647392326585
214.54172363780404,185.1524746597806,91.95993904983091,107.99539606571511
201.87751018909927,191.10088273530977,92.11740221476359,108.68406178089528
195.4560706427444,198.60000905965046,92.32213692837591,109.48348960608556
185.62155256482828,204.43763194256132,92.94016953153735,110.50891287537772
175.8157767091456,210.73430851966322,93.34611323311782,110.71929839436396
165.7926040060749,218.89577564818603,94.12816474432455,110.44994238309722
152.59268040444607,223.59901684615514,94.77490731211265,110.70087422546005
145.97592267162833,231.0243938313352,95.07478968710667,112.0171616184017
137.49421041317413,229.21175344375104,95.74540947938603,112.3838814486443
132.48953680409684,230.19927304854792,95.92973504217018,113.68384945750734
128.9432116213199,230.00166183034958,96.42630571919904,114.079071893904
125.57298778068099,229.46884463230174,96.54249345271325,115.14470628999968
121.84323297592461,227.92261641112455,97.3411285694012,114.90672548594164
119.69526245229082,227.68320351055178,98.29744661717564,115.38555128708721
121.07899206952757,224.2482950786684,98.89238287648976,115.53057716327869
122.51075945190487,220.70128263772625,99.40304525732648,115.87620775398034
127.38432886048084,217.31547009751637,99.81913303376857,115.87234843867076
128.9293327667994,216.93220300395058,100.12348870388509,116.63888262580235
134.01783760157593,216.23575198451613,100.17978721590745,118.03178466467122
140.87303678707227,215.9312649265111,100.2034950086237,118.64075878068132
149.54020572353716,215.5845167030296,100.08569288256362,119.33425522764429
150.9839318219437,216.8857814782115,100.65034737160906,120.18383236313905
157.6092683030935,215.25107008391404,101.2968775064548,119.97895437744762
162.63488115548785,217.88501777325382,101.69030915036285,121.67416389789923
165.64323292221212,219.0344332417873,102.7016646093426,122.88936245704639
166.96301818446338,223.44946971604563,103.61115068721831,124.70645931566452
166.54384976648214,224.14184819254075,104.44948752318075,126.91341643136661
169.46852188395414,226.85178228247898,105.87857176981292,128.7719767330663
165.32951748617384,224.14612576772902,106.77481092166848,130.49240494071373
164.59743893935075,226.4715128568023,108.23896801531463,133.30527405946063
163.8969495597364,225.33234313336425,109.63994677454329,135.58361350633672
162.93504234471357,224.12577161785308,111.56376120458904,137.9967565373591
161.92277136357205,221.3320796935246,113.58830316687204,139.65956865098786
161.06553475735518,221.95294604120596,115.30277637930581,142.4007044982195
162.28461299356536,220.93999999789398,116.91732952354677,144.42659658484348
159.3470490494659,217.8075893378167,118.68250907747718,146.58146957072952
162.98456836431797,216.62822457493138,119.75068124844836,148.94019909650012
164.17293869249158,215.43323278359017,121.59904623418558,151.33018267918254
163.21774047651058,216.2185405422678,123.50944266614756,154.05128509280775
166.61475026145092,210.87791489268028,125.44425204932878,156.00370743892086
165.59397782438313,209.368575308924,127.48579692346438,159.02238660643343
164.4524859760094,204.08299308695075,129.76878062021183,160.58334816287257
168.23480585475116,198.52158653762254,131.33620554112957,162.57409658312775
167.38889404960707,194.9807669273792,133.02802915141774,165.0337673208562
171.33987136890684,189.70287520892953,134.50030730853217,166.21531796204158
175.49589941312726,184.8682351076537,135.64643171670838,166.42641766797618
172.1539159797499,179.74513237260481,137.57952377500752,167.17087352116278
178.7823940870029,172.453466967241,138.70324563974125,167.37352625265058
175.6857593048071,167.8972006368104,140.08169798143834,166.85642446812264
187.5274956323841,160.31313561272887,140.54358225074677,167.53734036160824
194.67540051810076,152.99064132372786,140.78880246446073,167.641298954463
196.88612387128194,148.27416502929128,141.2199185034866,167.36912605255975
206.6855085285251,145.26040478592563,141.0423738386342,168.5413403768826
206.5282087059916,142.3955113923451,141.3569734837012,169.40060374836347
216.17958868776583,139.62715212607495,141.60955677249194,170.04848646781903
215.94257231834604,137.24993802458937,142.0835895113315,169.9000250457692
220.54841468982917,134.9835947247859,142.68839127116365,169.52446839397697
220.58958701275432,135.070708549808,142.60604662531335,169.3502407439328
225.5808660197194,137.4699828057598,142.43985258555654,169.4598742191158
221.02936755784384,138.09812725008794,141.72845597329675,168.2035853304595
223.58816971606674,136.5210471906296,141.48721726667662,166.48137983955058
226.40902204991997,134.6087239345062,140.69141704982127,165.4601219009463
226.84245531975301,137.21281606471427,139.82455051015518,165.06927547199726
227.41475669222956,135.0147202895767,138.6799477652021,164.66810582479798
230.27789431759112,139.96915694806668,137.7264224606821,164.30473240022434
233.22738362436718,136.33469110701267,136.57923371432537,162.0700843479416
233.57056159181963,141.2418995041139,135.89287777942047,161.65337547598693
233.73289085238054,139.62742819605037,135.56821925829868,160.2009426435407
229.30999125162595,142.24030567334373,135.10653458980562,159.62892962395512
224.65998786449254,142.5472956048274,135.13157076057718,159.01494976098772
222.5153109280282,140.54867534099702,134.79251490684098,158.38378056198368
220.22554513091538,140.34556168844864,134.75883536622285,158.79000786708048
220.095492662476,140.12291064414305,135.0189403031016,159.23530995569166
219.78698046735684,149.01673763601343,135.63596469333993,159.96765764641768
216.9497589944304,150.85004450664854,136.6591766504723,160.9522748938679
216.71189710812752,159.58506704824603,137.13490042307808,162.2137874149845
216.4467001909233,157.04993377154085,137.66529425748652,162.5740391715243
218.333386139553,161.34657388555758,138.61603116810485,163.42897655924642
222.94063445244848,162.7672782314234,138.90673462947157,165.3401679110936
227.46915124832435,166.8419431544497,139.4232347344802,166.76437176180133
226.83046162679585,170.72058431891006,140.70061397753716,168.64117682257597
226.19306906871378,174.48921501641428,141.97539909370127,170.8370231964659
232.8378891223971,178.19670742851636,143.44856436163522,173.2639086224621
229.23480066364795,174.98686578182918,145.67267157848053,174.70152221518347
230.32195327581047,173.55680685174315,148.5384488703951,177.5616400753555
231.2735972623186,170.03158563933704,151.76550802779713,179.48173536974946
232.74865038678487,170.96843193443806,154.0273266810886,182.81996768177146
234.2717062482829,169.5709314453025,156.28104985213,185.61496866004256
230.51326644755585,168.21702319025698,158.41869676844985,188.3227851701336
229.65782193893017,164.1057164286275,160.12958578570124,191.0899820954055
234.1788707682503,159.76998753544117,162.1387716815985,194.23579810450934
246.92309801760865,158.14146157988114,164.6828394163699,197.49285001562941
249.0047217751063,156.7830900616198,166.2172920663628,200.20959305215212
253.62685622875432,158.11813247577692,168.50160592012082,203.30379960436483
255.4843348799125,153.84239193123625,170.63543574380668,206.00649356744395
269.1600553960882,155.26183592985225,172.9081270712288,209.09243204216665
274.1049231347672,159.60028221750161,175.03640362736303,212.43355150036015
278.98676726615474,170.57510356098155,177.4622748313802,214.86302774698487
277.91246675635983,169.98698906596618,179.61087585097007,216.0392567370156
279.8993260788292,181.15262524244991,181.86126200981187,218.60440359917013
279.17304352377164,177.42825877260412,183.313827119927,219.7532303818032
278.8710145247279,179.67380900150502,183.9178851180144,221.60315445127213
275.8229876555122,179.3005238007815,183.6346783965127,222.3497248527192
272.0227786828827,182.13560522239902,184.8489128322916,223.06574551896412
265.0497415308457,182.7634165688514,185.96138544276613,221.8101228260594
261.47410932812375,182.79417521463932,186.69725822608103,221.74860553448357
260.95619253469863,185.28580940304184,187.73309181293132,223.19163153642177
257.2595938250546,185.79921553484974,188.66105959141257,222.16481927280594
260.1293480766469,183.26878972885658,189.38586917576623,220.76135279725403
256.7187684140556,180.215699978641,189.75274359470583,220.41324739144227
259.96675585272317,179.99960093519348,189.71156243725386,220.84544547833733
263.2895999539725,173.69599235184307,189.52668964770308,220.53103181914216
266.9394113677025,167.54917909760164,188.6800524589492,219.91868705021278
267.26514782575885,161.61242130570466,188.02857954283652,218.93235715001668
264.8763094161822,156.225780245898,186.4020440042365,216.8972145541233
275.1068198616241,153.62502913019273,184.98090918304965,215.75208809563478
270.07552454524574,147.75960302428635,182.43129401624265,214.87073450788375
270.97248186514753,145.2358336505465,180.63737937643901,213.66676446517778
266.09783875143336,139.53269742380326,177.97853494199884,212.66490625679572
264.27211405526634,139.4403500631949,175.4841849125084,212.8496009780125
261.9496986592547,133.9958277071112,174.0206044646786,211.5218232104737
256.313493224647,128.04433688864273,173.1643162539848,211.2961057675014
256.54292990253606,121.7559230136206,172.70544289820668,211.77884281877633
260.3111266466969,113.17344532299083,171.2160983592864,210.8026513518318
258.2890858291267,110.66845818899938,169.25221720137813,209.80466282676593
268.0215618493349,108.6938149023587,167.6698253842046,207.79309599229964
265.72394390355976,112.38976932118912,166.36070577494286,206.3055426554508
275.1446390232152,119.22978126904353,165.10029204987512,204.34616976923738
272.9620037281911,122.79405098739728,163.65572070085318,203.02747227159986
273.89609689765297,131.6361563927203,161.7875343619295,202.64189360692788
274.9055970601611,137.73819526882016,159.7685340369133,201.89786248034432
275.83719400630577,146.44408092884623,157.9053401446239,201.5436866109015
273.9354471923508,152.62375455752496,156.05865763150243,200.4846916356068
268.91445018185755,156.18047575700203,154.89275465608836,198.975197734853
263.1648775792562,164.62387361503917,155.26809358545705,198.77411143252965
255.41590186409536,165.3971768754946,154.07124341531429,197.22750491161875
230.19020125751177,169.02831181055552,154.82628647627385,195.4870526139645
208.5236493301136,167.53105318774647,154.09981160660476,192.9741225190244
189.22166116467727,173.98256640933892,154.50371446537753,190.98540278215373
181.40503609291775,172.05198502234646,153.8374095463617,189.41338053529373
173.69796541868087,172.60907337035025,153.05676784222743,188.2992038392862
165.87212082184527,170.2720147714929,152.60290489082527,187.6048036553097
155.4711292952822,167.8614955502091,152.002855261551,187.07533392727714
147.95555383006868,165.3991929598218,151.03600203656947,186.66727105624898
143.25434571625485,163.01835560543702,149.81690610127708,186.1181896835585
138.70279427466016,158.28029719761213,148.35483115888104,185.0291286736229
134.0714502116869,158.81188805030666,147.1331325796078,183.9659469682338
132.02180380159285,156.50614192878623,146.0263387274767,183.37135253895545
130.32049268149362,159.1695365618862,144.2499369847261,183.22358725570456
126.15074498418319,153.68934599142437,142.29358315007923,183.88811916736043
121.31489184239673,146.9018795064324,141.71275360164938,182.08424838934025
116.66381561442998,142.77047485582142,140.83641181574188,180.1685634487212
117.46976689886671,138.2193214421463,139.22450924686842,179.17946879944617
113.57897335543302,134.57487740230744,136.99738323274818,176.4596437781363
109.72397490534442,132.86241203554454,134.8542965280364,174.95803270921758
108.53437711551734,128.59338579777574,132.3647874865336,173.75867594244127
109.28384726410624,121.80705580228938,130.8658471893558,172.90190267442287
105.27547359381606,128.4147311685088,129.33803556383447,169.23111090808575
115.55087208026212,122.86092497865867,127.55272622806487,166.2646075599441
119.07161146843771,122.41748950837788,125.12824084413619,162.53448510808317
124.77891030093312,123.93896680829363,122.75471614145357,159.49153050825169
137.010746423865,124.85222809525735,120.46804470508059,157.66500793432425
149.22388666177636,125.95906105041338,117.8929866654315,155.45134202401218
160.81010557576684,134.08752885044208,116.19287060520337,152.07779948460652
176.52987868233004,138.09489104582676,114.26025177568566,148.27835043435266
189.82881522627528,143.52952042307044,112.41705977033217,145.66065204071097
200.8224910633719,146.5145407279569,110.70859647970636,143.74638910765148
209.51391545776667,149.48065774239836,109.32059660503757,141.81286730729877
215.35948127733081,148.44535521454924,109.46918567347231,139.93689879380938
225.0395870893895,151.0315385228194,109.71058063821172,138.68485349504047
233.30359638529978,150.51177432781606,108.80288384294411,135.81930143590887
241.665411570331,151.55537921330733,107.46501310338488,133.7320916649263
249.76526643494998,149.04370751569434,106.43628094922761,131.16994627261198
259.5061628359914,154.87021905383057,105.63828161336194,130.72719927606988
267.5819989703547,153.59847437424807,104.35478978788356,129.55364352442285
276.9151244667669,152.63929078806945,104.07978715134874,127.79376102552216
290.4109592329345,154.8932816895095,102.61554045009171,126.93255391279602
303.8853338130549,153.89067310596977,100.93578455962796,125.32791489847878
314.9825909921414,159.717597008074,100.08943690018225,124.34815044363405
329.9246319089952,161.78104571524273,98.43963439902996,123.75053794586597
343.1562919801538,160.512799869098,96.42995623790858,122.79365221227036
353.8726227431627,157.52977551458204,95.67385591037466,121.86751385514094
364.4362708389272,156.29553070068408,95.06436495596107,120.91636927675098
374.95459598081436,151.3398835147679,94.3987625415487,120.64213971390237
390.5024918459035,150.33504803312525,93.72441498682389,119.27165021324839
400.2427626580071,154.5978624802864,94.33326195735229,117.44248418383802
408.75649444395606,151.37958446171984,93.95621554809627,117.21887335591441
415.6036473400738,149.03186198537418,93.54408450651616,115.27323093327809
422.8525225458911,149.09750477373098,92.18236477325831,115.14194535656446
421.4715975593936,147.28406964915348,91.68427393653398,115.5088747960001
428.24459672436194,146.83340036779472,91.16822358594166,116.41021335871761
424.5204662902911,146.63432937758142,92.0906766879121,116.80835533914419
423.63418189749086,147.51261368176233,93.86324547351256,118.33577296825018
419.65212543288163,144.94504630562756,95.15504570483925,120.13475137157383
413.4688857125713,144.61381648071793,97.36748431031329,120.7972110213931
409.029047798214,144.6110600263149,99.3857447126269,120.80272393019914
405.3741032332605,145.1209814280271,99.76877022205868,123.2463129370123
402.2365139714512,147.3616257564227,99.02958893615478,125.77938408974353
393.46890064336543,148.86256138461718,98.89467748964782,126.3115404538903
389.3834298040237,148.7706544306657,99.98566292537055,126.49535436179326
383.1283292876843,150.02338576342828,101.81431372021629,127.5504084422124
368.21822756400894,149.74371055486165,102.78368634056179,128.10975885934565
364.5320148012709,149.72617112038762,102.89482241049106,128.14483772829374
358.7271092327238,151.49701052902765,103.60568269537282,128.23614252841787
352.8315596750527,151.58893166715313,104.45908855807546,128.0523002521669
349.0132754468493,156.67017648419693,104.78189506107887,128.86045354818424
343.48034445015287,158.04260892518045,104.82419996388097,129.79010769641414
339.79745072543244,159.25796891078033,104.81102720703092,131.04886782835985
334.4070548191677,158.75918887229233,104.46608212316883,132.04642790533586
329.02489287861533,158.8249847791364,104.07559620839919,131.91483609164774
323.5329740557601,160.2766542533538,103.9296909393887,132.72141144811994
317.4256942538749,156.79728693891434,104.98458904209366,132.2403717429552
311.37810928529854,155.13297589961053,105.89078910252535,131.83933719598915
303.36645732939826,153.00954833018454,106.9612852904509,132.34799040387236
297.50377248277425,149.05702550177887,107.39662031109808,132.72634627894985
291.58967412971685,145.2183299053387,107.8962150783097,132.85133617922813
287.50020771966047,141.19092384079858,108.50273883322977,133.33373924311556
283.3051936115244,137.44049771005382,109.28591439471874,133.2277388498218
278.96623201567934,133.46385817322636,110.33492356690712,133.55210390397514
276.870437463551,129.07012800594103,110.69012532225722,134.66678954073262
272.2229565938938,124.79351441036826,112.26654028437733,135.50146995468384
269.3892768168459,118.5543025399721,114.03633294470534,136.28719301417266
266.73865500060396,116.38116541423366,115.39936912356232,136.69525981202258
264.0184436677425,116.26233853879035,116.87334052668241,136.93291356290922
267.1696423227901,111.82646859889317,118.55859678059659,137.81699987869422
268.77776057180955,111.9544594164694,119.37692250977491,137.56101824354175
266.0405244471405,115.64585658740374,120.8076620973937,138.26568922511152
271.42223011527403,111.1684708340095,122.27698723235731,139.0653030844129
272.7447103633872,117.17195078466516,123.74552985213276,139.39885253110688
275.9434666998436,119.06337894000563,125.63236247248659,139.75816886705928
275.253637747767,116.45717494345458,127.01202037663978,140.79267872935478
272.49785289831703,118.41182688191182,128.307589382271,141.09937554570905
276.11413771544477,115.60289909794817,129.5578869271618,142.4757975240632
279.45166043538916,113.25622805110943,131.4484161470211,142.88635228786663
283.16611580868863,110.92762795560037,132.65809284040378,143.22425875889394
286.6431198468094,112.9743210918748,134.39169931707784,143.47467976280285
283.89925078481104,117.38187429864377,135.5041734536937,143.4101013240264
281.5726789402988,115.01945366358953,135.765407515692,143.74303296710866
276.88029540123046,119.32757563977562,136.34765562585972,143.92930798270547
276.3049674926094,114.59329083246497,137.4983114431018,144.5710641664186
271.07489600302847,117.08889578442427,139.07507783933414,144.02154255396476
266.15493260122327,117.06698424992163,139.99891592892368,144.06536562297003
261.27310048233403,121.4858911733861,140.81590284604368,144.17422909669946
256.337531933269,118.92172146493759,141.71112860302387,144.81461284302154
251.77982014284632,125.40887802843652,141.80225172661852,145.37675040189978
244.79217375087808,122.72258801845717,142.2102953469276,146.22691403398267
240.1438454421171,120.13209972967348,142.42253566076369,146.8656824597071
235.52901578216387,119.74935038352805,142.54102371239773,147.63118115199796
230.93588018788324,123.58181514560414,142.58836440325442,149.10518212555036
228.62125059094777,120.49954325033335,142.62431105105526,150.6764133700218
226.02755741274132,120.33831912228727,143.19322353470636,150.99886162611395
221.0971159308311,124.72933723275784,143.7890294535004,151.4819024501992
223.092873511775,126.88790847618152,144.44705566883988,151.81430134057914
227.65439838902756,127.18535777872506,144.65435097279337,151.21940273549205
227.88134134498284,129.47928610375024,144.20046506088286,151.2906885170721
232.23237714011935,129.32401359734178,144.8045316386082,151.60123352988907
234.420607831613,131.38082371664495,145.09557077757512,152.1551138132369
243.5219968251692,131.07283714646962,145.61592515649156,152.77108695358757
245.76112467491575,131.22852603551027,145.83633975963807,152.4597091755063
252.37977452064962,133.8541526956086,146.6908982664015,151.90574192138672
251.8445066971198,131.27790243029426,147.7614339134611,152.35611244200928
258.23248174768,128.79735187804374,149.16385011434326,152.5910914458428
265.29657712122,126.4626816042579,149.2915684613431,152.50846229538794
259.5694899511857,123.78698101427833,151.24036501849395,153.1071745838882
263.9831358142653,121.51531039584204,151.99877748973444,152.85766372206095
260.3471196652555,119.49800214668653,154.469925713122,152.09139614574002
254.50497961033966,119.55348625807828,156.4988037740989,151.98042792295652
253.3446966834835,117.40656086227844,158.81936962781117,151.4164683388512
249.84221446133733,124.53168091830551,160.9390780718402,151.8219962275872
244.37917444230936,129.44337656357465,162.01546198969993,151.84830105724512
236.05067023550583,136.38586435229718,163.84620623585593,152.78958964725118
225.39055194256946,133.6378299669087,165.22392115834,153.30002800218102
217.13939734916778,138.50785416790632,166.6804910627833,153.59047245509245
206.51974209046455,141.3600138036312,167.7494658245613,152.9287371225498
198.41887568440447,143.6406253112899,168.8050929374478,153.41621600697684
195.77509006888712,146.11203022168843,169.0197598107946,153.54631054386772
190.44275512316955,146.12142309627342,169.5277911319191,153.52752479469774
185.15386890419992,153.8357579819433,169.9337133905321,153.35663029234743
182.41051478744018,153.7880228304322,170.33090863036688,153.45210059536964
181.91142540659484,153.7552300728359,171.32908739205757,153.51768611056227
179.30516089594744,153.54952835751874,171.4278419991192,153.92908954119656
176.94497578845255,153.77221336939965,171.02633398109,153.4837195174347
179.0899853477909,155.89359517380134,171.84484226900395,154.34948331522196
176.8908769318203,158.69332902408433,171.10798808465006,153.88508663095106
177.02083547003537,163.75548916715204,170.8480710082199,153.99317467333753
174.42563445186823,160.8624780052687,170.92458470680037,154.66530865935036
171.6140112135679,161.1879221476526,171.42202987196413,154.01442037458258
169.2498085077603,161.2639243544787,171.0272850835106,153.86241596093043
166.76130065160083,161.61611938883166,170.8897130397998,153.1580258922245
164.41934237714537,161.38158387945208,170.47242592115546,153.62709691098365
161.83343847222085,161.24326586785048,170.54202805092618,153.90373293418682
159.26734205599655,168.5282083649349,170.56651871984656,154.65695443060253
157.01819775549134,165.6747832417608,169.9447100947097,155.24370745080344
157.03432672901164,163.27697724734145,169.9124521476691,154.9195504283473
156.7994122703044,168.61425830453854,170.38228106508356,154.47319271596854
156.91934828162715,168.86304017639043,170.1424090424381,153.97562897226473
159.3246279921816,169.4238996451173,170.434483068286,152.853910034811
161.71747972470848,171.85477208883998,170.73805308419068,153.0814386283241
161.96321293061993,171.753509071521,170.24658667236784,153.2839646629621
161.86309627174887,174.44034969977133,170.4468199901099,153.00350173719002
164.31453285279088,174.59272989172737,170.6358005758537,152.69874135327797
169.38228799785907,174.84363836224412,170.6801370629456,152.19692441224447
169.86048631099618,174.7753610196786,169.72374043667133,152.3334790973755
172.309922475004,177.4739515099322,169.8947865254147,152.0062165336273
172.28830855218655,175.1287692844978,169.9380143710496,151.6292311121191
174.5996418318275,177.49638010477102,170.37734647702618,151.9560081368312
171.82679399250847,174.78529255503483,170.84899915730495,152.30414023794418
171.79110407725415,174.66553818805176,170.92037898781362,152.54364897191033
171.65522678919302,172.2572335533723,171.1921335639358,152.26839212120694
171.6277995984152,179.3653130946539,171.24698794549147,153.32729319755526
171.5352840874746,174.21512591529915,171.4320189673727,153.40875134728543
169.31814206472842,176.52716908804774,170.75266919784215,153.89829881681118
167.06622955596475,174.0520554998722,170.14560327827235,153.7376350560651
166.88463651203438,176.45027367375639,170.5087893661331,154.04008560481824
164.50070445522843,173.51515430469203,170.16729287402853,154.80096373723052
161.93022655150577,175.8461445448109,170.1920688689759,155.25516306949072
159.3435222501421,175.14351727999153,170.24167390329106,156.66041759912946
159.3097136286164,174.91221965795825,170.30929114634236,157.12301284319602
156.53664813287227,174.73114668473931,170.700053351775,157.48515878963386
153.93240855004612,171.92853084633293,170.74130904370742,157.92316699272675
156.1523007166058,174.54745979756512,171.47635904985063,157.8601434295249
155.93227172794627,171.93406092031378,171.91641702716962,157.90164786591964
155.8526461974052,169.4413797748916,172.0756680882518,157.69419730163253
153.5466898582779,171.9355028189928,171.49558930276106,157.8979426771755
153.87038485204388,169.2525985241965,170.84819931522907,158.07755663376884
154.37588648364124,166.6768659268029,169.83719605203433,158.05006478765534
161.7507768859462,166.82405368542283,170.57564942103394,157.75568927041547
157.03512969030183,166.70243635059575,169.66777020519157,157.99892394006963
154.7693401821753,164.34258174908965,169.04006187896476,157.559345800602
159.8006726325604,164.46112634266728,169.26240350118005,157.3222566134467
157.86466274051634,162.17998098703782,167.99221717319992,156.74234121263737
157.8857895179721,159.37952623058314,167.94996361828836,157.2300879203358
158.4707680023498,159.43872015444512,166.78000664953302,157.11170007261182
159.10117828115466,157.1000411322922,165.51918609192327,156.6889694661333
159.233620730484,154.77781144350664,165.2543011932646,156.25976105193547
161.7369741688324,157.89318299421623,165.3103125414442,155.09173617539267
161.89027034620318,160.44389955485786,165.00372018670262,155.0353630307916
161.68037834620418,162.85235475680676,165.42350418670065,155.25782695638503
166.85889322253797,164.99887450613292,165.16540504202072,156.01425276172654
164.3704593934346,166.88133460920224,165.08483862212242,157.30676663369297
167.24287699896797,171.74410538968044,164.41666715160088,157.7345525538271
172.5594254659627,173.60728211093243,163.92951963641147,159.0811738207231
174.94463805646376,173.39668189426885,164.2457337735835,159.5023742540503
173.1269948101234,170.41485306018285,162.7827616708265,160.3677733267845
180.802255823113,176.08828991493186,162.69908747208703,159.19879816877966
181.07119722492854,175.92287350942303,162.161204668456,159.52963097979733
186.51221808958718,175.35564101616774,161.41107300865144,160.6640959663079
184.6674027127206,172.67702272120823,160.02865726757585,160.9492860614182
184.9626144183039,172.62241822337526,159.43823385640923,161.05849505708414
185.20474556570377,170.06661795272964,158.95397156160948,161.12291914145612
182.72751898333888,175.0335276976947,158.86787270257662,161.2702036990512
182.77053041694708,177.6283208418877,158.78184983536022,161.12212643418133
182.96474712938414,180.29506872542262,158.39341641048608,160.82645485936774
180.71970857336578,177.73565916764105,157.85644544005274,160.91822589246084
178.1395928643243,185.5581271229656,157.99666118378113,160.33333700487532
178.5335322536626,185.48965712218182,157.20878240510456,160.4702770064429
178.47852684553538,188.06758873150795,157.31879322135902,160.31716770609924
176.3388178742157,187.84909653173145,156.5961257631407,160.75415210565222
171.37802523026375,187.75215080653754,156.52264119846555,160.94804355604003
171.20774739870544,188.0275754196012,156.86319686158214,160.39719432991276
171.11963030964853,187.9799167022809,157.03943103969598,160.49251176455334
171.08960177522377,187.93907743995345,157.09948810854547,160.57419028920825
168.55973521675207,188.1082587102527,157.15656094843717,160.2358277486097
165.90372397388163,188.22542928924094,157.47033690844268,160.00148659063328
165.86596608476708,187.87514271328018,157.54585268667176,160.70205974255478
163.12016132130407,187.85629938893106,158.0257456826476,160.73974639125296
160.55841914499396,187.51908542441396,158.12934651318528,161.4141743202872
157.95688655979095,187.4921857580702,158.30029672447114,161.4679736529747
155.62059719708913,185.1838973183808,157.93721642763083,161.04889151010954
155.5114900614931,183.14622517987266,158.15543069882284,160.10089226494753
152.9884130049943,186.31841205891305,158.1896976241899,158.76840569449726
147.8980053413266,184.0895039271983,158.3875847234419,158.234757843885
147.64180505330756,184.46414281391304,158.89998529947997,157.4854800704555
144.7143470485899,187.04303349704372,159.77246548422835,157.31013452888115
144.64636605085735,187.09647642467806,159.90842747969344,157.20324867361245
142.04984042157392,191.9705960408409,160.10763950183934,157.44268791412873
137.01288915253588,191.6279449994617,160.18004497544894,158.12798999688707
136.43844739728624,193.75318113462473,161.3289284859482,158.8902166451473
135.87081432404696,196.00783020457428,162.46419463242677,159.4237031279642
143.17522761147154,198.4191209371187,163.0625007073131,159.6701658794539
152.98796580172487,198.54885406709747,163.76636034768757,159.41069961949634
165.30334763756224,200.76995855735362,164.58203147019378,160.05777759782018
170.40094258483464,200.89299700190384,164.61146921640707,159.81170070871974
177.79146161093675,207.811459015131,165.15709069328153,161.30143621134414
185.2352126910347,207.42193166048017,165.69255710066355,162.0804909206458
195.57112969559418,211.58296547401636,165.66753079878703,164.08182714719464
203.55620207085082,210.9776829390053,165.2760508408015,165.2923922172168
203.4192372561071,212.46329504334824,165.54998047028897,167.5269702598229
200.6003629931647,213.91095807348535,165.9424457849068,169.8769274108156
197.3340861372992,210.59518408110296,167.18659617276455,171.22007207170714
191.19670754580085,207.57804276058278,168.803064889429,171.9252104795814
184.89097327415217,205.0531813967708,170.68304684177468,171.60918991172957
172.65506693863136,197.79776870833297,173.59316354310315,169.94874331132044
166.62047003184583,192.88792050879113,174.84229202911865,168.94837438284856
161.02162207852282,179.72960536217738,175.2123332718993,168.19586801641262
144.8033873055125,180.2629823037566,175.20247706368244,167.1291141332542
155.2398526562425,183.75127427335863,175.89224183573128,165.54320406242738
163.211132021418,184.4828616907206,176.07863900644847,164.08002922770348
187.32333860422023,187.9668719319468,176.05819181061432,162.46800496411444
195.7935023770636,188.99802215854857,175.10800563736677,160.4057045109109
201.23456880138372,194.90334060303576,174.7906969818505,159.15989181506055
209.4957572451001,211.04483371176818,174.04119213419696,158.4226496771543
209.51130285993298,214.2329955914551,174.01010090453119,157.28053241922416
216.8477242785441,232.82144905068847,174.9837942056232,156.61220982349067
221.96930589915763,233.1593468247214,175.18059154126487,155.9364142754248
209.08232562839265,230.54761329549882,174.89335760767366,155.94764243884575
214.1484596759737,228.1515496520506,175.1770062271057,155.53181136844518
195.97559606038584,228.4391714679223,175.082727440172,154.95656773670174
208.62256829401156,230.85428320711998,175.76404636511813,155.32139693674594
202.76261752113356,237.88149092191628,177.0610304786196,156.9013576555351
210.64492861542772,229.7137650717584,177.06697061563133,157.46624703025083
188.64979533986156,202.20423003733038,178.92940939489094,159.82553238426587
161.97520473959224,161.38955760213662,178.95256759179557,161.46584274920238
166.69081230707414,193.11998521310665,180.23965509740805,162.31480337071966
177.2746034416195,198.4446480405415,180.64291970406535,162.450901153724
152.43244218087386,179.08418531830756,181.71686399084936,163.363754637864
137.70300933923787,186.60438563521052,184.01363650031078,164.62060990834433
139.65593905335305,161.2467638072738,185.5959562290624,165.94224115138022
144.9688386885328,160.16292496996357,186.03789935638903,168.10991882600067
150.56635357578222,164.5866684882864,185.99355790528784,170.41312011275267
149.72046732245795,171.56186353034576,187.68533041193638,173.2968180524307
152.16745849619957,173.330304720497,188.47497722599223,175.44356483366735
163.91185423040764,175.4915115895025,187.90651380860473,176.8512331084135
175.66852111889955,174.47228742453868,187.3674074843714,178.88968143834114
184.83593249892868,173.57191018772704,186.33491034344004,180.69043591196439
194.11650175305635,173.00477968758267,185.11303933036052,181.82469691225316
199.67472351651693,169.1577474474592,185.5535738390476,183.74027237469588
211.53496676860115,161.5336977326769,185.09562171321858,187.3571046150908
214.8412731542607,155.20660126706417,184.34837917649511,188.2805570771251
218.2977956137126,149.06374676908405,183.3034247995524,188.83008498916308
231.23395663620232,142.50195252460333,180.87193739380064,190.2332561585107
241.4936986781977,136.39171636084558,177.88358753202064,190.76630567121904
250.67974018153996,136.7490733366308,176.92537607664042,190.05159171964857
262.5457882139598,145.07294508715563,176.30624221478314,190.7385698708357
271.7156077469289,153.59267251289725,175.30395132467683,191.03646319518435
269.53687772566366,161.8735600819691,173.89360112200595,191.77811879264476
272.8375228783946,170.1506547071255,173.04919845537043,192.4945924588109
267.29549220839726,178.32231058591168,172.62414274406345,193.41495627819094
258.77478495306195,178.52751389961134,172.37934673780114,193.00454965079166
241.63586859192418,187.31948794253896,172.14647055868684,192.67595601563127
236.19175503482,181.2184159846821,171.54877665901253,193.3921789174624
230.52165720303694,175.38704012816697,171.39991750687415,193.56587581478814
224.85289872214037,169.4866811074646,171.24775021231247,193.87690959983803
219.26929388836294,169.39768226382026,170.9204934827311,194.0549072871267
216.6699184685404,169.33469134573753,170.37448756150482,194.18088912329216
228.6399364401982,183.45256626308313,169.38632547488103,194.63498160946568
240.23542952620812,199.89171898218765,169.1120217706701,196.13169987297005
238.10325768668537,210.52246703990238,167.6284318846151,197.86193801794298
238.1850638538385,213.05331123323504,167.46481955030885,198.55107829526878
238.1830913449694,215.77271758943075,167.46876456804702,198.87109587923925
235.55029140115144,215.475057730443,166.97053401079808,199.46641559721473
235.43363400083456,215.32603645571984,167.20384881143184,199.76445814666107
244.09835918137628,212.52069067640244,167.19441404004033,199.6018111753986
244.04484739166185,215.26956864337274,167.30143761946923,199.874734623105
244.14717338104822,212.57145137404675,167.09678564069645,199.49435837331026
244.13159961307298,209.7922526765173,167.12793317664696,199.28530574760444
241.22558640139115,201.40533551310497,167.1752305894011,198.76495304260078
238.4779428990505,189.66404994061193,166.91305062457187,199.21765630954468
238.49342205714566,181.19637844485186,166.8820923083815,198.8723263497773
241.13484595426777,170.93466075301143,167.3536461402095,196.37815522916927
238.2321104197599,166.4050077560126,167.43561832042036,193.99046344555722
235.37223335173528,159.0690211075738,167.4674650805518,191.59871461468154
232.62928284042584,147.87901106100057,167.3019739280297,191.3731660072641
238.42210239602525,136.24444438288077,167.00682778138085,192.06131343440381
244.0394842775625,125.14680111995801,167.07441199223095,191.65190401240017
249.83766667039976,117.68420294286447,166.76988244599886,189.6393475074236
247.63014341606427,115.66347469212577,165.5750745990968,188.07094965332797
253.51896784783057,127.64956617432165,164.9302479426879,186.36441110318356
251.49743733069104,134.2993623080597,163.4436846317373,184.12406752616687
249.25027036519157,135.56826827568122,162.46693341304095,181.58625559092383
257.84973592363536,147.4016447729411,161.5162079865129,179.58377685021674
258.6228712972591,146.02638235177187,159.96993723926536,176.96453260192706
272.57702502815806,144.2313132127373,158.5834647590633,175.25030388367705
280.81048021940484,147.48048408414556,157.88331373561687,174.00754859387615
286.5924233356785,148.48989299944154,156.76959844896487,171.9887307632842
289.6715166811483,148.91841629548907,155.7873212138939,171.13168417118914
284.9335229630826,147.38308252745688,154.9694829156679,169.05543884007477
277.53497653449097,147.83436110968523,154.4619283745882,168.15288167561803
275.1701431091243,145.67627702845243,154.1121908833971,167.38964549615932
275.08893189964726,143.7137463314056,154.27461330235116,166.25276536015718
272.46993309189145,144.11769537762848,154.4658168921943,165.4448672677114
270.0093127395468,141.79866311817983,154.34983583647661,165.04571002620165
