253.5,66.5,23,28
250.6970288017203,65.9494534142217,22.79283795847074,28.101093171556613
249.58001876418734,66.60392231829353,22.625692172257814,28.392932604265518
245.69623251851866,67.06342914449661,22.3716792876614,28.276077489452742
242.15015281646012,68.20483073997129,22.29762151177038,28.382013358506097
238.97866576744616,68.6412585282209,22.267273526644146,28.305823042401133
237.81221391435992,68.69960167243093,22.21515885732883,28.189136753981064
237.07218022638287,69.04554748272382,22.110479386422135,28.2896185568257
233.75432568503712,68.23884647402946,22.408511345401696,28.31860129328645
232.94696418521997,67.31071145035814,22.42824321887681,28.579880214469863
232.0922223653237,66.47666463057622,22.53409529373477,28.644342289099143
231.5626436215423,65.63526295685121,22.788730456819813,28.718100987593573
231.87131792198,65.17940531788915,22.98116828737851,28.820029834083588
231.43658778260107,64.31655149913297,23.036158242971094,28.916796825265447
230.29858830099857,63.904084197065934,22.86162097947,28.924886020497457
229.5719431023704,64.80165832945305,22.68663756622106,28.758011566228483
231.16312471573514,64.81070842924876,22.739235278393117,28.73991136663703
230.25739048597555,64.38309044118083,22.932069453465047,28.785830200549295
229.3600987117619,63.98363125945049,23.100353395584992,28.771598760856307
230.0585287995302,65.0666879056487,23.334812538149873,29.052464445612117
229.87126556583652,64.16404030239806,23.709339005537224,29.210225342471638
229.06544244333816,64.10533472593465,23.65648004733096,29.327636495398437
230.20441532410013,63.571746779922485,23.878133604806663,29.56161261442291
229.35627822868275,63.53750666887946,23.89364761211384,29.630092836508968
228.4711194363241,62.10555976960397,23.98060033876629,29.968939347962667
226.7459158600144,60.25529390260867,24.03784917742607,30.27631276799369
225.34631800697727,59.137368607784715,24.27525653198586,30.804304456631957
223.44640689874504,57.95825298710115,24.611599507879387,31.4307960777136
221.96727260671213,56.85028956206807,24.9271005286287,31.88487788556879
220.57765354143606,56.32140614674192,25.02734511831796,32.04964686926678
219.1482637132026,55.175069891189736,25.19468098437042,32.54802352009486
217.58436321682308,54.94910701293061,25.600015868220993,32.99994927661311
213.32886149222568,54.75575357297054,25.82208427952585,33.38665615653325
212.07089587775255,54.632579653735256,26.476982131571592,33.63300399500382
210.407839937217,54.44675966100331,26.96828761172345,34.0046439804677
208.8967355723047,56.174405999812336,27.114684701899222,34.383766822381425
207.87363574659295,56.04020403318016,27.227310891731687,34.65217075564579
206.15855521341484,55.488541383606545,27.7392978543749,34.782771353555354
204.0135435291769,56.34546417808217,28.09717606422598,35.0349983439165
201.5342365652544,56.65112349562958,28.092262466264845,35.41638521398291
199.9092888453324,56.5380058625906,28.34674161616178,35.64262048006087
197.67935753743544,55.912730347580236,28.78233364027618,35.88710386216172
195.17155758195764,55.216193723601826,28.713540245740596,36.263298449020326
193.16118473850938,54.048598879407706,28.648169789466824,36.5554300658234
192.06119848070588,52.75997348038069,28.798264352395627,37.082802911199295
190.87026822205584,50.92787765224246,29.109236182891145,37.64066153726893
190.10939095760918,48.63771400975504,29.58195990618288,38.02486559983741
189.442857421941,47.40730315247797,29.852430120024238,38.360493599401494
187.82559426208417,45.503836648767866,29.870571625107313,38.951041792191106
186.49171098555155,44.340102853277706,30.375450365778235,39.115621570777165
185.58093945921595,43.76789340782194,31.104811922296463,39.167858965535714
187.09065799867116,44.64735856432138,31.399875562459282,39.618595798585666
186.3163140315657,43.91960999235046,31.832036233739142,39.9575656795964
185.01132161578022,44.2667697659017,32.18455497455654,40.3919791778707
184.3573720967664,45.195568375276295,32.35134499382752,40.81659999663478
184.7584361159414,46.229476165701406,32.69953849315408,41.04942749113768
185.64902133109658,47.08030243618728,33.23744519391177,41.666852081233905
186.73992565322908,47.3761977483655,33.41108937262587,42.25278786836702
187.09877857043065,46.959362920075826,33.88290507054895,43.08645752494637
186.29866603795776,47.69287359290641,34.273182482264765,44.03933148574516
187.87236706168707,46.416276267906404,34.81838485236998,45.36165799655721
186.9060047433355,46.47468009972471,35.49116371386479,46.50479610812898
185.2667248487519,45.186394938634194,36.193004352203985,47.793006854895964
186.88332588904865,46.12900392204396,36.91817236549431,48.54670228399901
185.91471397328144,45.12357968130914,37.512610842491114,49.21476541093105
184.9948362553945,43.460916272678475,37.98969259025658,49.814744852175494
184.07214317113895,41.77765801687043,38.45547019057376,50.42204422740372
182.30591638790668,40.75512870456517,39.1949824501271,51.07063219855864
182.10111636598822,38.38887509540388,39.60458249396404,51.547858968256165
181.11438191647113,37.195363572748406,40.14566364188166,52.50249426245053
179.23452444798238,39.146301416612445,40.993822081920804,52.9679533201299
176.75855070251373,37.322464389456165,41.5156511860345,53.66221511656006
174.23601415489256,37.845723694081364,42.07329587988961,54.11150597443874
172.4810587751012,37.04086494088923,42.559701641379235,54.20947098177648
170.73582401227594,37.835992233683825,43.007849807890075,54.14037707575712
168.38407029503824,39.454969526936935,43.12921715796955,53.957182545514875
166.10282211420827,39.528947890948686,43.11209172817766,53.80922581749138
164.32062626469232,40.65070955319531,43.62849521712435,53.089696598040746
163.50296557754928,39.27454167158949,43.74251843526828,52.79943604896803
161.9078840786857,38.668163153801586,43.89533691004401,52.49352082306813
160.4788486151869,37.968068126403686,43.72055942966037,52.377286674173305
159.05456901542627,36.39055353260785,43.545486527139666,52.50868375972303
156.86745763660448,34.03292019760381,43.386658999451626,52.69090014439952
155.47456193226645,33.360158377396274,43.14993500283097,52.525166082166194
153.9051124244439,33.368751113274726,43.27906403793238,52.50798061040929
152.18715256869382,33.3168510861032,43.701571739614664,52.611780664752345
150.52156862468496,34.02549548197658,44.002495256431885,52.709614058605844
145.26729178227137,33.8148669641321,43.86067897051417,53.130871094294804
140.65392662001088,35.2053966885196,43.9333241692205,53.40117335412469
136.04092331678075,36.63199806128395,43.97325417746292,53.60999614133526
130.3398806133655,39.17522910891373,44.631252417305994,54.6630124272114
127.64208929739235,40.10590407942157,45.341756565749776,55.92504814186405
122.04405345652111,42.759245777514764,45.38980968970884,56.98866106441105
117.13133826803465,44.5966729608351,45.557216858783605,58.14281830171946
112.34644087925324,45.60047542244657,45.346640589134424,59.3953370609005
104.01622628606535,45.20643797867168,45.549404571288676,60.183411948450285
101.15162556258602,44.76476297195761,46.29533038609222,61.066761961878434
93.38580210134182,47.0235003619413,46.64635134710727,61.60949583573549
88.05589529164274,47.53224737342778,47.10172292053084,62.29274215375829
81.11128875017688,47.59578866581312,47.24221667797846,62.165659568987614
79.55024394904015,47.403250309986056,46.926412377382505,62.55073628064174
78.55655256070335,45.89403013742664,47.19414067335416,62.129867664356624
75.94480802896976,47.44346708756281,47.26478026025031,60.74861025627462
74.39207464590854,47.999506608031595,46.97488391514121,59.636531215337044
70.18579556302595,52.0192299209144,47.0076562607655,58.300913245684164
64.71051131877212,51.92371315744506,48.02212318542895,56.835929845315476
67.52160804118182,52.86127952376753,47.34947652453053,56.6106460406442
66.440699916845,53.5266891804328,46.24020793015771,56.915369148836874
64.49473619046731,54.99823116614736,45.26517192143153,57.21692748506212
67.80201481060905,57.18160066557934,45.095195472213405,57.68362407949715
68.84722783518073,58.53951879023692,44.62029554056412,58.19884006517016
69.61335516869917,61.834353587441704,44.70370605143535,58.0718311823931
72.67642473675491,65.2298264969059,45.037910607250055,57.74122905539089
72.44599836595772,63.67463521443398,45.49876334884442,57.62066080220376
76.12124519562042,66.96798331869967,46.253872118444,57.51844653681238
77.33251138834214,65.47478573679564,47.094941576117506,57.2412398575035
80.1815011409353,66.0633194591047,47.961546153876995,56.06417241288537
83.18326729340407,67.9951618393023,48.505843695969276,55.4744025760051
86.73713744984332,68.38862351493486,49.58092640872714,54.68747922473998
88.87125127532109,67.63855820155933,50.237288012296,54.546080099982916
90.37368434031501,65.97629972142857,50.53198780564189,54.571031136910705
92.94570266173355,64.94846501244157,50.35253139489185,54.97184047752238
95.30919854220429,63.34282840423228,50.6002976493632,54.866608350332406
96.84089183952162,63.49880107656782,50.85802385403309,54.55466300566131
97.7093473180032,63.33599738940528,50.78090000380575,54.880270379986406
101.23738362657936,62.68049586116853,50.37939670567292,54.527631106705016
102.25443364852866,62.76216872810551,49.99705291562028,54.36428537283106
104.6897094203071,65.43477400423518,50.055878909893146,53.9484523584015
104.20580184016873,67.12604486729629,49.38611739710335,53.84106397841234
106.99779643720213,66.21693829372083,48.67786738257693,54.034030732383144
107.6738297832191,69.21337819137544,48.94276098027346,54.50899209599603
105.84127690877723,68.64445629005371,49.35072311174404,54.018264089932906
108.02220865991197,68.1829012391031,49.87118900988827,53.313931058362876
111.46376468093582,66.57542226738867,49.48702253042549,53.27941622049926
111.50478966565245,65.04518409691309,49.40497256099224,53.103705367557126
112.17341185530005,63.05817010581434,49.68177533594897,52.235591886998925
112.85578534741101,58.59156511617281,49.921900285702556,51.53957026242891
112.7765441342571,57.85389523669241,50.08038271201039,51.41714235928197
112.60610478934993,55.53447826505046,50.42126140182473,51.26092160907517
113.2160029225729,53.91428541382233,50.802745707035854,51.29874616821729
110.76897862606643,53.02991975329176,50.87311600002943,51.45958472260533
108.40877022736532,52.95539877805308,50.75893686403491,51.60862667308268
106.95043999917,52.755666948818956,50.451449857759506,52.00809033155093
104.87667622027473,55.918305998121156,49.758508882776525,52.13677027664457
103.60884644201386,57.32112512769879,49.08508685596234,52.54021360082524
102.50775337621687,55.699208716499186,48.086938635607346,52.58371207127547
101.35086880159206,55.67775031322013,47.23076952511688,52.626628877833575
97.83505381205137,55.729097310108116,46.40248252356507,52.52393488405762
92.7430892949186,55.083783827917166,45.6863579727741,52.25741133628857
86.79492244051218,56.707243002189784,45.250263681293866,52.09359998781659
82.51484095580562,56.13886088500634,44.61826519745013,51.69833731330735
78.22183307709787,60.0283767423025,44.109648671843715,51.49816583456664
71.74808317155154,59.32490487900851,43.51655418855786,51.400599084001456
69.60030214939431,59.35458226457951,43.33171027225342,51.341244312859445
66.73777227008426,58.67857274993913,43.09845735684741,51.2036851736337
65.28757960324077,58.03222972002172,43.031440416819166,51.01267009661088
65.43603113683847,58.676442221357334,42.734537349623764,51.20392075715596
67.92042241472313,58.43105241010917,42.19928050243696,51.6947003796523
70.43589728233457,57.4287230615806,41.59859239276291,52.22260520152651
73.67909399451129,57.84680627634966,41.01271539204077,52.861567877896206
77.55604945549752,56.2740046376213,40.635745481352316,53.05639475083933
81.32022278066043,56.10486670242699,40.4685082738365,53.39467062122797
85.80965596298553,56.12155946956095,40.33755393305421,53.36128508696004
90.19324712665272,56.745027553782634,40.40239852337278,53.58635340479216
94.52743045378992,56.0557927820561,40.592989359060596,53.48833003325151
100.44053955904377,57.498192111942316,40.59166820971983,53.55975563877082
104.80305942563596,56.56788760899838,40.7417043298075,53.94118533577999
109.21650187054125,54.93235884236178,40.839474244968734,54.237357934062594
114.32824793250293,53.487733753627786,41.07084489577192,54.13950446160872
118.80021933860431,52.24598696668428,41.10194375403944,53.63131747867233
123.16864522652237,50.88102225854643,41.29667243656869,53.38405340882623
126.76289734022748,49.553052920982594,41.54813967067947,53.06400349934552
128.8873285736443,48.231992392969445,41.76085697074532,52.73173804410549
131.28297945212762,48.2353002402436,41.426243789298454,52.72512234955719
135.11391247854976,46.81645834808642,41.16451312238681,52.60275197949851
137.98645661575688,45.42770076955202,41.315027386574556,52.432465867266295
139.38086886630506,44.911727108143864,41.473684685596645,51.990672290023376
142.34156129682793,47.882110158743984,41.430492768043706,51.92809913231587
143.08737111712267,47.94089626351278,41.406761727653034,51.81052692277829
146.61156897758974,48.67169834771421,41.68687253962485,51.81462406095662
150.0875411095183,50.16130851546704,42.086445647600264,51.77601067418396
150.90417835926584,49.961302621790324,41.92934972060835,52.1760224615374
153.7007184391776,51.88709173950791,42.25537538376123,52.76377359333455
155.9535735489636,52.61207338441295,42.23189047621405,52.80788540753272
156.59389299804195,52.427737786166944,42.44562244729697,53.17655660402474
158.7559267883238,51.975018515090945,42.63202081362731,54.08199514617674
158.60144862389066,50.798969792036814,42.94097714249356,54.913707995025675
162.31618600344112,50.57738312746331,43.20216398387272,55.3568813241727
165.89971522235655,47.906908550027794,43.78089259197372,56.050358251484596
166.40877715749133,45.90939253868639,44.331943205864604,56.90704130584649
170.14347778694966,43.257725200313786,44.818726875390546,57.43666502552614
172.24545402467015,41.40747383367157,45.436534106301764,57.922661287909094
175.38603182428272,38.80379728548948,45.65430622421099,58.25581859642249
176.95243715301314,35.91715648448441,45.78823322667621,59.12899370854362
179.3269615600094,34.01971924897198,45.98587586193723,59.62607388006607
180.76457941943502,32.16569618327242,46.43005775065786,60.01470240389334
183.95089417710946,31.36176847331248,46.74894492419048,59.94967865159285
185.51291562915878,32.0611543699895,46.97905253541475,60.22798211590025
186.25172311617197,31.875890004498963,47.18651113120621,60.598510846881325
190.39028614502695,35.18960903118766,47.37995263294082,60.74752684105963
192.2862600406333,37.603468472497624,46.98708219953318,61.01842399514726
195.4543206858136,40.23734978881676,47.44008898824461,60.842507421813025
195.6848667077335,43.461622135458114,46.97899694440481,61.20183932496931
200.25892986043496,46.77022906743707,46.33062209678242,61.384426627235825
204.82903253931104,50.04116948848575,45.65118404734178,61.61115963178767
206.61010949475252,51.065623810758446,45.4580093030738,61.24674057054979
210.22315941657956,52.79497472641919,44.93504796068065,61.13960798985876
213.03557136737163,53.91147953461817,44.30698465005216,60.57218523711267
215.07252413666535,53.115428632947,43.5264140127595,60.517619589807595
216.00149605046494,53.155476214663025,43.30148756950023,60.43752442637554
215.8306100466692,55.03077640015608,43.643259577091726,59.943131343401305
214.87351484363538,53.78256432574903,43.931225034508216,59.187105594913064
215.54385936080254,54.076364742297464,44.20999763780355,58.59950476181619
213.90635498999742,54.49590288029691,44.25485066517763,57.76042848581729
213.2337245347832,55.956924230802095,43.997095243554114,58.04441844891089
212.47081516602637,56.90982008630255,43.9197722105672,57.74176850841049
215.31984893264075,57.878964163316276,43.01350132062503,57.40074590214523
214.62222533773928,60.33747265741447,42.83148485436173,57.21551988214746
214.70773106891707,61.94190117130946,42.66047339200615,57.149597211383266
216.3268411077634,63.45243210496368,42.55758577596353,57.263867805724914
216.46594145812762,66.90719964774493,42.27938507523515,56.62521512794537
218.27112236516027,69.1873600366331,41.775925767398675,56.72524810951232
217.72470676222002,68.96322662329028,41.32203002995199,57.17351493619793
218.50982709775724,69.49807057408125,41.29787034542057,57.64990802115899
218.17352731113925,68.45043918804541,41.97046991865651,58.192266713187735
216.88975384662,67.51718157745495,42.96583105922886,58.48659614590244
214.8708116431491,64.80091501390007,43.81772538802062,59.140144155787155
212.84861028283495,63.0840777342692,44.628350649355326,59.34004125575532
207.4498817077515,61.288136228518276,45.62664091430906,59.66553530551944
205.50971846587254,59.70193564479939,46.198056055330454,59.529025130220646
201.9545447692824,58.087152596432794,46.66167829839968,59.43522865189833
197.62567107721378,57.320224711892855,46.98048880588652,59.30129704564813
194.36136589402128,59.16519633753347,46.82543944989611,58.9531836555546
188.4285071967302,57.82213850636754,47.04969703657859,58.31316794420087
185.97642340657217,60.65227985119358,46.98320728865166,57.62354258279177
182.04192845266462,62.46389915513909,46.626104774580725,57.29074094365518
179.66909371374672,65.30140351258078,46.468784673946445,56.51872180724185
176.60508710615795,68.01150529868454,46.117122660918334,55.9582746561886
172.88197959854347,71.53665341202932,45.535248747263644,55.3304495726059
168.48920404294356,71.7195828868615,44.80142426344471,54.96459062294154
164.8956188929059,75.29027570819665,44.14319963525982,54.099520922879414
162.7662459330727,74.88187012905806,43.766519759313326,53.37119014928563
157.78891136995946,74.46150178724972,43.02618902085726,52.684069709376246
155.61682293495068,76.39826149272753,42.85438028172954,51.821207371184116
153.63755600815517,75.37901216318727,42.34506984383239,50.88114316927251
152.49013023284476,74.30891786838302,41.706741451515285,50.08815181594312
152.16174949247002,73.03653803483172,40.919421288132995,49.74474819478208
155.14025833975256,71.94471206060732,40.66676407968882,49.07621990017043
158.81764925278333,71.60609583177737,40.37059861636819,48.34172908528218
162.4965087538078,70.60246906876041,39.991049144858195,47.55771479910046
165.4934465988809,70.1594275324144,39.50690443170724,47.06636512754368
169.7968872256802,69.50386438104101,39.07237467119871,47.01543284810878
172.06867573380845,69.50272003333014,38.59160782121587,47.01772154353055
175.71905100387738,70.91738101430306,38.02358159604768,46.88148930757256
177.3214008457932,71.85551628517547,37.489416625141665,46.34048612229054
180.23873531041656,72.57148412636231,36.9280078649269,46.22686548217487
183.7882723524565,74.75461676433532,36.36631882902861,45.783031235137805
186.471422603954,74.84369250391707,36.166274094439466,45.60487975597431
190.45407194816394,77.55647546824642,35.914505146553154,45.32166698767128
195.030571279915,78.33873398166773,35.70165172288614,45.03431356651939
198.93814219700627,79.66129166407266,35.50235255254592,44.92781242299029
203.4242083704281,80.43920416281168,35.38130431463416,44.63642801250253
208.51311038521013,79.46643311419608,35.26760237804639,44.06594458648967
213.3739390965661,81.72555223264297,35.525344331554216,43.2899811156783
218.1620262930376,80.6914094320025,35.86660602555556,42.878907695223155
221.69456805470784,79.68176895182813,36.23466447019574,42.42047466624497
227.63610718596058,79.98456443057087,36.7286421855305,41.81488370875952
230.47011756168857,78.85734609487187,37.24190835478515,41.59680561187325
234.02294765807054,78.40223128528775,37.58273371065967,41.265954306268384
238.58934390328048,78.77654575349924,38.380924340932054,40.51732536984542
240.89856620433176,78.2849444906373,38.73199269728891,40.25814965595444
242.62489459614858,79.62355097522972,39.01097952477608,40.06869909418352
243.8716063678576,79.5883686817076,39.00819882154754,40.139063681227746
244.55583095559518,79.60828945141037,38.88613142145334,40.09922214182224
244.73835196695535,80.12863772195207,38.52108939873304,40.30235276032008
244.9510393619778,79.5080827022114,38.09571460868811,40.30222799124893
243.9275318334433,79.58137729605372,37.67374763696623,40.1556388035643
242.90460468433568,79.15694460063936,37.268594290341596,39.77900037197307
241.28476484354857,78.82040017210447,36.86871320534742,39.23890230685338
241.425723772341,80.2447893406167,36.58679534776257,38.78692359884191
240.9169516834969,81.01681851456297,36.41747825123367,38.429726525166465
241.00444380145973,81.05814432947088,36.24249401530804,38.347074895350666
241.6900612119132,81.23365608855957,36.04578117581752,37.99605137717326
242.95018550271632,81.27854969310934,35.85735656216247,37.90626416807372
245.25731882562778,80.69293488160172,35.88916906020456,37.915974005122735
248.96754308329665,81.38090742332847,36.60395357361068,37.702205068632644
250.5411795039205,81.35904899271708,36.967112051242424,37.745921929855434
252.3409053291668,83.0342741357141,36.89736209445162,37.92517333756318
252.93557142132937,82.56166042951523,36.88630976170654,37.69212089838079
254.74769566321802,82.72778161275458,36.78540028495486,37.359878531902105
256.5798961821656,83.08521614494806,36.62389951943666,36.645009467515145
259.0818232909054,83.27762321699377,36.23540959970123,36.26019532342371
259.94449608385275,84.50739091791311,35.6517270667808,36.08398602753364
261.92232035063574,85.54200480425374,35.08515195888005,36.274140538629176
262.64752929040384,85.99327722302034,34.75846346656402,36.49532508831604
262.25068490483636,86.50558070480363,34.43012867542912,36.59274168701923
263.62151136381806,85.77882082285647,33.925157287126275,36.927920686083354
263.8956608995744,84.58709467635765,33.376858215613574,37.08028104222082
264.67300087511404,84.68246331770249,32.93135625322103,36.889543759531165
265.489225188051,83.66883862196673,32.39800755462156,36.7185932964535
268.46782544522165,83.30232709043473,31.88040009449324,36.36369774867492
270.3744400301747,84.54453100082205,31.289561709479038,36.02755045116155
270.7096097829082,85.50700018990635,30.61922220401202,36.221522779757585
273.096862382679,84.95988994873738,30.051458682021604,36.264057842707736
273.49257134965603,85.5418334643636,29.260040748067425,36.143363333450274
275.8905922523814,85.55416779853232,28.578190291797256,36.11869466511287
276.55416836667183,85.29046400177552,28.26815514359857,35.62898517824421
278.51838320733555,85.09832345126972,28.358059827364396,35.00868268798247
280.14889555695413,84.8857851507615,28.086614535451,34.43723281989102
282.36474039182707,85.01690830454945,27.588352604811384,34.174986512315144
284.0784799370104,84.72631378013222,27.074675446893988,33.78490825033319
283.35292312958757,83.93758249733855,26.611866808628495,33.44844856280947
285.5082418028452,84.06067744919068,26.07842389684133,33.20225865910522
285.2543967515811,84.2186745210974,25.654246664480546,32.886264515291764
284.9724185649304,83.40986217020856,25.29806563303816,32.663614407582
284.698485979932,83.1769342486613,24.934992795237427,32.21853224287899
285.3136743384207,84.59644737260302,24.602842565365002,32.074185456310246
284.84791059666685,83.8393541065962,24.64375930791915,31.807150506416775
284.05116903853906,83.64314248974718,24.462843382504417,31.312374219279654
283.2928854512922,83.41173420376151,24.226025584429323,30.898498304966587
282.53026045170617,82.56876628714647,24.01825278905151,30.851411343646863
281.8039893452294,82.50183420042451,23.74597010599553,30.985275517090805
280.6033594125686,83.02007571770334,23.567162812325023,30.808814868863855
279.89313567250224,82.10809434731539,23.278782239286883,30.923949556468962
278.27977179283255,81.27135701268486,23.099666081899677,30.894502267366768
277.1077849274475,82.1701033907102,22.89938835437579,30.793177150178813
