167.5,69.5,24,127
165.16336171405388,69.71717410332043,27.673276571892238,125.56565179335914
164.6024106099394,70.01865805045458,31.081977317454893,124.96268389909086
163.31887260529692,69.96645843367023,33.649053326739896,125.06708313265956
164.51042017118007,68.40673677428737,36.053100534535815,125.79295528164414
161.69206000134145,69.92964848738391,39.240972333959235,125.19598039570488
162.24046286804383,68.40625400882531,40.643714359032145,125.74322159434436
163.96265451492468,67.61198272704408,39.73247087635596,127.33176415790682
165.50162796812415,66.88345225445993,39.193429479886525,128.78882510307514
166.01767782783412,69.09559594432088,38.16132976046657,129.46371084217208
168.04639111618647,69.90933458091436,36.643886533463615,130.37621691868685
169.6043803686605,68.80902701045908,36.05247404491502,130.052266043198
171.13243099700622,71.15442850506096,35.50529638499489,130.37931024753686
171.41142119857193,72.26038453858875,34.94731598186346,130.67066323621307
172.85482498389345,71.34379292627398,34.557382282234684,130.00697258982837
171.5474412852502,72.39739298099117,34.69195866539598,130.37996349451922
173.0075772596131,72.45758522520372,34.25966093836647,130.25957900609413
172.03328785934855,75.08885442068872,33.730108754677936,129.95330258355946
173.50954070734986,74.1803999829266,33.24142943679485,129.30638508096413
172.15325445089817,75.97195358621467,33.50850590912961,128.16877391495663
171.6931439543014,77.5967876535365,34.428726902323135,127.3536618709215
169.56973962181394,77.82973465803471,36.235109895698514,126.88776786192507
167.97853323929775,77.28112786179308,39.417522660730896,125.5172796344921
171.27716736430466,79.76908918690057,42.84970019591519,123.04871843057661
170.7712200741734,80.9502913049374,46.39670086705695,120.686314194503
171.90933616547198,80.09483634794786,49.251234117745994,119.83184139183899
170.3748644636314,78.35846710479267,49.71609487605028,120.7004972327725
175.77092751136476,78.17188668697283,49.423476710607865,121.07365806841219
174.18612481659585,76.4193027061692,49.96802951561778,121.95377344549152
168.72408418000907,75.39676475838422,52.949815095063464,121.35141744315219
167.29617489766886,72.54906771839862,53.11409167513385,121.66372755390334
170.9049893779358,73.06560335420795,51.294388338511865,123.32961909424061
169.94819797777365,71.58420969492101,50.51711797129537,123.60155324527369
170.33974869571455,71.21416916646324,49.734016535413545,124.34163430218925
172.53969605447054,71.95018859757252,48.011785414767616,125.54725903683675
174.26422182630787,71.6820862077652,47.226889592863074,126.08346381645141
175.01939507552308,69.66181339533017,45.716543094432645,127.46628060958005
177.0378486241668,69.00575403798857,44.329872752415596,128.77839932426326
177.49225154202404,68.60722225905869,43.42106691670113,129.57546288212302
179.2337820573452,68.25965990342812,42.576548703456695,130.27058759338416
180.83159302588015,67.98790881472101,42.01389079484001,130.81408977079838
180.94236146038702,69.1989781399383,41.79235392582626,131.0223033898148
181.00667296477926,68.09516913437423,41.663730917041796,130.60068815543087
182.2779183904304,66.56398199497139,41.7421205839951,131.04218191598096
182.3705726360571,69.45612370273913,41.5568120927417,130.51508015112407
183.34561059540903,68.19001709652382,42.22443338786992,130.42959614972264
184.42758156731313,66.70064204295971,42.68925144186922,130.77958625904336
183.23890972241003,68.16196759107714,42.424327873863746,130.49920242062018
183.2123389806248,67.2396057247899,42.47746935743421,129.71050627993486
183.0051200291253,67.8456954305987,42.891907260433214,128.49832686831726
183.9197106540414,68.29695154244985,43.676258689224454,127.59581464461498
182.070627429375,70.15939364769386,44.75942194348371,126.48593362920046
181.393212662924,70.77510431646249,46.11425147638573,125.25451229166322
180.64948982764355,71.3144199130622,47.601697146946584,124.1758810984638
180.0932915205794,67.21293380712288,48.71409376107488,124.46752886722214
179.24082809270814,71.76326727785809,50.41902061681743,123.35058673948761
180.67464360880155,72.1154507913662,50.22698537772695,122.64621971247138
176.50742666683698,72.65270298654261,50.57534920875219,121.57171532211858
182.00174077839836,73.8090932767419,50.197574145439376,121.91164803167246
181.88529035306803,72.55970120682674,50.43047499610003,121.75952541057913
185.54739702070623,74.89631563107167,51.06481479750002,122.39199865320683
182.23910550313155,72.09100985710887,52.33491220951822,122.65612457800131
181.48713716217637,73.21318568488942,53.8388488914286,123.11133623305334
176.2292070279832,77.75629810033708,56.15657243350374,122.22324812846924
176.43223719511363,83.8451108404845,58.51105528253896,121.08779538135877
171.2760488580321,84.82457656082039,60.46819863425509,119.12886394068698
163.5103050603434,81.31078163962177,64.83837088282803,117.78546727298087
147.17172800591203,86.08491615421899,69.05964802945013,116.77396133245858
149.09095503115282,82.87955602319408,71.02578820251672,117.38008737096027
149.759799056418,85.96286695943644,69.68810015198636,117.10243708086834
152.49081353820395,81.21857599144647,67.14386631794541,117.83763362825526
155.41845887308548,82.40729888370454,64.17419308207461,118.3458052776314
157.0576578111276,81.86252878539116,60.89579520599041,119.43534547425816
161.9721438847865,83.26743187186011,56.67122869860093,119.42774212128445
165.59969145280215,82.47258751520317,52.14496582571572,121.01743083459831
167.36226102486904,83.22476693691158,48.61982668158192,122.18557193290401
168.19388142702368,83.17519287087194,46.956585877272644,122.28472006498329
169.69476821439162,83.44491671978733,46.55319157614622,121.74527236715251
172.14651894031573,85.53384765707062,49.399869015155616,120.15080345620508
171.18037786815344,81.5485078467085,51.33215115948018,120.28750515753961
183.35742716303503,83.51960426776185,56.101337065028716,118.9928836331885
165.81244553910506,84.56306888422179,55.9280633748658,119.61851108780883
169.45958897271436,79.8629433148665,54.0710663471874,120.8628274672091
171.2092437084903,77.93019831609423,50.57175687563549,122.02411942239198
175.2999592366185,81.9192040354966,50.367862456744646,122.02364462095275
175.1447058024695,76.66070443892964,50.67836932504262,121.9184465277996
176.1894446033256,73.5248850281965,51.2484388317947,122.87099113233742
177.6078425522995,71.67946274075894,53.7784767276401,123.87841881031592
176.74697016633274,70.65435931572463,52.757464471170586,125.92862566038453
177.24581208124576,66.85534132809504,51.75978064134456,128.01798184123092
177.10096221519004,67.34402034577994,49.282742805271724,129.8073613740454
176.86092081801488,63.86263681512415,47.01470557911587,131.27388839434457
181.14541844911443,60.700547683808935,43.90207214972065,134.86988574057307
179.91041097407248,53.05114310118482,40.92676236784669,139.2780454419055
182.4390776720975,46.56615943085046,38.5995912579603,144.05752592408305
181.66054111533958,49.18289080100024,37.402636734046766,147.08614609607164
181.9201219835029,52.65977132499138,36.88347499772015,148.45438809659686
182.85013257998537,58.10611692658223,37.80680895006968,145.91176232935854
182.60529438019248,59.896879566223305,38.29648534965546,145.09538883703186
182.36992665825306,60.565186785121625,38.767220793534335,143.75877439923522
181.28268247627815,62.04020917263563,38.1887328811928,143.56170590049857
183.18094330793335,60.662666155087635,37.13152487819162,143.57747827528533
178.14247547609432,60.948213507052174,39.04971064600582,143.00638357135625
176.56351979144728,65.87230275573059,42.20762201529992,141.40127393336817
179.33354821221172,62.92850474750844,42.235547256978265,141.7208878666052
182.5679821986828,59.947721474169796,41.34474112572245,142.10439257159615
182.90212047006503,61.49825536757184,40.67646458295802,141.78121048641387
181.58420136899093,64.8134383330254,40.55144061572403,140.6725688942712
181.98587566585945,63.16042062018809,39.748092021986935,141.23572931935269
182.27085581887147,62.075277662899225,39.17813171596295,140.6701960391431
181.8967917092022,62.084210040570426,39.92625993530147,140.6523312838007
181.72112535455508,62.12095425540515,40.2775926445957,140.57884285413124
180.56332656132156,65.46426560034467,39.856747592921494,139.36510544053465
182.3916436250472,62.75397787832097,38.91156571223189,139.3627763910588
181.53398823662917,62.03472446062861,37.93312842020951,140.8012832264435
181.62734815569377,63.07589116582497,37.746408582080356,141.41460277572577
183.06559589261857,58.24923355799842,37.57068418179805,142.96560477067675
182.8990809917866,58.75564232749309,37.903713983462,144.67206369007232
184.19581361809819,58.78534706744291,38.05980472195114,147.36221020128497
181.1256591665044,55.21400013488007,38.61947966590141,148.92427010717333
184.14666347567695,57.60987548091438,38.223167475553986,149.77821584310237
182.69128078378074,56.772964664569855,38.3065849512609,148.62468956770596
184.1551814466367,58.72502948230289,38.191506389628486,147.53328269631942
182.51792186324292,58.860381606847184,38.67081467684818,147.26257844723082
183.60320120945627,55.99416310302084,39.300714034381926,147.39409935496258
182.00075421918734,59.729907855095746,39.69142516509041,145.55097555047155
181.81849908296616,56.957846162028844,40.05593543753281,145.50393242541693
182.8938790404845,62.21926136132424,40.70693774414991,143.3863886917875
180.8354458474178,61.16110703689917,42.039714927674595,142.71860813802888
180.1015519435593,61.60209305729748,43.50750273539161,141.83663609723226
176.1792777841183,63.96402662822803,45.72356314178981,139.92701291161302
173.6999056663513,64.50762402205953,47.85433781552226,138.83981812395
171.819562098236,66.89021978518767,51.61502495175286,136.92606932697032
172.98304517872754,65.1025561325628,52.18022456966427,137.60923085332553
176.18008375213324,63.21477634544466,51.61040809578276,138.47266009109686
176.34044444916282,63.32680964041751,51.289686701723625,138.24859350115116
178.08505895856948,64.66157338754932,50.70571541434093,138.48432373831818
176.8350973370408,64.19935726652866,50.307547290348616,139.4087559803595
177.0910446702921,65.78552386119368,49.79565262384604,139.14053740202618
177.37739314116337,66.26376490715737,49.222955682103496,138.1840553100988
177.44036568013746,70.06478208091731,49.09701060415529,136.3159368378949
180.0934406594278,66.65149718505732,49.46681262143042,137.466554653759
176.83392896284118,71.96033630902012,50.26359031222578,135.43224495940026
177.25284743548534,69.3024290522788,52.27216457114047,135.0552370644769
174.35977752424947,68.09892818810238,55.18118187344045,134.58511627265796
175.731925705371,69.18992666585505,55.3591958137677,135.32542961972294
173.23310915660483,72.85766292531858,57.42067709755568,133.86226072828464
175.7329851002703,75.71103473786583,58.32409185229347,131.1071004242245
170.3685747217584,74.60028365697593,60.270105196707775,130.40100011513448
171.1345402170358,78.72263806092886,61.689654656996964,131.0107326597606
174.69845748207797,69.87201020761627,60.532138452353784,133.78619255278286
179.10274309679914,67.94101077119275,60.73940357893119,137.6481914256299
181.01036596518904,66.40467490787216,59.98911874777672,140.72086315227108
181.36714972385008,65.23509225432409,59.27555123045465,143.06002845936723
180.58536762092862,60.661482774013976,60.839115436297554,145.9725600118072
180.16209417916733,60.055573109787446,61.68566231982014,147.18437934026025
179.95243809462465,59.115219176188916,62.10497448890551,149.0650872074573
180.01142606919905,59.39551859252762,61.986998539756684,148.5044883747799
178.55576623987977,61.17957523586371,61.654248668193375,148.18044461830962
180.15469474256696,62.19432065221308,61.68987721562384,146.15095378561088
181.63926550640562,65.03914149730566,61.925543002451676,143.66611940993087
181.37978294927402,67.89419340861065,62.44450811671487,141.12906031328083
184.11295893123122,66.24314371434934,63.26904696100446,141.28571429770147
185.21805828889853,66.82909504778333,64.22106709692702,140.1138116308335
186.72486950732957,71.64210180921576,67.53124043106202,136.81159387896574
185.9812221541116,73.36465546746466,72.18995769437343,133.36648656246794
181.75848150670893,80.33280015157794,77.43437083345748,129.03340166140526
178.25870894235285,87.29411069644095,81.20793926006324,124.78871067799837
177.86492996651253,85.79115544850109,85.22133833204705,121.34293893327178
183.5900409966429,92.29718168929737,93.2142528885268,118.05245476004941
181.22041006648837,94.51435284241015,97.95351474883584,113.61811245382385
176.9382777781058,98.49759028909247,99.85867371365983,108.98119036642983
175.7123274092466,101.79025835836978,99.0225422142071,105.68388646504633
174.96194398877438,100.87765836497728,97.30001250292406,104.28578989960388
177.67823152922,100.70203367059754,95.04154040455326,104.63703928836335
177.49606341544973,98.16935597369142,89.1186031599295,106.55875794609344
178.62063359650693,93.80599670215756,83.79099089618947,109.12853268591005
182.54117328102748,87.396576322972,78.98145646276662,112.85273863742648
189.25654073296354,84.15289317199566,74.57836741988075,116.33088965238373
191.21454883867108,82.72823217577218,70.6623512084657,119.18021164483072
194.49133366951662,79.46243163778364,67.07391896719436,122.74667530038803
199.2877280687307,72.71898680072697,63.395097369910566,127.36261417278487
204.56863182491,69.17935383810627,58.756354058386805,131.48034799760882
209.7724492713275,65.50523593252282,54.22995497952057,135.88796590179135
212.08215012500597,58.55751172469857,49.61055327216367,141.01103496156287
215.48167309866614,56.92218409112138,45.7258752328427,144.28169022871725
215.5024070190492,55.33133284334852,42.79454437310849,147.46339272426297
216.66925641173654,54.512549170622904,40.46084558773377,149.1009600697142
217.3174692340535,59.172150881896314,39.16441994309988,148.36186297179344
217.50500578548207,63.854290110755684,38.7893468402427,147.47327071068506
217.52249832316352,63.614893344428296,38.75436176487983,145.14640696149408
215.81715888914192,67.54241581174894,39.39277531399303,142.83589266471282
215.37147543192285,74.94807046876075,40.284142228431165,139.0314850101054
214.96086963766965,75.40533596034221,41.10535381693756,135.40224119568833
211.62545233034564,78.30634868597735,42.418898341149315,132.2788607896362
211.39891198154527,77.83420141386198,42.87197903875006,130.56455346694716
209.80975852510096,80.51181845673042,43.407724320429594,127.85188101241933
209.6708190239777,81.41907141254862,43.685603322676116,126.03737510078292
208.09736239842158,82.05507704812642,44.23956429275887,124.76536382962732
205.01390459504432,82.66294059794593,45.23675209555634,123.5496367299883
201.92087853510145,82.21681299874587,46.251728252621916,121.85635394697834
201.53060910161673,82.63734105562406,47.03226711959134,121.01529783322194
198.6261348308452,82.96714062565746,47.6782037207516,120.35569869315515
196.84120566515566,83.45501475437962,48.66447819978076,119.37995043571084
195.4769191651602,83.67853473975374,48.8059242240555,118.93291046496259
192.97036013623972,82.18957818107407,48.652644450578194,119.32762466666277
193.04693075804892,82.03041519698559,48.499503206959766,119.64595063483974
193.37075611497178,80.0861680409321,47.851852493114045,120.94642285131502
192.6568256729601,79.65809841138365,46.68452791384434,121.80256211041191
193.49793576297995,77.81311976459571,45.00230773380469,122.90594563235241
192.99870845522324,80.52421049138538,43.42867259702568,122.62794368335787
193.75935971671515,78.7966416584552,41.907370074041864,123.54346194253196
193.27257462087238,77.0127646124579,40.35595249218949,124.58622826098863
192.68215367084588,78.1877401096796,39.02537891959402,124.74769273919372
193.51162372104696,78.18211400028406,37.36643881919184,124.75894495798481
192.89796543966378,78.32267460784298,36.13508075561079,124.47782374286695
192.24669057068652,78.32690380281466,35.00582667844613,124.46936535292359
192.79693959350124,78.61625916532259,33.905328632816676,123.89065462790772
191.83022075769267,76.98791083609841,33.45694577523334,124.76553075715563
191.88864561948373,76.9324687378221,33.340096051651216,124.87641495370823
189.35248418468063,77.07322938664628,33.642273899954624,124.5948936560599
190.4181865499564,78.57349278727186,33.89766538812951,123.98116307353516
188.91573221926774,78.86700707324641,34.51962235871511,123.39413450158605
186.3790299034602,79.3278967907717,34.820351246429794,122.47235506653547
185.93847010451205,79.74980294053339,35.70147084432615,121.6285427670121
185.8429539118078,79.93905732966661,35.89250322973466,121.25003398874564
183.09890446780494,79.99748531370722,36.61726642014744,121.13317802066445
182.95154512831806,79.99443623431623,36.91198509912119,121.13927617944641
182.6714154990339,78.86242779450285,37.47224435768945,121.00428102509312
181.04114327312837,80.34777893232146,38.32532687281013,120.44104068614632
180.7045574610106,80.91257008963122,38.99849849704569,119.31145837152681
180.5023325714051,82.43479649553072,39.40294827625666,118.67853775369582
180.39020058393058,83.8374719463896,39.62721225120573,118.2831297509208
180.25410235039286,82.39077750748723,39.89940871828118,118.76809994245708
181.63191939486586,80.84319054004743,39.564073942850726,119.44297456382111
181.5103081459752,80.6843924706754,39.807296440632044,119.76057070256516
181.3736604714876,79.38646175117655,40.08059178960724,119.92369140977078
180.9668428138587,80.61113857120378,40.894227104865045,119.91440062803264
180.3618579019141,82.28358968541957,42.10419692875425,119.0242911130042
180.74799875081894,82.44646920099633,43.79602751002186,118.69853208185069
179.72604959144874,82.66984617088335,45.83992582876224,118.25177814207667
180.25707344386026,84.19375029324013,47.298311980346725,117.72440375377062
180.99074784620333,85.5003458310791,48.36989254510358,117.65014204753567
180.5209065794731,85.37548963094349,49.30957507856408,117.8998544478069
181.2492390928154,85.4913785720203,50.4301482616725,117.6680765656533
184.5892559851875,84.26742008550556,51.531315577723916,117.52225983841755
184.3647153833522,84.53483859659349,51.98039678139453,116.98742281624169
184.22417017935186,84.97250467131227,54.87270103945609,116.11209066680414
183.49410026775843,84.10690392960055,58.98198711954737,115.19414589332312
181.17613385058615,82.04428229842802,63.617919953891914,113.90542081017342
184.32645382202128,80.6131958541587,65.61965886846585,114.00013407956402
184.01533643253532,80.09648941155648,63.439004938740226,115.03354696476848
183.0340524292287,82.95825144442097,59.839422385943976,114.87217345844904
188.8453098161048,81.3097533001437,56.36798461743233,115.45214407859007
191.8945601830672,79.557582143876,55.600551657760064,116.29095250399916
188.82862134325362,77.60386365432794,56.40355441448146,117.53395202164239
187.10382717953016,75.45096209905628,57.15659296766957,119.1432053579269
187.3075650736061,74.35892827067133,56.74911717951764,121.3272730146968
187.70320803982003,71.65688884491885,55.95783124708982,123.97348456931472
187.86489246863383,68.97835896712398,55.63446238946222,126.54805182238854
188.7472515507363,64.43926503547024,56.683899572568656,129.9979289910733
188.2243878041008,56.42600195186148,57.72962706583965,134.49390722367286
184.95505513969732,58.59324369198983,61.30210986250351,136.0917888077023
181.84385507901413,57.32246783747688,64.47223526137256,138.6333405167282
181.33980787760416,50.39587085344256,65.48032966419247,143.05226527009057
181.43751169286816,48.32528781540323,65.2849220336645,147.19343134616923
183.51784953346387,45.32506153524015,64.40761838162871,149.91051187733973
182.02089631181136,45.953556429117555,64.09426668320036,151.96078023131832
182.04066538333447,50.72886981266386,64.05472854015416,152.40422288448414
182.09992343484808,46.56772483089182,63.936212437126905,154.05238864352887
179.12080271539145,53.66509618562674,66.53569745601047,149.93391519414808
180.04679723052035,56.187853939288445,68.0288319219439,148.23352318301588
177.3382490723045,61.85571503206984,70.09928783172879,143.59108181074674
178.73554893031996,65.33899261016154,70.6197633239361,139.93960186280162
178.2516804784344,67.17383341124979,68.31683705520435,136.26992026062513
181.68377655785093,67.03875380723332,64.62974286284239,133.36298150218693
181.19044601259492,72.22383980622493,62.54573752019462,129.13414237052336
183.31300136123474,75.89990632694725,67.21871428325002,124.75470514919039
176.4005363790418,77.83332956784665,72.07644676146037,120.88785866739158
176.92762828332803,80.37819632461968,74.03666756666176,118.8125297676194
174.41943362333154,79.32987204596921,73.0201347507253,117.8927172569556
178.06683843411173,81.42634481501591,68.71099283384311,116.6854394235404
180.61552913909986,81.54251181012937,63.61361142386687,116.45310543331348
183.12917095134966,81.62342998933758,58.586327799367254,116.29126907489704
185.3950939701641,81.63023296238376,54.05448176173838,116.27766312880469
187.46921593302415,79.77909943022725,49.90623783601832,117.3426587204734
189.195683572102,77.96018958189936,46.45330255786257,118.40071841279934
190.76295124139963,76.25553626960263,43.31876721926732,119.27646380885203
193.45823542466542,76.03688612919873,40.41792309927493,119.71376408965983
192.09036740407203,74.50608110452097,38.2671792417397,120.33213418965437
193.84663254390807,74.43393159716967,37.167239061622496,120.47643320435695
194.17842762699993,74.36889704467832,36.50364889543874,120.60650230933967
194.38280473208212,74.1027005806322,36.09489468527438,121.13889523743191
194.256272534545,74.04259808229914,36.34795908034863,121.25910023409804
195.32903146420185,73.5981078571237,36.59269514592808,122.14808068444891
194.92463257706848,73.44574539077989,37.40149292019481,122.45280561713653
194.13298278241555,73.46624137243113,38.98479250950065,122.41181365383406
194.34671282265,73.68718873480259,41.012654452998426,121.96991892909115
193.8666076610198,73.50871861163142,41.97286477625886,122.32685917543347
196.2041957997096,73.15573399994453,42.31537889143716,123.03282839880725
196.24893874432826,72.99205082993706,42.22589300219982,123.3601947388222
198.76976946656268,73.00574654286042,42.240606285524144,123.33280331297547
199.9896175060143,72.93144975895109,42.328975397997795,123.48139688079414
201.2680016903803,74.21076826700916,42.30400129181672,123.45455412722887
203.0199420515591,72.84706544800983,41.3310769360847,123.6510033986019
202.87211240825604,71.5883885050788,41.62673622269079,123.65236864449129
202.78430891742067,70.3524224024476,41.80234320436155,123.6028874950529
204.57688067839422,71.4110622553995,40.74111631028442,124.0095244170191
204.89076056915013,71.25825892022588,40.1133565287726,124.31513108736632
205.29207157541208,72.3221794164271,39.31073451624874,124.69039711483663
205.66189910278223,72.27398398090305,38.571079461508425,124.78678798588473
207.2300423380552,73.53224514237684,37.91617037911191,124.75164305108659
207.5315703259255,73.86112626422056,37.313114403371316,124.09388080739917
208.83520770942425,72.65369370191094,37.154113761085654,124.06047180730658
209.71371899600499,71.51692611300865,37.84194271411666,123.88915545891865
208.76601765380286,71.68973146060038,39.73734539852094,123.54354476373518
208.04787906187764,71.70494795671567,41.17362258237136,123.51311177150461
207.50819777976892,73.0675696317239,42.252985146588806,123.29901402002291
206.62860072130184,74.61026859415726,44.01217926352296,122.74142532696877
206.98150591759514,76.06216998891546,45.85819104651418,122.38944471303023
207.65357189071773,75.02959764648433,47.094190779487995,121.87445771867354
209.26529604984418,75.61061602623232,46.465699922740974,120.71242095917756
213.17478865288768,74.10159724452765,43.7807063293799,121.16346271622395
214.7447550672783,76.12419632969767,40.64077350059864,122.16840619877394
215.9826540388313,73.08994248417079,38.16497555749268,123.27239695041362
217.80299607689687,71.314736771263,36.976700776683344,124.37039908090736
220.51855336728315,71.15863056544606,36.43747050480899,124.68261149254124
219.10422825588643,68.96722916869864,39.2661207276024,124.18475611313275
220.12412547464163,70.52621419185738,42.1976578768499,123.5524518601942
220.30246885986895,71.18070136396439,46.90179632464904,122.24347751598017
216.74101490447094,71.47005299483848,51.42790056905535,121.66477425423199
216.94737806950107,71.6494760199143,56.353526448380684,121.30592820408035
215.7679871731838,73.2090357967712,61.46295240678198,120.93745281613329
214.67340710647608,73.72062297758875,66.48612838342717,119.9142784544982
212.68863048150286,77.36188717895783,70.45568163337362,118.44202419537807
217.1661804963784,75.57461565549157,70.35260094311847,119.06589412914528
217.0354332158928,74.40010872090839,70.6140955040897,118.45670326022938
214.9897080520131,79.0550589820527,71.75198003567877,118.00750012645173
210.99409489240244,79.5582257377168,73.8110863906237,117.00116661512354
211.03227876528916,80.45288459670121,73.73471864485025,115.21184889715472
211.11534230802303,84.0573273583436,73.56859155938251,113.91808142351505
208.62128280097875,84.42066549639438,72.68590591924256,113.19140514741349
208.78452739400046,85.73599333620251,72.35941673319914,113.4705238159862
211.90725516169664,85.58367290469066,71.93095542247121,113.77516467900992
217.0079464990626,85.76252520425072,70.44723205446343,113.41746007988979
219.29153142675682,87.58426819107578,68.75573273506538,112.64964464223009
226.02115967563907,89.28713759495893,66.6396497726106,112.07969921829121
230.6693951139813,88.2631241419981,62.926464064805586,111.33608353977316
233.65890953654505,92.65496046428092,59.66512584171748,110.70548276132563
236.1790807428323,91.33781327577731,57.2775141987868,110.68704636868917
235.3816058194632,91.40818241961799,56.26099836317354,110.5463080810078
236.8891190778634,94.27968079908769,55.83784876681209,109.98706516294642
237.94445649644285,94.2614819050006,56.303547438627106,110.02346295112059
236.6241151349249,95.34745166424483,56.35928699142032,110.43646660287483
235.54050287572642,95.56271248697925,55.93454922614455,110.00594495740599
234.55713389205738,94.26268184521862,55.32296752345283,110.02768657089739
234.713582202395,93.15804162729059,55.01007090277757,109.66889387208576
233.78753135843658,94.57889499375206,54.30476477650813,109.38459495334902
231.591317674884,94.77176841446673,53.615113322479345,108.99884811191967
228.0158720024259,93.73285901209553,53.1956694420766,108.55322184155575
225.47939188936482,94.04973794143109,53.24932026818502,107.91946398288461
221.6732226701708,91.53055115836379,53.35770041869867,107.95519869043628
219.5104107040714,90.32648602137218,52.67588320537933,107.85960839166044
215.95033314403386,90.21237622536854,52.324547489870206,108.08782798366772
213.71256817476115,86.74692764734701,51.82462208264272,110.0432697939379
211.6769824630837,82.74544671305338,50.88070815339239,113.03114630991992
210.92974864590096,76.50673474316181,49.840700163144824,117.90514337586387
211.62693985596832,73.89832005310274,48.446317743010155,123.12197275598203
209.44562616274223,74.9699039584265,47.53473542023726,123.615909799947
207.20230036024233,73.08368333739543,46.76565218847547,124.76048362362837
205.09402611306956,72.18680689031751,45.72128167053346,126.55423651778419
205.38963397898831,72.03162104878572,45.130065938695964,126.86460820084778
203.0570412418295,71.42745321909624,44.53323723709273,128.07294386022676
200.63900628084033,70.80516673906075,44.0944760366408,129.31751682029773
200.58932064932867,72.71174661633077,44.193847299664114,128.1515246953059
196.45756820763904,71.66646697293355,44.560278241638834,127.6097260016322
194.92333807016448,69.75306737203262,44.997440481572255,128.80522716841833
193.21580443685173,69.48342310277701,45.75620034860009,129.34451570692954
190.09301195835778,68.18996410506496,46.64620331682255,129.2536427079709
186.93034407446842,69.5459815571402,47.58628714024751,129.2342337759973
184.88901685268974,68.58043888962698,48.95959815109786,128.4559756783167
182.52122602173864,70.5843276890094,50.97225603041238,127.17112186213951
179.90697950682517,74.37753166442397,53.460252371195196,125.06570728939863
178.1315363535923,75.847251970056,54.256822691547335,122.12626667813456
178.29356348930102,79.56848378835248,53.93276842012991,120.13539114663413
180.14797114686507,80.23196217901803,52.91516347781787,118.80843436530304
178.24042382764918,80.86519917701327,51.42211893988541,117.54196036931258
178.84234212822295,82.50900647684765,50.21828233873787,116.86376663440707
175.41853201490582,84.24084870630188,49.330844392929386,115.97843489964616
167.72821138246718,82.26644144136066,49.41236772904969,114.82754345327629
163.14990702701272,84.0994325968045,50.96503068167015,113.69620972848472
160.14786367417267,84.54377993647509,51.87789557552149,112.80751504914356
158.76830780120432,86.12519578388181,52.088297531733026,112.1933931440553
160.43551199501763,84.98391611847511,51.29734582099983,111.93249579797524
160.32075099733186,90.04645015003139,49.00104724311236,111.910710027899
164.7536545835958,88.83469920838864,45.10555305071584,111.84905542111883
167.63426423866895,88.82271662286293,41.75954353510807,111.87302059217026
167.45624534575796,90.06807152819937,39.7600005902292,111.73789151219825
168.35215453139912,91.6560061976001,37.96818221894688,110.87952076161396
168.4646316072047,90.46431137310671,37.74322806733572,110.9902439591727
167.75498322663785,91.9201247019621,39.16252482846945,110.3487584138262
168.8910088181102,87.39138469050299,41.464104769600475,110.25897618859298
169.68695068064332,88.70522360369661,44.52647279518975,109.95842423753348
168.00423158127884,83.4511558404853,47.89191099391869,108.57829570256573
168.91980280249203,88.60561028757802,50.89541075943582,107.93867122426721
170.32429435668053,80.9834228325243,53.00776003059266,108.4190489957732
166.8319783614587,83.4847522982126,54.98352647899807,108.42525560643477
165.9807014174859,83.27218941693098,56.6860803669437,108.85038136899799
165.5498989642344,82.70051279401709,57.547685273446774,109.9937346148258
165.46778084463804,80.86584703520153,57.71192151263945,111.0571366035073
164.25638018130292,83.93836472489578,57.510344363024096,112.78523665297561
163.26225900534527,81.84674330928674,56.8523196056832,114.3222123749375
165.30566977200112,84.46457441278933,55.42290656390865,114.40136715100667
164.77209976912712,84.95198274381593,53.85627743685971,113.42655048895348
168.67977018109312,85.37670197910688,51.22549761643035,112.57711201837157
167.1780733864029,84.28132751552869,49.16102983991175,112.23393026257845
170.06344160830713,84.15076795801335,45.88295286330522,112.4950493776091
170.1092229597517,83.92046201906247,43.35302226782515,112.95566125551088
172.64947137708876,82.55470363678717,40.67229357797941,113.2874098752331
174.94575178116725,80.68100021124405,38.43591151459339,114.67863798154838
174.10916611806786,80.21192936061264,37.77375931143614,115.6167796828112
175.6877926002073,78.11583747958596,36.95304796808135,117.47242182394046
176.36545451351472,78.21803763869138,35.59772414146655,119.61581921632741
176.82208736175016,77.18089684223047,34.68445844499565,121.69010080924923
177.33186832797128,76.02924941841515,33.664896512553405,123.99339565687987
178.75848528828675,72.78520571030195,33.19041448613339,125.72397928468448
177.5419478750527,73.74099785179729,33.22931357263202,126.20657074166326
177.2961550644727,71.44313954247832,33.72089919379198,125.99889419550313
177.68750454049578,72.58802772935522,32.93820024174586,126.11715638335154
179.17433540092594,72.27108600899466,32.35948364939533,126.75103982407265
179.32163685116333,72.32696290707119,32.06488074892054,126.63928602791957
178.54432819412187,73.62423421144092,33.61949806300342,126.43050174146747
179.69604879047935,73.42111885805845,33.728259086704256,126.83673244823242
179.932867369493,72.30937429947033,33.25462192867695,126.6402548379944
181.79922135120273,70.864696162043,31.930186670222486,127.12133840788408
183.48282734337138,72.28248553753446,30.952945297250686,126.67573026826665
185.0054247573895,72.50158399130166,30.272897532797014,126.23753336073224
184.98930078515212,72.63689002010105,30.305145477271747,125.96692130313346
185.95593447024643,73.87784589134931,30.714747267398575,125.82787872095238
187.85569190555688,72.72097798188665,31.612684813275507,125.79288833162883
187.40821677672471,71.31433518921894,32.50763507093981,126.24087217953107
186.75571993072106,73.92762953652137,33.81262876294714,125.79137647039525
185.7394025855235,71.04466929562139,33.43841930620562,126.74360865792183
187.11661183056466,73.75627292517161,33.097194215997625,126.14678819857002
186.443545114091,75.62259542838815,32.04496453508301,124.81250630599888
189.28854482807844,74.59419718286378,31.0744178304562,124.5095764353736
188.38223592336078,74.78086614492605,30.54995947645665,124.13623851124908
187.4903468496902,76.39602951711099,30.01186557224218,123.2277838184348
189.92501775459613,74.32209164169029,29.740311259120812,122.77787207258577
190.02857326459008,75.80756206823744,29.533200239132924,122.0943456320904
191.36929871488059,75.88240327877494,29.12563755327872,121.94466321101538
190.43026622458473,77.11055484648938,28.73968581821665,121.7523767912403
192.89989424508016,76.0711313893105,28.30833186294108,121.57727266274038
193.15041623844544,76.95781919889308,27.807287876210548,122.04714432747528
194.55024420685425,74.23872398604303,27.247844811968292,123.0049090080247
195.74607090431832,72.77552236642524,27.099030474333873,123.68847318996654
195.885409903604,71.2945399764166,26.820352475762476,124.4009215939781
197.11833605764718,73.30886007374195,26.608581103226822,124.88044327042877
198.28762167988873,72.06424116512073,26.52668600103072,125.1130049453842
199.52966700652922,72.95249861012816,26.300930069274866,125.59482477689446
199.46742081326005,71.80300830589493,26.425422455813194,125.63312618230992
200.57529122688908,70.34908909592735,26.473307647000414,126.27733858379979
201.70527462241776,71.20839204181739,26.486876084260892,126.83226792033756
202.81369404022035,71.0933762313267,26.551571078219162,127.06229954131894
202.8794913150545,69.46859036997482,26.419976528550848,128.02587648811297
204.07034185123447,69.37245271819364,26.335145246687617,128.21815179167533
204.15362654495004,68.97763414652057,26.168575859256457,129.00778893502147
206.33401975985146,69.01970682576993,26.419110818902894,128.92364357652275
205.2114930722398,68.92847738076402,26.354803753057908,129.10610246653457
206.26872196285413,67.66481555687648,26.55099791665798,129.3227741694809
207.2571449488513,68.76323460324072,26.891635348328588,129.44341948041736
208.30994727851265,67.626440241248,27.111809272460107,129.39122962094856
208.21869423354434,68.96844781135496,27.294315362396738,129.0365357972483
209.32362350282457,69.09768293681424,27.412368806793456,128.77806554632974
208.1295873370063,67.93903370588053,27.47384865351296,128.76877152328015
210.45677257220098,69.1295586007754,27.47478285903428,128.71537407144575
209.3554700865742,70.22958945084144,27.350462256434454,128.84223794516703
210.68112190573223,70.18042587301852,27.025448026190247,128.94056510081288
210.76644922454938,70.43393582533972,26.85479338855595,128.43354519617048
212.02161960893426,70.59924246726074,26.655441091300162,128.10293191232844
211.9460023381528,73.30014672839322,26.806675632863108,127.30615108091288
213.0944239108213,69.29918695326268,26.80417136346471,128.42505400335813
213.01487430279647,68.06029238382813,26.96327057951438,128.59295467880267
212.9477314609959,70.52039930401206,27.097556263115482,128.30336813947642
212.94593562075042,70.85403303699572,27.101147943606442,127.6361006735091
214.09294225979662,70.81743659187849,27.111776993786965,127.70929356374356
211.58315298538457,70.92373440053096,27.51961784957281,127.49669794643862
212.67907233422946,72.03792993588046,27.638568903925318,127.57909662778192
212.07716891902112,72.25540327396315,28.842375734341985,127.14414995161653
209.5085102799097,70.48942817721618,31.648346723321332,126.0134075666234
206.46408768725735,70.08435863061457,35.368118556651126,124.45447330785171
205.31040238637598,70.70410176647783,40.09265380068048,123.21498703612518
206.61607059642495,71.97385168477301,42.455507568976266,123.16258229373173
201.88733658248117,69.97012270062487,44.32431158130191,122.1109309183201
206.45785334794078,67.83087182178349,42.82865141054086,123.84097488928347
208.24529991372586,65.60545510351353,39.25375827897069,125.74578383023933
211.04559346717667,66.38634486475833,36.16075190500394,126.69158504068466
210.7013889701139,67.37905145175436,34.38561676220418,127.16971600361794
212.6461958550276,67.38307585071377,32.93302820580729,127.16166720569913
209.20932226830507,66.94075025963835,32.578189248138564,128.04631838784996
211.31456135275448,66.93938241352512,33.19819393997015,128.04905408007642
206.49657543167896,68.82071033521542,35.55313137689156,126.7134097051057
206.84032243427959,63.702280714770396,37.318131323576864,127.14029313844947
206.68646090750093,66.09089156470776,37.62585437713421,127.34598035822341
207.52236118054927,64.69496158882407,38.45413906757488,127.63775507345345
206.17272640972882,64.4651347964342,38.633817668138974,128.09740865823318
207.83508787430537,61.01791927832117,37.83852315968281,129.93298285306534
206.88227922525903,58.425925331177694,37.203531916306574,132.57636220588336
209.11234706791112,55.174660117733524,35.309466241272624,136.51282262250146
209.9247434284115,53.689107787316104,33.68467352027188,139.4839272833363
210.56577390485091,53.857701992977695,32.40261256739301,141.74344523647295
212.40284939272314,53.979975448402726,31.33227347545064,144.1027102094249
212.53570455956464,53.3445485821217,31.066563141767645,145.37356394198696
212.50030750556485,50.120313682467,31.137357249767195,146.5644930277958
212.47563258871764,49.74955779574768,31.1867070834616,147.30600480123445
212.43323733590054,51.409667717861325,31.271497589095823,146.64383274105455
212.06015606153767,55.22897189351272,32.017660137821544,144.30613163940467
211.28876948118204,57.7347369750065,33.56043329853284,141.92682755584408
212.69166457194842,60.93579567987476,36.01174645119386,138.1532618132045
210.358183936793,62.52540831733555,38.05651965625846,134.97403653828292
210.22740195145093,63.96586517777217,40.933931781546676,132.09312281740966
207.90360782201856,65.20544931027163,42.95292581179277,129.61395455241075
207.97627472461735,66.03211107399116,45.438116465829765,127.96063102497169
205.57524077880205,66.43576728161858,47.587931848723585,127.15331860971685
206.42339521312545,64.39113788960083,48.571188459048614,128.5630119147806
205.9317916749682,64.42908032542312,49.55439553536307,128.487127043136
205.27914533629155,62.56662878020748,50.85968821271638,129.47798002344675
205.1138771993115,60.750634779572295,51.190224486676485,130.33829364965908
203.1911146472441,60.61637177212579,49.45583301749366,130.6068196645521
204.0229707671615,61.637164365333064,47.79212077765888,131.3279342350179
204.76216563588764,61.83619552531661,46.31373104020659,130.9298719150508
204.78183516252975,65.14643777439237,46.274391986922375,129.73049230109623
205.40530695681772,66.24139635374955,47.720154064384324,127.54057514238187
203.59039369989046,65.62222526864285,48.662483225143326,126.09141995949975
203.70937943705871,70.65183818894161,48.424511750806786,124.08313629514379
203.94550004292552,69.79814110729544,47.952270539073226,123.13999912888391
203.63294046361239,70.46895625702831,48.57738969769944,121.79836882941817
204.56801503837917,70.86865810310897,49.32764726805258,120.99896513725685
204.27890252736108,69.95852673098588,49.905872290088766,120.19695788353118
204.4453760514737,70.38676549867034,49.57292524186356,119.34048034816225
206.10528387835677,70.78500645606127,48.85581952003483,118.5439984333804
203.50794245198142,69.55752766189832,48.8935485276099,118.42047909911851
204.84263812643275,72.29003235170013,48.80152281933417,118.11020100076874
203.90127342245387,70.63416056931037,48.112998427153386,118.85069076540978
203.24871790875213,68.74286644901646,46.8484322516019,120.06360180304259
203.54699974035685,63.8424482316158,46.2518685883924,122.17082602831358
204.00679377690054,64.139478153592,45.332280515305044,124.16084886496708
201.50406698384654,65.15182705554142,45.14571199596999,124.73216211378977
204.12885655687745,64.77515554536573,45.0977523606319,125.48550513414114
203.56142989827993,62.916815748777495,43.62189266387816,126.59147171336886
205.13670803325297,65.51710432294257,43.07103074638917,126.59028326995286
205.52443506000336,60.580324260379754,42.29557669288838,128.69494096625272
205.95812177298689,61.39486951254024,41.428203266921344,129.67125957285572
203.90296046371782,59.585406819188094,40.331823990641944,130.68683401215125
203.4099412506755,59.26850740419955,41.31786241672662,131.32063284212833
200.65221590332823,58.808926144709005,41.583860846214364,132.23979536110943
202.22128493731023,56.765036023923614,41.08839256468252,133.68490581624803
200.8939714129193,56.33821418676652,41.089012445411065,134.53854949056222
204.14753850999182,54.65225436203342,39.914100929581274,135.24435780087083
204.8008509659151,54.2694185482449,38.60747601773473,136.01002942844787
204.83074276187452,54.17281500773514,38.54769242581584,136.2032365094674
206.49466508290874,49.644878085399185,37.86222180210526,137.33198829906578
205.95513042275923,55.93342061050795,36.29583497045195,137.98218400860983
207.7617247735028,46.96592935184337,35.30779160966311,140.16629448174905
207.79247434842966,56.35621075599403,35.24629245980941,139.845716973368
207.88544884746034,59.74324845709182,35.060343461748054,138.33459052091035
207.68132067915516,60.56264153989011,35.4685997983584,136.69580435531378
207.09425044378207,59.4391293052811,36.642740269104564,136.35138770596737
205.2118540627522,61.02059354502998,37.798795930250215,135.79719632738374
205.90617779218883,61.45750384751241,39.03278191689505,134.92337572241888
205.43168658105805,61.90127074291844,39.9817643391566,134.03584193160683
205.05428672457143,59.52242985285085,40.736564052129836,133.51658559128782
204.89845099378368,56.833150884652156,41.04823551370532,133.6049180109487
206.32704785122525,57.77869201695012,40.84317297602865,134.3659669235592
206.18732807851964,55.946530896495915,41.12261252143988,135.37117379893192
206.05567100042114,58.4264577026011,41.385926677636874,135.76836987005217
206.0979634773303,58.65495241241899,41.30134172381853,135.31138045041638
205.88192141376567,61.3465567602382,41.733425850947796,135.2901470098215
203.63662490079287,60.404947945243805,43.5353391302871,134.48468489320402
203.73564849286007,59.196919204078625,43.33729194615271,134.1902877832416
203.6577364220615,63.9348451557932,43.49311608774983,132.82233667746095
203.87317844253184,61.00382120641116,43.0622320468092,133.31227777364703
205.8551696488156,60.49812329124798,41.783355968455574,134.3236736039734
204.6681192343075,58.76883617792814,41.481553516085796,135.10634454922712
205.43483169993567,60.1440915835573,39.94812858482949,137.71866953688976
206.09972383225352,54.63992653385263,38.61834432019378,140.65728213220447
206.7664071790743,54.49045640194633,37.28497762655224,143.66272052650075
207.37806400923506,57.32722274345154,36.06166396623069,143.43655130308596
207.8576345917134,60.18152917703196,35.10252280127403,143.12262357419382
206.82690422429914,56.86919599316758,34.48926871239971,141.72314547081425
208.71775170100665,56.56859608761846,33.35099419574088,142.32434528191249
209.0211536893732,57.7032113863288,32.744190219007834,142.6852258138938
207.80555266707972,61.028395541927,32.551857078545794,141.28192787279525
208.15204721694445,51.30667262373434,31.85886797881637,142.5238321643959
206.7118743000975,52.138441444615566,32.13494252997064,143.4645658051731
208.07319912846208,54.93506464814163,32.03501942083791,143.11677249331376
207.7941676450497,55.337839253488895,32.59308238766269,142.31122328261924
207.6358553610015,53.480383172648615,32.90970695575906,143.41072929676824
207.34739483262155,49.50580224323035,33.48662801251897,143.4493225294649
205.49759313700562,52.38971760898349,34.53778038920484,142.97839382705052
206.06700677440992,43.598840299538324,36.060889906065086,144.58852769592795
206.89536631860602,44.76439179653579,37.117664494786844,144.970918379047
205.23839993849762,46.9655971546685,37.69269941258695,146.04630334761495
206.35384110262356,46.135620316222216,38.2267021297976,147.70625702450752
204.69827550736701,42.315816276814715,38.73952634409518,149.74925115089138
205.29519168482673,36.94610526411692,40.382404938084555,151.97854032956042
204.91039529235533,38.2939048338844,41.15199772302738,152.18200404166225
204.55650644868916,34.05186191221868,41.85977541035973,154.83326726289133
204.4734068831551,38.94969078793905,42.02597454142786,156.90580091421128
205.88217048949812,41.03020115008847,42.207796573435004,155.74412943460564
205.87455574719777,41.57618116845509,42.2230260580357,154.6521693978724
205.91082592035497,41.308615844522706,42.15048571172136,155.18730004573717
205.78928433040798,49.51028760475242,42.39356889161532,150.69394549121182
205.6155937163218,53.58231046222872,42.74095011978769,145.46862420255883
205.37526919830347,60.299319077104684,43.2215991558243,140.58886753690393
203.94088732099863,57.78321289849845,43.29908523586336,137.24724687040444
205.4825895597812,60.11845495062492,42.96101091844991,135.32209292630316
204.45749919634252,60.900815323772434,42.29940884626139,133.75737218000813
204.63167193908325,66.17895567743128,41.95106336077993,131.2332614834657
204.91853904587845,68.73465482771607,41.37732914718952,128.75701205616963
205.06400219283563,67.350884405832,43.67583572154961,126.34568716338885
204.40034292078846,72.28468127569955,45.00315426564394,124.26960893194936
206.83446469390398,74.86397017180758,47.90975519059196,121.70264596345966
204.96960891711342,77.55748737738426,49.0323698353884,118.92270846109098
203.9772685077813,79.79265499396348,48.42997242449884,117.03945145748635
202.0910328441532,79.2519599600528,49.65324090805418,115.57163868160684
201.15461993524332,79.71677151176384,51.52606672587392,114.64201557818475
200.02844295780588,83.22284621692005,53.77842068074879,112.7682561128079
199.4528628042909,84.82599644847359,54.929580987778756,112.14328069329642
197.5768771997965,87.57736241958575,56.08933870756779,111.82497572947162
193.84865533214133,81.17834377146397,55.72283917603514,114.19242200325787
193.906911780307,73.30635021162807,55.606326279703815,119.39270078972893
193.3834000903973,74.92201325865497,56.65334965952326,121.58084726693842
193.4599076922011,69.22952385463559,56.50033445591559,124.6861675722827
194.93048018878608,69.71483029138614,56.36155251074721,126.51791774678316
195.02166621112877,67.81998011035896,56.17918046606185,127.4811021312838
195.04771371993508,66.17977959577526,56.12708544844921,127.9242292959261
195.1794528083064,67.12004219027361,55.86360727170657,128.8864824227735
195.0082480481676,65.68980605327316,56.206016791984226,128.8948861685786
193.45704903530594,67.16259226905002,56.450182834069125,128.80754572066323
193.18259275859492,65.22946125220895,56.999095387491224,129.81253608508268
192.77133529398276,65.10958013754912,57.82161031671551,130.05229831440235
191.1339751751238,62.7762869866456,58.19286639014474,131.81542045192066
192.27535001310088,65.12061325526645,58.84568153466047,132.9978975556188
191.76945114361246,60.40551236539193,59.85747927363732,133.53549551269475
191.13635087285016,61.95982280477246,61.12367981516187,133.41666776419206
193.47778277577123,67.49872906832631,62.46137539208809,131.36969431123683
193.90426871557474,66.94466312699686,61.60840351248104,132.47782619389574
192.59970940016134,62.338275247788786,61.2124178492483,132.67528907013318
195.3467793725943,64.63539315896371,61.72038201835361,131.082105304769
195.21629716013808,72.36686024387436,61.98134644326608,127.56611183501553
191.62356698948554,74.59827099321572,63.2868285076931,123.10329033633282
190.97177966776144,76.45821363357146,64.59040315114126,119.38340505562132
192.08189149557833,80.83305804721158,65.2351006616622,116.3635585606505
187.73498415555542,80.20631759647182,68.26622949347798,114.78569653801503
190.76968746864912,79.31270776102123,67.91550469858643,113.71357529326829
189.80111835367038,79.62598994543157,69.85264292854394,113.0870109244476
194.63928611158494,80.9111471944186,68.7585732234257,113.3774516967105
193.36310484310263,78.97056569443913,65.61756428474817,114.41192895884836
193.0508187766887,77.5113105520426,63.433180388818386,114.5214832148837
192.15573900527633,78.9556535313477,65.22333993164305,114.40621109541081
166.89957845442495,75.10027316431984,70.90081499903954,113.71043819803413
164.11524467622812,78.27892031938703,76.46948255543323,113.12845603228344
162.74301247297237,78.08290426072455,79.21394696194471,113.52048814960841
163.74809642871122,77.82680503001357,80.22692237648475,114.03268661103036
164.3882481551462,77.55936103846598,78.94661892361485,114.56757459412555
166.49312560485805,77.27339372949554,77.77139691243946,115.13950921206643
165.45411436003002,79.72369858014557,76.82573486584948,116.28626858325843
166.81099521087538,79.39808088723551,77.13719265875213,116.93750396907856
164.34084070728204,82.78953557716432,79.03731689176534,116.23496413756783
162.306806190408,79.53451373529333,80.04421214391687,116.62266025811671
161.3339949755078,75.76048310447328,78.90613986795837,118.00333210823908
158.50345899021286,78.0167197721575,78.39597702113889,119.66209359027998
157.20416264006147,74.10856655434353,77.89251624784923,121.27429307872303
155.78349323749327,76.76817610788659,77.61602625406358,122.19073156948102
155.93239283812687,74.72829176298075,77.31822705279635,123.14357347370236
156.0387148253118,74.11640650546374,77.10558307842649,124.36734398873637
156.05454929341553,74.40597677574823,77.07391414221904,123.7882034481674
154.7786619221951,74.88457339914474,76.48396512343552,122.83101020137437
154.9425811542524,80.08821348091251,76.15612665932092,121.77632439373208
156.0687318763726,83.07976666420447,77.00010425727504,118.88949706934267
154.32920275993527,84.37318445921834,77.41197084236855,116.30266147931493
151.97487002634244,85.28110491271823,76.05020526038899,114.48682057231512
151.8926804447096,85.71751500526551,73.22930361440433,113.61400038722057
152.1392394542167,82.23835350507586,69.81100456441861,114.72196132565679
150.89205946851337,80.49975665704551,66.53649565062298,115.31472057911638
149.90885233093636,81.9170290588004,62.82705755104573,115.31810196297224
144.1907279823921,80.16594137931183,63.164016711205136,116.0454549377171
135.42396819983423,80.17051038479585,66.74098538436778,116.03631692674907
131.2174466911387,80.56373561211598,72.30193708094431,115.2498664721088
134.43002375456427,82.61890974857508,74.67922726128504,114.07366630158788
140.54589589620576,80.99305375481177,71.31625462392239,114.3691210738077
145.23453343105317,79.87873983460327,67.74790488827013,113.69328624720345
145.89389061002336,78.28436584279362,66.42919053032972,114.04768773201668
149.84251675039133,75.75469475141028,64.16656748143609,116.28971529886223
152.42900566733059,73.43299046053912,61.80562829886962,118.12108522929249
156.94453225054545,66.8564600472747,58.37173343898591,122.87840859600229
161.92012731327793,62.16588716550102,54.03809692937064,129.4507775516248
165.47350321771938,56.077423355839315,49.759263601630636,135.9718682086624
168.88895362564472,48.985015959233536,45.773396246864905,141.6215826186192
172.0621705106474,48.16528456802091,42.27992861916046,146.1140115433454
174.90257427885405,48.032425875709734,39.45107599933447,149.23168384455505
175.4340096722407,46.1174276918978,38.38820521256115,150.21881206778653
176.8472219617118,48.947915773630896,38.39844158871522,150.23115781451287
176.3391329869368,49.322026819206584,39.41461953826525,149.4829357233615
177.4859786506535,48.382952619841674,42.81235723955363,148.5153696077304
176.6189736068626,52.182134185035906,44.546367327135435,146.70860213837923
177.57886278520868,52.272438396087594,45.529066219386095,146.52799371627586
179.47755081755864,50.70204461957708,44.649784601709555,146.75068682227356
178.59274528070392,50.77645636924706,43.514407057575184,146.6018633229336
181.7439814865649,52.48075567449287,42.975579956762346,146.07508736789657
186.45438302831303,56.44643949372745,45.012207845955636,143.87243521577213
187.67719896646298,59.446069015797846,45.43747589843326,140.74407610040888
190.2555029910472,61.37958309090682,45.94952339490708,139.71137572301208
189.2420879123406,60.40148360227994,45.14730622744402,138.83852737538956
186.20493663556152,59.28893987810713,42.815840002495094,138.26169189756615
188.8840641335279,60.57589941031617,40.208383194087425,138.43857102067312
192.8553356105171,60.169228522643905,37.67569058911681,139.25191279601765
193.3577571272973,61.43439914005921,36.670847555556406,139.3905699707824
193.63927543194012,62.908729500028144,36.107810946270796,139.09393514461257
196.3714853524827,60.91991962190677,35.91784075396152,137.79710525207943
196.56425728195092,62.99902362774898,35.53229689502507,136.25430518010654
196.58501921287885,61.62323776270364,35.490773033169205,136.41943803675133
198.2010253064418,52.68480601421393,34.84673658113427,138.76844712318496
198.2657772904773,54.904116720373665,34.71723261306331,139.5473747106896
200.98815481750444,56.191807743827596,34.50696912772058,139.58923844813754
202.4114992746396,59.35032679628142,34.27411752518142,138.49987496669212
199.29878114392352,64.04781613508139,35.311290745253714,136.88729085113195
199.53406719582097,68.97915397929278,34.84071864145881,134.7980894085848
200.80701025699219,74.47340702017583,37.40064026058924,128.91539106829154
198.06879163152777,73.87751617917664,37.840928454972016,125.07102369374388
199.8691747196068,74.09318437217182,36.71205307341964,124.63968730775352
198.98662347722612,70.50293405843018,36.03232416364381,126.9305251461625
199.39789930621984,66.61974525063407,35.209772505656375,129.76786756667607
201.11665844917113,67.8082564601732,34.261355686465485,132.36904808102122
200.19865556382825,69.04906979161117,33.589544345942855,134.90305564056212
201.9255263268673,67.77327907394977,32.66647029095139,137.45463707588493
200.78755088653688,70.98108516701762,32.39357168798858,136.13672385699647
201.1820654041658,69.11090625418285,31.604542652730768,137.3519006632926
201.3941716257615,70.49370099118158,31.18033020953936,137.1133994181365
202.37336706390235,70.65239894865732,31.737552462562665,136.79600350318503
200.94310567862064,71.69849815115481,32.07621397051921,137.22566636079694
203.1052160025344,71.97329256038081,32.82070953433734,136.67607754234493
201.80698989942857,72.57229920662309,32.87627278683001,135.47806424986038
202.91637224043725,72.46479211963734,33.18266952047298,135.69307842383188
202.6692835084325,71.62875854482479,33.676846984482495,134.83113500461758
204.13620424329156,74.72101994205781,33.27432180369089,133.70924478800453
205.64396041270544,75.13665617843634,32.766740616536346,132.87797231524746
205.997111182823,74.76926554803967,32.060439076301236,133.6127535760408
204.97812824397977,74.94425044611701,31.61493546300469,135.74625327086912
204.95562664320994,75.90420506295614,31.659938664544384,133.82634403719086
205.07334247061047,76.22431236503473,31.424507009743294,133.18612943303367
206.5462442036507,75.95087712357154,30.944052954328523,133.73299991596005
205.61031382750014,73.11838767595938,30.3521071354012,136.9341722399559
206.9093072215406,72.20928687880144,30.251301602412816,138.7523738342718
205.6102968685415,73.09533617016226,30.32869641899665,142.02152703037888
207.1534494765757,68.68335682933193,29.81013067313722,145.71000677162147
205.85133183917802,64.67615058447703,29.80526721459308,148.50622179465222
207.14780713046554,66.615132909667,29.86025847367743,149.92414082759112
207.07017579170412,65.51979906407372,30.01552115120026,149.44605860176185
205.46001069573344,67.09342979061843,30.570730438325896,148.9639180534882
205.2719190577675,69.13791187881148,30.946913714257818,147.544161749379
204.85451142573763,71.55053032755664,31.781728978317517,145.37564784495638
204.40633199458426,72.6567508511964,32.678087840624215,143.16320679767685
203.8472979733046,73.4714850424259,33.79615588318356,141.53373841521787
202.3804164006625,75.25844344099059,34.102369286166436,140.5873713603898
202.42819094955257,76.71600928393461,34.006820188386314,140.2923705184958
