110.5,101.5,30,91
108.36081154731758,101.71632332993607,31.434394041955947,89.56735334012785
108.91089567230229,101.29056339597543,32.18397020012239,88.56912879991329
109.62246633753577,99.50636686181488,32.60989788052663,88.43938384649199
112.4767353754418,100.38840005734059,32.466083589728015,88.53022538377836
110.9421321039581,104.37393387160571,33.68167860414161,87.97360386946336
112.2511287620361,106.86463583179335,34.798739174076374,86.72725383517889
111.95359322081728,108.76510880404042,35.39381025651402,84.79591325592943
114.3769913805912,109.82112952146691,36.104057788855094,82.68387182107645
115.53815972886164,109.85656120847804,35.61608979515488,80.77863974421352
117.64218993310203,107.8303120582374,35.00435284257624,79.43665286084169
119.22785020648564,103.78117507296727,33.60096795486397,80.46318419516224
122.43666693903526,103.80862478192103,32.45726831828176,80.40828477725472
125.40195436528859,105.99153979552506,31.737228364945114,81.25298964921666
126.1179894492472,104.19074351579175,32.04129112199024,81.38231635875849
125.50675276156622,103.39760241476009,31.520330055419137,81.22516411888874
126.63648865377222,103.59678272636974,30.992705304382827,80.82680349566945
127.882553243405,101.88791523311524,30.217237480944213,80.81121577052451
129.33413180878932,101.0055391813993,29.01657146037678,80.87347676375518
128.87062651921454,100.05196420607834,28.26189149411366,81.09893616898444
131.35581902379025,101.53274202968612,28.305138363852073,79.8085911480655
132.19447710653463,103.11244307855853,28.281397533396316,78.30276438535371
133.81290466365354,103.87772962520822,28.307791320143952,76.77219129205434
136.94296754798242,105.67156417544302,28.488468962787593,74.79472304441009
139.41702085454128,103.25575979606673,28.29569824231526,74.87099591051728
140.4569630664856,103.68059613507346,27.798553833177767,74.02132323250382
141.64351499926622,103.22535444970417,26.98706015920104,73.37019641165787
142.6605426499335,103.53342429996223,26.49065559749497,72.75405671114176
144.42538852575174,101.84084035929618,26.000690861833725,73.0994975764986
144.43678756252015,101.82695061465321,25.977892788296927,73.12727706578455
146.57854667769462,100.00497531730987,26.242110966279306,72.2234912521399
147.99219682407642,100.34535802471277,26.43036799352533,71.54272583733409
150.17602244722238,100.79270725614333,26.567025777766823,70.64802737447297
149.33866661018365,102.11251002690831,26.750657238757135,69.49950204603019
150.94009537961395,98.50908027068755,26.503605323579784,69.31684749926357
152.92412598176912,97.0159025277465,25.47723522029399,70.83235743463335
151.76766897643267,92.91784716454751,24.8420662750279,71.65826077118379
151.01560511621346,97.93699636309182,24.871891067047486,70.46577994460812
150.30023738549994,100.80773316097813,24.84480012646892,69.09778555485246
151.07008392817414,101.3526226076845,24.742896945868633,68.00800666143974
150.58854313148927,100.37676994344832,24.285617605516208,67.11899012246776
152.99036094496822,98.76209156334772,23.680099728213392,67.54960171623232
153.84945771446885,99.26691560873394,23.356449741910577,67.93449717815832
154.7593070345858,100.32531478248227,22.930895469118052,68.60598756554438
156.07341073925772,101.64160625260516,23.094569764974967,68.76528633049936
155.9767127130025,102.48504420259307,23.287965817485365,68.47961179402463
156.68967429627494,103.28393630301582,23.262707407617484,68.2824923498561
160.1856033187007,104.23323858560852,23.257825342474817,67.78128298061249
161.50829692213682,103.13775559002207,23.3927636304457,67.19192347694225
164.3106426973885,101.53817353950063,23.324930869700744,67.62265818310597
165.6449355312247,103.65808496815916,23.43459286849174,67.550206825484
169.76223569387668,105.06070718719063,23.540515309165404,67.52513664274696
171.8663342473813,107.91990122697024,23.507288010627306,65.98171837165886
173.30597244845458,106.77243711748231,23.366043720174794,65.53861447894067
174.0192492113509,105.05822853219235,23.299613935383874,64.88666042651538
174.83901044924153,104.12461521143248,23.00969393452519,64.05468211819003
174.89622648486386,102.74070980148873,22.895261863280478,62.8251196507596
175.1811789111236,100.8791376523505,22.325357010761046,62.609855732231566
175.9300580485324,103.86460214224348,22.12700508316581,61.83655214133507
176.4037708249859,104.01118408376476,22.46433970043556,61.543388258292495
177.4567048931217,102.59606721711057,22.93181851884929,61.80027503691561
180.07604912488165,103.24287554870966,22.888295976679945,61.80544985405504
180.11117817524246,104.71445191947744,22.81803787595833,61.458458257659885
180.905005072436,105.10883460610526,22.522227393604897,60.669692884404256
183.56983842925877,106.39192222245838,22.293401638640347,60.65393813103847
184.94915438027343,104.90081217087052,22.07648025859741,61.09444771222779
184.42925328569905,102.79428966086326,21.843046279550137,62.76102039585026
184.4283456455257,104.01151534254606,21.844861559896863,61.61937384120017
184.9873631697967,102.77016576738575,22.00336699892824,61.54899201637402
183.77583830479534,102.88230457679512,21.869597338260675,61.32471439755529
183.9217929098402,101.4305764412247,21.577688128170976,60.40983147884679
184.68828138871015,101.65093260153806,21.299125611933356,59.96911915822008
186.0213255247367,102.32438470442276,21.119169352756174,59.86528095888866
188.0478770627209,101.77300843842016,20.781016329349914,59.72971680670646
188.78302641652976,102.56955107322108,20.540953180279764,59.36686709565221
189.40752655268267,102.05806569977115,20.512643449158055,59.16914730136792
190.14302255145188,101.4865388915592,20.259006520886718,59.09484584852477
191.85476101568912,101.06040235419935,20.47055613314118,58.735443409668136
192.54054411351484,103.00234382624816,20.30939187123689,58.482766266811836
193.1850483108875,103.12843262759208,20.224248391021405,58.230588664124014
192.72559281324192,98.9895864395883,19.94444130543888,59.31597255488935
193.9940890044907,102.05018282287247,19.825617250717258,59.2402006077607
195.2492874058647,103.01240941681799,19.72688660043069,58.521580496100434
195.88528580702672,104.5388584665356,19.64868672506661,57.856276250585154
197.1840058946308,103.90472383093658,19.41703161847853,57.94165298747323
198.42210336861274,104.55218123529856,19.300589617786095,57.82661465238502
199.59493743042208,107.07937064946616,19.30714017389474,57.47667318350447
198.4864979381794,104.44440214172913,19.181523811473223,58.06161950516466
199.2391865508575,102.83609680014206,18.85341993108557,58.92368349840167
198.61027111450082,103.19323516190559,18.92774968981622,58.209406774874594
197.2701944900794,103.06797867530128,19.258461564357972,57.28519906093271
199.02225106251052,103.40863310438893,19.25724357087097,56.60389020275741
199.73618341561217,102.17307775372564,18.987284257047325,56.759190119324685
201.01638267566017,103.88941152297693,18.73725649608521,56.79207871952279
201.62909847803337,104.18455137420801,18.66290130056152,56.20179901706065
202.29947525203372,100.5359623962004,18.463465205649957,56.651072254541035
202.44531524410098,103.95058064820715,18.17178522151542,56.6861411933007
201.86492275036747,104.67013284026999,18.193379963321554,56.38622705483597
201.81890548970293,104.91671372945953,18.285414484650648,55.89306527645688
201.70766629231468,105.86539906052545,18.507892879427125,55.12570372064153
200.47903622711218,105.39250946095831,18.718821089048696,53.82515099899233
201.52734038001577,104.88954331788709,18.83916745166818,52.614128616708086
202.87288325150968,104.58510883495164,18.334821974493188,52.129627449672604
204.15979564113616,104.03643170032731,17.915594133566152,52.14968324975832
204.35970749059626,105.20404074011657,17.515770434645972,51.95437868240755
206.62260002809455,105.20680953759395,17.22949919644863,51.94884108745276
207.76937239564162,107.5688214922901,17.045082055698803,51.443072366749185
209.4358114323357,107.06955455484606,16.844178122391597,51.39761486161028
210.03858274981891,107.39653261211626,16.678298690191937,50.743658747069894
211.16092478443065,108.13067171469754,16.488260997749272,50.30270373029777
209.62625299810765,106.77444411501784,16.504897935669323,49.962452294931204
208.59280284768852,106.53743968189617,16.54572804587093,49.423426065856205
208.55528088434477,106.74569965472406,16.62077197255842,49.00690612020041
206.94282911215538,106.58886490283592,16.841019184849408,48.31902351328081
206.8932380343888,106.32109293360713,16.940201340382593,47.85880919947904
205.9214355268926,105.14223620263988,16.901824980097302,47.24355059849698
205.96785958253943,104.82991959580016,16.80897686880359,46.88667909447032
205.56707208831915,103.3902989345483,16.63583018029088,46.84175538611431
206.19169418400634,102.35233203981568,16.357526447523366,46.97580825836586
207.28776712020635,101.88604211883425,16.10097739544993,46.94058969016538
206.40595912321157,102.02451123840163,15.939344205026003,46.66365145103062
206.87649597421637,103.26699719589618,15.95400078585368,46.090140101716145
207.86876467253708,102.91807198599025,15.865104824877552,45.840169803695346
209.3656671123971,102.87957317124773,15.69921115282473,45.91716743318041
210.8422163759272,102.88969759258941,15.568249154447447,45.896918590497016
212.3501893493733,102.37097507734643,15.366405854677625,45.996329405275546
213.72930411510038,103.36456212698893,15.415460499533221,45.88067809019702
215.5661401867807,104.40176677341029,15.481836353403033,45.676292795969545
