206.5,85.5,49,57
202.22805959565673,90.06843331252315,48.20336888625167,56.87174768187554
204.33756341446218,93.17990683139632,47.2909971270463,55.60875446173748
205.34734618511828,94.33878259956902,46.89057604172405,54.91014738138202
210.45008608107347,87.63731225930343,46.29659762554395,53.89583599831782
218.09620474217218,84.39118766354741,45.1946476628004,52.504592212355504
219.3584819761452,80.18066032974345,44.2075868777478,51.700684782602444
216.13891660093776,75.72133172596011,43.10064941100549,51.56406012958037
212.01958802365812,73.02855974513452,42.403551039483105,50.99243374051044
212.8028694576199,73.39652704904879,42.30623543410926,50.256499132681924
213.54228403292834,76.69224617910541,42.283742324669234,49.49040503727594
218.67803087006178,84.82087006452095,42.12128280061939,49.118782359643035
219.57373895349346,88.60704234796589,41.76566124533484,48.72541085064731
221.95067929593412,92.48966803304646,41.283787045497355,48.08017028889255
222.31539112717317,92.74768469063551,40.55436338301927,47.56413697371446
220.3904027091516,88.22589628979013,40.24455581627812,46.901550168908585
215.46316497774055,87.00030400897526,40.499383654856864,46.609978266468765
217.40383437287846,82.36716566345206,39.359958699871,47.650513451645104
221.85985599488853,73.91731691766381,38.66004205801441,46.757269971867196
219.89985488150194,71.34168312941614,38.54911625901651,45.19032417207737
211.0647183211414,69.83886131971356,39.089365760168185,45.56057954231802
204.6911512423908,65.95515911962353,39.84763750705791,46.66750482549167
204.10180262251419,60.91872608431653,39.664950240640934,47.21067935291424
202.94799802411157,56.61948815306853,39.238900656249086,48.97500826241762
200.61708596450725,49.78687790173501,38.35241072358777,50.15652214837721
199.70478100336905,50.858841971368264,38.786281594653346,50.794072111532266
197.59345691288974,43.31284399897146,38.78630319212134,51.81064611135701
192.28129125894725,34.88491993087053,38.026370374192304,53.01313107456464
187.77879156113315,30.65635713737827,37.0295723782071,52.897287468737666
180.1027501972664,23.857007827692225,38.27516830588114,50.97885060804442
174.9741644681222,25.365718266274953,40.12027222201213,49.36344098790519
175.51678726841814,27.960973904169176,40.44233823623176,48.394864556551106
177.19121764985027,34.75365102170113,41.28630446983639,47.387991310894
176.81342618941946,39.312404638681656,42.041887390698015,46.64419727691748
179.99138103054463,43.52888852263864,42.66678285690988,45.19203465746571
180.11376179953155,36.59866596198234,43.80548186064279,43.834413820004215
187.58177964082677,41.52290534360524,44.05116018363247,43.647025787582166
192.99462149021733,36.28789349939511,44.27403751506336,44.449558574566936
202.1374264356824,40.21250525414232,44.1523045519063,43.58644157575449
211.73741688444292,49.502218108783,42.9144932486713,45.73259616757238
216.2047006628973,54.48316671298597,42.35497043742004,45.541584495766855
218.92237965608442,64.02242420987969,41.07152328974399,45.838653415904396
220.77971791310074,67.16096182924869,40.09314552179114,45.03417566932599
222.46575494251147,69.95085212671492,39.40111759592955,43.47446427383325
223.9972313010533,67.9584743104531,38.94763109597426,42.24028747210014
224.88901621533307,69.00800332038028,38.44234827110902,41.41951645594011
224.9535766439293,64.47076226762516,38.31322741391658,40.43440923221203
226.05876911927703,59.56774100950558,37.34285024563971,41.56039727152132
225.32043956842875,50.632158957334624,37.57738237297767,40.79965676048474
231.5228649307899,47.39307300213044,37.512764391984945,39.87368902465538
239.01285538064622,45.363987134763235,38.37383613258739,39.057690716215944
255.71537568357795,47.667961767170844,37.89211585895619,39.32727038950922
275.1464714768498,43.26088398213233,37.941950506476985,38.41341940107011
286.42212321508447,48.428276810984556,37.03458574187789,40.10304413884909
290.12023191868826,43.255961484430344,38.140047010231754,39.5169450662356
296.77432529266883,44.5589763960446,38.28372394987675,39.356708640753624
308.768083198096,39.83570762103323,38.74930388641345,39.02200789181994
311.7715776048222,34.49463334993674,38.86603099808306,39.90621095381776
317.0994136925518,33.00620096881829,39.3746852003679,40.40211429877818
326.64673553279704,30.236210827759344,39.12456407322178,40.91688856667095
331.7342038093423,29.430653325270153,39.03295799759105,41.267587261966845
334.4442898696197,27.502998874646035,38.67059826355765,41.329536873324095
336.47346439372814,23.362517119809034,38.39126122740943,42.0524763588607
342.1373037543967,21.161419722643448,38.462104601596764,42.655163788017084
339.5747677444932,21.285958440339137,38.47913436850567,43.68309691585023
345.4977143198666,18.596665260278048,38.27244091767125,43.88870563156693
351.1358085766018,19.311488306552583,38.634335786259506,43.752179914802156
352.38968572077323,24.643426348457744,38.72018043021965,43.46269956020383
355.5745404366755,30.161020396882133,38.81886968806454,42.776949366793964
355.718309199692,36.66490891026481,38.531332162031454,43.89972306142861
357.1915900373734,38.94544084537036,38.17964736913016,44.52841295614034
359.80796057927006,38.68296112921908,38.153024115807824,43.75184293082515
355.1681074651418,42.462128967107724,37.120035811649515,45.21711497091083
352.47592099738574,40.97004958100018,36.02901058454733,45.61111447808019
348.530605733543,44.49134044977171,36.218908292861144,44.98581009001356
346.7162030580035,46.33993171933653,36.0168637768238,45.119477418000194
344.90778533273334,47.60566944550599,35.80652180101849,45.13945358322506
341.17284533134233,47.40962875704277,35.64068326201309,44.25891520318695
341.74193088190344,47.71030876945555,35.75894231857477,43.65755517836138
341.43631358651504,45.088335952785094,35.121070781844296,43.90507630167299
343.0164111412095,46.625082349576516,34.44604123008752,44.55933184453843
342.9681671009966,47.65622216980998,34.54252931051336,43.73868030977761
344.24418540462557,50.81954889231261,34.45178568731712,42.33461283289578
344.6921261052173,54.23707197410138,34.76354485702638,41.53776952378223
344.53632775100095,54.33117315189616,35.07514156545912,41.34956716819268
348.14005328509097,53.234251104181,35.08283607837109,41.13836273659234
350.07726949419714,50.8724541106411,34.80656296328389,41.064410986171964
351.18397075089746,49.33438298969107,34.98076448064192,40.55914718193402
350.49469109974825,48.39864504401924,35.170530068484545,40.05303564436609
352.1811085532013,49.9147217098919,35.34969241787743,40.57287956891973
354.68443509044056,48.01623765491084,35.12273331129906,40.785077202956764
358.5202650489769,50.357569667741814,34.61847443183464,40.88068053570035
359.2048024788512,48.932590458423064,34.43733973633561,41.35475862583879
358.81704498516433,50.146746572290304,34.020521817139695,41.31111221124364
352.44336391501696,51.076590780173404,34.918532070498465,40.63635898417104
346.83683035974195,51.51241529362594,36.61968955971728,39.764709957265964
342.5752320033413,53.42032817187168,37.92699228889017,39.556831192588746
342.9931346081826,53.32579957899013,38.31133728382046,39.74588837835184
343.89204509673124,53.14675921364022,38.97190780387949,40.10396910905166
347.2584805812148,53.83374875004863,39.71058181540034,39.97524753298285
356.985260238301,62.73925218804811,40.33531402044163,39.732745736295776
369.42340165560074,70.39738231655306,40.67713918934836,39.54735028138962
371.7073543065533,76.47000346121484,39.899273286627974,40.03557265601512
373.9277303607182,87.3276535495842,40.49378523446228,39.72014471797404
384.5237508830381,115.82018267144122,39.51289310426648,40.84213960328622
384.54477982560513,119.72671363335115,39.47083521913237,41.88680978311304
385.28359195698044,124.65569306836252,39.27429247594446,42.277503069592065
378.62071532421857,135.8122836423847,38.475358039259746,43.07744725243417
370.8238921683922,141.22644419738023,38.66358645099091,42.5194047423908
348.47436683854073,113.84191723941863,39.90683753676723,41.05154156264419
358.53339439378584,147.5378583266373,38.912331062569294,42.50443447885925
355.44255514989385,142.71737476372593,38.68480067602614,43.172509180624104
344.72555280163454,121.68734783514218,38.21248488348391,43.99713623485363
362.685165534548,120.99017034741905,38.52072914635343,44.09765300570359
339.2779321481155,85.61207682954216,37.22277795961049,45.93605215337037
341.0297951779659,97.53506103499558,36.33463082924076,46.938083571107924
341.8427936893555,119.87364102911371,36.017354600768215,48.06615138360273
342.1068792645988,130.54401048652252,36.80993007783721,47.85735850967371
343.09073063787366,124.51992004953544,37.50323244086809,47.93101639053527
341.8185944377236,94.389991537794,37.361677962614245,47.759768646557575
336.5030142846965,101.15622102780154,38.626890665908405,47.60723481334267
333.51734169151933,120.30166581425559,40.529709292425395,45.93308427897007
325.6216460789445,134.54321423565895,41.35060743746806,44.66906576363077
323.269811045031,140.37832838782785,41.99111202569112,43.8339454049032
310.91377428269715,135.68719209053128,42.37622491527593,43.755733308075165
298.1508368293221,128.96079066578227,42.13115917728152,45.00124848374688
294.22027944963577,117.52604712313546,41.76040721396721,45.91909097520901
255.02596664625094,96.25149122258264,42.847127863057835,45.67607681759942
281.4179913270392,88.78310713651209,43.03083166785994,46.67396257753563
276.3428634350348,89.40232205542532,44.70679159841932,45.43553273970916
278.69153247546427,93.7015326560307,45.68766377968849,43.93487436615851
283.0409960755451,93.38036174620582,44.04529193616379,45.988527257135644
277.63730424730613,87.88604860275916,43.510492746764896,47.05274355388682
273.2011031950813,102.32804366063823,43.827375239720965,46.687152143107575
255.00040211713338,99.71532665181198,43.17233575699525,46.21159513943368
268.36916100918364,86.43834279935587,43.17575076793818,46.02463004930242
273.2801110466174,67.05791404620996,43.18570969536431,46.86260283246222
257.72452972584904,85.1929223529315,43.10553443041683,47.455076472136724
237.33446262518788,90.24973792676788,42.539206769115594,48.74736583829113
268.25473766099634,108.07246500189736,42.47901320034305,49.02072360829059
275.53316162359874,125.80779904258782,42.32236310780828,50.99056989185175
261.55283419730506,126.36935032003487,42.39274571519701,51.335376402494425
273.20029887411636,135.62451338979108,42.68746271255786,51.9916379231561
255.57681523510462,122.83076526983423,42.1934256426331,53.75179793110428
268.85407939213945,141.10807041720832,42.786586057528865,53.39410594164333
285.3631793558413,135.56434361341366,43.040128109592246,53.8950961921295
275.96482925967393,95.42621146825681,46.5953857270644,50.34342632069887
277.73792330440205,91.81901979428159,50.68074851026318,48.39994862146334
278.56667700782646,83.02823466899795,52.14368626944032,48.81907045888745
293.30498422753095,77.59559535539367,52.872305736052404,50.14585416840514
302.89132269486885,71.22713942513812,53.165922939769565,51.52742778152036
306.9736283328085,86.30329973248485,53.24463018983962,52.699717565435066
305.3135718933758,90.88695573914647,53.22792425239856,53.5428620010314
294.5752778074479,88.87455262011022,52.84595003474525,54.204812486871745
276.9171818539704,84.17817901695464,52.76024061644871,55.16853556812301
260.5855310139795,82.62652007670943,53.131902680541856,56.57229346882982
244.78311146111122,85.55516363475594,51.91589980557932,57.624657296041875
238.7474995098185,73.54826113552548,51.915887011246795,59.220451285940825
279.5738887011067,20.01155653981958,52.477069968073764,59.59063405812692
271.3361174320612,5.582401575993039,51.31304595619297,60.22563750582505
275.6890929388948,0.3408439079087273,49.62754388118143,60.178079434010115
229.5261863322405,-1.898251199159997,48.68316819501212,59.47459248706546
223.08420898758303,7.480438611727692,51.36021695556296,57.728722746563605
226.6894689623032,20.703317094223948,52.73571719549103,55.323822311802644
270.3416862324466,7.714826743422698,50.51143293302817,59.179963941170925
286.52146522586645,26.072304820516283,50.94729109796789,60.43864754167581
