180.5,79.5,37,114
179.5776292852194,81.12371506933371,37.84474142956123,114.35129167249757
178.40145882939788,87.03841147595878,37.87723536712772,114.12113372963012
180.85256436883284,92.24141074965473,37.60935944912296,112.9838055039686
178.91500827037603,90.3784452505476,36.892309526667574,112.11757438281387
179.41888986535938,91.72071182923224,35.88454633670092,111.7036668411834
178.77864814406146,93.64011243163469,34.91878707713339,112.35735104070524
177.78804682530514,94.24019636775375,34.662268245360586,113.39490463775257
174.31694650915983,92.66015905324608,34.86142411185121,114.30729767816793
172.89467850764296,94.83249990998081,35.441669403477825,114.49119738751273
168.0582228282131,97.195887153484,36.004068632791494,114.31967896527941
164.14510912920855,98.76210939356858,36.97356878436112,113.47281023392338
161.57625938020806,102.68857491125488,37.52850134067325,112.49402961108412
159.6793722503742,99.99636935487258,39.034644203320894,111.01554653278859
157.5935049001867,97.79803562746972,40.91236324945302,110.82418267910862
156.88929017358845,95.38713251721741,42.32079270264957,110.99543081571088
156.1767505858149,94.4553681239928,43.745871878196674,112.8589596021601
155.73098435946918,91.59356742982652,44.63740433088809,113.7717068605292
156.56411044548236,93.49053781751022,45.40566532930413,114.84679242604659
157.7517964660266,93.45358513251689,45.494008905997134,114.92069779603324
159.13017363885913,95.95322524478756,45.203612584441984,114.85413361971169
162.08335415150532,97.20245137931602,44.21766681642274,114.81588897929134
165.38218244136735,97.49704339513136,42.503997048263216,114.22670494766066
166.51093705641185,93.98833304198932,40.2464878181742,114.03595925150202
167.38583642265488,93.85220683021198,38.496689085688175,114.3082116750567
169.37462900219765,92.25174859371906,36.850264287023116,115.17796778762207
172.0201279563404,92.2812751251492,36.185948631463575,115.1189147247618
171.91247773393587,92.119392314908,36.40124907627265,115.44268034524418
174.3118647215176,89.79043241305777,36.220134361812065,115.48294088824173
174.32508249648208,89.09705779300464,36.19369881188312,114.56362898108137
174.39816002515283,89.2593734518742,36.04754375454162,114.23899766334225
172.95545023756054,89.34180652818935,36.647730852808714,114.07413151071192
171.45729993549747,88.42217965465389,37.35009035761322,113.61944415846125
168.9568681707867,86.2231642374746,37.75020517304046,113.41672627882548
169.8025710427759,86.7652993154266,38.36361869386139,114.63727538772082
170.86890388667695,83.71006497590582,38.56436577626383,116.08091852635329
168.54428639279425,84.25570105321853,38.49833823081654,117.34727763833418
169.57868813513164,81.77751912343147,38.803968559722705,117.5547738707464
167.40831583513727,82.8784412227102,38.37874018904219,117.73591615752353
166.55672781789798,82.77892196447068,37.70415143031417,117.93495467400257
168.9379645496029,85.90324470114516,37.6780707379157,118.79089835717065
165.48778463818823,83.11973250384914,37.43883091220169,119.5981896527338
163.315218959873,82.8471250116679,37.01014339257852,120.14340463709627
163.54545555726844,83.86731959906764,36.54967019778762,120.48973616367229
161.50975128666232,77.20350356879868,35.8548708350796,121.90184846440957
159.159197151197,73.16965673989465,35.77561109684675,122.79899010847234
150.6479545072357,77.6015146114044,35.98837865227478,123.54082735544975
148.8296680856701,83.44653720440513,37.20911878374381,121.51411301609697
79.12220820443483,83.67460125038959,36.85442385802672,118.6481639812283
75.69292643768146,84.8709007172067,36.62503462915797,116.25556504759408
74.89529429513902,88.1025804491829,35.89581145135625,114.44118050941486
76.19289926918202,90.97977316907964,35.58590445054875,110.9720980168999
76.13640102245961,92.87334340992629,35.69890094399359,107.1849575352066
77.49786797833205,100.45760589700299,35.154565495077286,105.08802333802474
77.91250868904727,103.50258503275933,34.32528407364685,105.41445172969456
80.10031316784536,99.37093189417568,34.20616455544811,105.16477912806701
83.59078564410832,101.59513704394953,33.592748915313585,107.08389814091072
91.22774907724981,96.94148192396639,33.28810596873612,107.83733185533102
92.2924598741572,92.43783111379923,33.302210281525944,108.27052984924684
95.14377355654366,89.04453946503749,34.049358481933034,108.60733758159031
96.9398809330072,91.70379478643646,34.794142438950516,107.62582564873694
99.70252270365522,89.95550340229678,35.77369199664084,106.78585301769205
100.57323949534388,94.41404328486806,36.20654448026695,106.56591752056322
103.33133404359855,91.92701102507475,37.22753928848331,105.00279813542417
170.7753552112867,83.04689440206229,37.210826591069605,109.71096722293657
175.50517196797924,78.80911689103195,36.71998576166141,113.70212590300883
176.78197791762125,80.15619535124,36.45635907854757,115.58793941493305
178.20289268799172,83.48590676914667,35.92643587113885,115.86423557911635
178.38195518446327,84.33680526487129,35.56831087819575,116.46848468253921
178.89095870653367,82.19665123846285,36.858289344568846,116.13282171432829
178.13577263040978,81.14033055337384,38.36866149681661,115.91841940335506
177.49937023273276,80.27839553821553,39.64146629217069,117.64228943367169
177.02271774736366,80.52788134501363,40.59477126290884,119.54287280974293
176.4656775207151,79.89030311088666,41.70885171620596,120.81802927799687
177.23881338852237,80.62847455107612,42.64510226060202,121.82420867762856
178.39592528122688,81.61960935766805,42.84479024289331,122.355850832145
177.51433618683183,85.85928329523259,42.08283899758274,121.45189125931779
173.2528091614403,85.27241669567397,40.61240589927303,120.12725267116184
163.0657331095706,88.31942026919056,38.91242706912615,118.93860795388119
161.2341269004118,88.1570158035812,37.766333831206204,119.2634168850999
162.95846777724373,85.59722945190016,36.70585021680906,119.60659330992863
161.96673351790267,83.03261904315056,36.315831417540615,119.98883949152673
161.51555683173743,79.18979028932876,37.218184789871074,120.5594584015559
160.70582379514937,80.06837123508245,38.837650863047195,121.19875900306516
162.69828918391227,78.66391068347221,39.72350394264318,121.57228817772476
163.80653010386993,81.09699488872704,39.96399395674588,121.62006347525124
166.5434664344349,79.0692623964869,39.4142443499586,120.75140540538885
167.91232437819733,78.11239522686596,39.116157364458154,120.22551084260633
172.21530576285969,76.13614738129291,40.21692872120701,119.32463947071562
173.0560506256577,74.57758263441183,40.96946548817231,120.00774247191649
175.65290646358113,73.02279632900509,43.14823966628131,120.65981979807802
177.52205027767855,71.88872001770287,44.42278265422877,122.92797242068247
180.8691887540278,71.36752326942577,45.41428050130466,123.97036591723665
180.51937951031218,72.04935236175686,46.11389898873589,125.2014746062772
180.1840904723698,77.23091647122259,46.78447706462069,125.33844528843545
183.37139923980232,77.43204199887636,45.68802262737709,124.9361942331279
181.55868656704985,81.34519374240102,44.08637714817938,124.95049698313251
181.13256835297324,78.94100773126374,42.35388645888614,124.58941477051405
183.3215575429308,76.62397704123293,40.52394713253017,124.12739804345723
181.44962569747128,79.20560826487167,39.25185327905845,123.9800931405705
183.0875792476666,74.97936576096555,38.4584448886088,124.98508201855954
181.53792498104542,73.44433466438676,39.07564824341232,125.57303903327823
179.7488399159206,70.61324647021141,40.15197501736513,126.23152870903527
178.24446242517814,71.87821257321623,40.62970003128426,126.23262647059144
179.60362612020464,77.14456947413613,40.451206975982615,125.85925000775714
177.07525884090884,73.82942592256973,40.44544199095685,124.89578779546387
179.38576927614568,73.54985214527446,40.85933618283282,122.93747781887964
174.97089323419536,66.55475636767959,42.19748106705595,121.9444549747144
170.69105085721955,62.69212839100467,43.234713069831514,122.14725817688819
170.7584469323283,59.419568372867786,43.09992091961402,123.63391056435117
166.98575097887877,55.913442822827754,43.001291381707844,125.55014736789441
164.2035405785807,52.672092673028516,43.418633980989746,126.8857694661786
160.22109677294836,50.96388758184115,43.58296516237591,127.70199417192717
156.7421845385659,52.47565329587562,42.69634419822224,127.29327788816443
153.64147576924086,59.32806371518742,41.1193531674598,126.55247133189506
154.49451649657368,62.4088404269805,39.413271712794156,125.4976659320888
155.16427889017805,62.88126978866653,38.0737469255854,124.55280720871673
152.93566998304345,65.37965420853588,37.59323591053196,124.49376719830065
151.5740558321548,70.13867687088268,37.85733605365068,124.81223450824147
150.89661766669573,71.46985030710124,39.21221238456883,124.61841860279038
150.1456917421635,73.52536286434974,40.714064233633295,125.48904330568939
155.1493878243886,71.74339922845863,40.82995429136568,126.52215002192598
158.0121538088677,74.01341447457166,40.199677284558604,127.07737449185103
159.9756989589694,72.7339760622685,38.81649995589533,127.0923383449173
164.17314458520008,74.17253607119966,37.977354049035576,126.7338001089222
167.07637440092577,73.31980193441586,37.166803227997235,125.94131397728326
169.58860363817945,76.09501953619856,37.085724781052186,125.33425880128013
172.11700241631024,77.62978550644982,36.952125596017204,127.18792523200419
173.45390245150836,74.35185537892502,36.76363889443811,128.77315874941957
175.7915053502467,73.97046220069521,37.096801659497814,129.5359451058792
176.9398920285535,78.81823342251312,37.32120027970817,129.92509056953924
178.433620053835,81.0186545470265,36.864598003416134,130.58595586905437
180.25310404873636,83.57721835839996,35.757282928123345,130.53213407532735
181.90314546296673,82.99690102875945,34.967349482409276,129.18261935186166
184.50236510856234,88.37217760710773,34.72151792773454,128.33728166819796
184.32130672151678,93.58980111271973,35.08363470182564,127.74115355452886
186.28093905905519,94.81075800528498,36.08073876803941,127.75742414004367
186.9523072371814,93.35937845363023,37.215092677248954,128.1830929778912
183.5113385245268,98.30956645025447,39.08848604315548,128.29980510344814
182.9244900663868,97.96002917494165,40.262182959435435,128.99887965407376
180.59823692100122,100.50559664236118,39.77004505834488,129.0523889110965
182.44017248251615,98.12813455666844,38.650163362598995,128.6793342279139
182.91653218331265,100.71805273940355,37.697443961006016,128.5754329102506
180.5583239803184,97.25593759289944,37.37626546664863,127.94327085273999
183.21043747247805,97.05115704537626,37.079808844521764,128.35283194778637
181.94041080865298,93.85150627090565,37.115713839935815,129.7438368322555
180.58339265619384,94.29210182962345,37.30529023219098,131.38710562748304
181.68627378469685,90.02062292303333,37.650722561708044,132.2764796810941
183.3690785956543,88.2622958367705,36.855312565658636,133.2229342277543
183.74687660398578,90.63987068268356,36.099716548995616,133.6051129999411
184.98786592289852,89.75950493996227,36.177599859713986,132.80598253683982
186.24496896915068,85.10992256105712,36.21346594940082,131.90485856588566
187.28093187094962,81.89127496763862,36.679591338804016,130.72800017371947
184.87657701643346,80.39058609098365,36.427909274178944,131.1991820402007
184.51338887043204,77.55141140699504,37.15428556618176,131.8132775682945
182.6218447085845,77.33764305647745,38.38298899575133,132.2408142693297
179.1669051450705,74.43729450632091,40.126154320560545,132.87479756742403
178.90597912962096,71.74229358127124,40.64800635145962,133.0153635670644
174.9832730446655,72.0823418136672,40.58429513553054,132.3352671022725
175.2864169518176,76.22032101870353,39.97800732122638,131.93599380056193
178.0782282980962,77.80998206407502,39.611748671597844,131.3653537312833
182.18401932306793,75.60971504264,39.18161298550924,130.5782568649168
184.94754326065487,75.69235966698328,38.803962084917764,130.41296761623025
186.69842495670957,73.89273125188825,37.86754851970534,131.44687461952333
188.2842866685216,74.54236168544094,37.258359439109086,132.71014809544573
188.49610222353166,74.17255122105288,36.834728329088954,133.44976902422184
188.71667275632657,76.54511419585228,36.39358726349913,133.84759367408316
190.40752495661232,79.2710625982557,35.580682666568826,133.53329647655875
190.93506849210746,79.64858760329334,34.52559559557851,132.77824646648347
193.5295401589588,81.36817042534408,34.37377574908754,131.85764256598785
190.95542597866313,83.81662643890147,34.51649698192958,131.96623766662242
190.6802541200801,82.39643789922721,35.06684069909561,132.2996395206241
189.76743868405376,82.14052758266718,36.89247157114827,132.81146015374418
187.3476557110888,83.41404524028965,39.168477032412994,132.8279853231644
184.07430223295628,81.69531086357686,40.502632456713364,133.6591783106076
180.0290785366541,82.90993826870917,40.66468170396503,133.87272288212722
183.75583687113163,88.88592357271109,41.15764010655446,132.51605236951607
182.9586056175198,86.71334647743853,40.11338087799367,131.58376308849222
180.44749056616348,85.99721742627013,39.92320747879006,130.40981943987092
182.19452568488404,85.86965664858747,39.015191463424046,130.66494099523624
182.3314276769444,83.92656000740642,38.741387479303356,131.97829782077943
183.82512720000747,83.1413770373696,38.34030863058987,133.5486637608531
185.25088631477,81.57872874226447,38.08982278947447,134.07292796265364
181.42258979172865,84.01071934354167,37.93514754116389,134.41645895636145
175.2048270729253,88.14640854910435,37.34211147100086,133.9622174498979
177.06684468048041,85.56332488747708,36.20628388775906,133.9519695094155
170.6331704381752,81.47641410663849,36.23988610303602,134.42554330949264
170.7797141887057,77.51161531459539,35.94679860197506,134.6329953066218
169.3845722648692,76.00703699522589,36.16562975535413,135.0706992510669
168.44969831973168,74.47814787183123,38.03537764562921,135.54674504251165
168.42176251726713,70.65661756265442,40.71478039170905,135.31921223741296
171.76166852129072,70.21943212353503,42.04565939814464,136.19358311565173
177.06425610956336,70.32076554039044,42.269501196952646,135.9909162819409
177.24654508539302,76.11435217900338,41.90492324529335,135.23781193797632
180.1873795577249,76.3035474662167,41.40546901243246,134.85942136354967
184.14391012581507,75.61918774599265,41.52194463727504,133.5516285503235
186.53558339424043,74.5594560542196,42.058859356787764,133.01096130568789
188.69508252751427,71.44133917455616,43.064593631218756,133.92246252403606
186.89065538234345,71.11377450079479,43.979630788982554,134.5775918715588
185.44317153796865,67.99732602060605,44.15466751181809,135.3706269001082
182.85289468043433,70.431512408031,43.866390511829756,135.97108484031529
186.17775100574696,76.03455898808211,42.691985453366854,135.7156068645377
189.64709670108624,81.37393500162219,41.17811221219066,135.88649113646238
194.45321301634314,81.54716899695158,39.62642747791357,135.5400231458036
196.266063883214,79.78353807661394,38.65385690521255,136.4141538254382
197.291641423547,82.39470393342373,39.250036296189755,136.48649105510503
198.29307566517835,79.46452297613753,39.906655302786,137.02787798995948
195.56408174424092,83.60372674733733,42.68526952564915,136.7875913045949
195.54742839626266,88.95243893715266,45.44606508404129,137.00012237470662
198.0084705687505,91.28498110655457,46.08649889635009,137.89755619318737
201.26855026766802,89.66571058990299,45.1778397814017,138.33034708504724
204.41812877771386,88.5093683231733,44.46920353246143,137.84777123293088
200.48653112405728,93.03915884828025,44.00622663000199,137.1143623924896
200.41454411062296,94.06091152293948,44.150200656870624,135.07085704317115
197.85103498016957,95.30823893597653,43.81707447450691,135.30627443873232
192.54206797548215,98.72243413185707,43.52579689766118,136.65979273663666
189.80171175964782,102.30409614918544,43.52417090149066,137.7199763437387
188.3425859126562,101.89914965289233,43.68623685179472,138.5298693363249
181.69104455845581,102.63878013377425,43.13600067407705,139.8212721517848
183.64417945495794,107.90386709852552,42.00854916401015,140.40637135403176
183.0423929841,109.31036875550171,40.445902021049996,140.35958812475542
186.62326385975982,109.6057624711533,38.757133821031616,139.76880069345225
182.73937966001336,105.7272036687321,38.43516387411319,139.43617995188328
184.24752359008647,101.56802428108492,38.1047310009161,139.69697376633025
179.9028845091939,95.98743418520029,38.74402577088781,140.12484276901492
180.23311630833874,91.6483916547048,40.78491445249541,140.6988709903141
177.6554631965727,88.86947762485454,43.192621734329315,140.76150116661825
172.8703679562326,84.40742182105885,44.38324958529259,141.30605014449276
172.71008361391023,87.20825914548175,44.70381826993736,141.3501718431408
171.2690070394293,87.56351321544932,44.75653798598283,140.63966370320566
168.42240595815122,86.76975594783164,44.809098791396195,139.4068575598696
164.38091035236582,84.51503929016592,44.480739083417106,138.3087235955011
166.21491879504825,83.24750914097206,43.59487237372342,138.06163371821765
166.54436859292892,81.18795161429668,42.935972777962114,139.41841233984178
166.81213426440786,78.04360721426555,42.40044143500423,140.1682781068965
162.50961467262232,74.45825607473385,42.6951248943276,141.79874323646143
156.9632821942005,69.71718326633409,42.59314695359489,142.88490668007873
154.4839332730486,65.34981060885852,41.927570408521945,143.1832404139647
157.97905216766262,63.64472751425477,40.54529792125461,143.78942395219187
168.01571273301118,68.54885375408,39.9792571083145,142.34143446586586
172.23884504444476,67.86374004487274,39.800213717550356,140.95592147357934
176.05597007110612,73.36165776235711,40.36450365750942,140.89147269631962
179.66743520784235,71.99712512981704,41.36900881250953,140.87805948524223
180.00717727226913,67.66786659551218,43.45053148589557,141.25355614713317
177.51344591763612,68.79555946797537,45.63306500334103,141.80309959402737
176.73174069157676,70.08276904974889,47.19647545545972,142.08164603011056
173.78267481035692,69.74531981404506,47.32339662382908,142.75654450151822
177.05711009846735,74.23735997708117,46.569588743950646,142.46505821995962
179.19022861253083,74.7603021090072,45.18292190605041,141.41917395610756
182.38476518953365,76.56259669369257,44.47231797473069,140.65381939807975
183.78774032411994,80.77959847265126,44.481654463146256,140.6656761129267
185.25212096189418,80.35325333402912,44.36852022238925,141.51836639017097
189.45625682245054,80.99254316044627,44.43716245029782,143.06542472034374
189.3905093720823,79.16897908088401,44.56865735103432,143.86371105778215
187.99012306768506,81.53932305056779,44.506843233964005,144.84819657014424
185.45362502037153,81.12003532515789,43.82904855073662,145.68677202096404
189.04986729183457,85.76442646453576,42.385997321014784,145.0221397120147
189.79851622741785,87.70053061503778,40.88869944984819,143.98843558260583
193.1389631692242,88.50264237032661,39.79976867152943,142.38421207202816
195.95310668708416,94.29704372580548,39.6774502678798,141.80734662521093
197.03443851877316,93.22820503371949,40.25734608076347,141.20246453312126
196.16761779175107,95.72540735838015,41.99098753480761,141.69779598296958
195.18962418497097,95.69213760776941,43.94697474836782,141.76433548419107
190.33124070978783,98.07526759963804,45.19971043061936,142.64076301253033
179.56656234451546,101.66178599815083,46.73088176836058,141.18149347059148
175.22487906871177,106.50986166106551,46.82142788458341,140.07816258014668
173.00618570052552,107.86514292514839,45.55835330219514,140.2178307113613
173.0791338807421,105.46934025316516,45.41245694176201,139.35129422970286
172.8930147263868,102.82610813365511,45.78469525047257,139.00960347158735
171.0077189489254,99.45032792279264,46.73924056522081,140.12907141296319
167.3194233235863,97.35538855327779,48.416928321105104,141.4694984045959
165.01002214805726,95.32924587090069,50.13654588078608,142.62259897797296
164.6005041701609,93.1981356426589,50.95558183657879,143.93788889005427
163.39364386456973,91.59736834656525,50.38871809456433,144.1588391290448
159.75735070548674,94.6928237118976,48.740980910044115,143.91481073350423
156.05617171713868,92.57215583611426,47.32351812168491,142.276265975034
158.0719447717718,95.43906598284072,46.18267202803272,142.32384571280912
153.222333787182,96.7703790830064,47.27050903623403,142.53168116613713
152.55810488007393,95.94556675967895,48.5989668504502,144.18130581279203
152.11100931860835,94.05917719960615,49.49315797338133,145.01294293750948
151.76596297001163,92.10772031729721,50.183250670574814,145.94654392100642
151.71970691692275,92.99254948569006,50.275762776752586,147.17208683200414
152.05410288670188,95.54023341993668,49.60697083719432,148.10543310259274
155.52741166201287,97.40736183061568,48.691229092305484,147.3866141841013
158.07979562311345,99.84735520492029,46.57491004468879,145.49507631007657
159.76402876121676,99.72040572957857,46.1291604642265,142.82625856501568
161.04625558478645,100.74367509140296,46.44132383361715,140.7797198413669
159.57444378103892,101.16574702971405,46.53169329911662,142.7888301067403
155.18478522492347,97.4270390242107,46.66057910552087,144.49929191386258
152.09329666785038,95.2279085489076,47.0232582319323,145.98740387060138
153.2593606825323,97.59232833898966,47.62908323512639,147.13447035555322
153.51948427453019,101.35041998870037,47.10883605113066,148.51442798822433
157.027360315061,101.61873875734878,46.043897127564634,147.9777904509275
154.95569524773603,102.31034414496122,44.29091647944852,146.59457967570262
157.03528299488835,107.1602307432282,43.02787046105439,145.58319490690013
154.41376920952885,105.7740861552445,42.55414696005588,145.4971085470088
152.98168583616362,108.40586985997108,42.5699670558133,145.93023443950173
156.41678467552137,108.09301165698724,44.264055208715305,146.5559508454694
155.44844362952367,102.97951088967862,46.200737300710706,148.09769812855612
154.18234907157853,102.93299958728394,48.732926416600975,148.19072073334547
151.47164665254502,105.62290231989932,48.153032732792724,148.81221378999
153.7187556831178,103.65203379267516,46.65765672626565,149.75510878981987
150.17138208381098,104.13287945022672,44.79834506195009,148.79341747471673
147.97663114646275,101.6810047075844,43.314525599590205,147.823845622945
147.13060977390063,98.24401907758654,42.111185472497056,146.0116682662887
142.47300473622155,94.13292300946608,42.884305215274935,145.6917700699493
140.51331439963857,94.79398881913528,43.94644469134902,147.2268796477028
