136.5,35.5,52,182
130.388723947296,29.46501356175517,52.60250419728463,182.4499249683663
126.10502150285515,28.175334949690253,54.0546872984131,177.9140604047429
121.32885393175,27.49922184088946,56.56610493842525,172.22536912014633
118.25160044680155,25.732894566008767,59.23459127962474,165.29996178381552
114.04889278540645,24.798631630922543,60.76813874418512,160.29661979575815
111.97151276418572,30.719393602625743,61.53091947158288,155.23905448243926
111.39367998072812,32.44780070810512,62.68658503849807,148.44923654009176
104.37694163513729,26.71945270736728,66.95303479321892,143.62755431413274
100.37553671377921,29.41344373460278,71.69503459187649,138.23957225966174
101.39014343726421,33.33377326645527,76.19436283214598,133.66318403957652
105.81328805060367,40.01749014571672,77.16922474185955,130.11690141744612
111.25176814291422,46.65897815385131,76.00511197734026,126.54677282127875
114.83932418095995,48.7151713229925,71.99487043916896,125.59925702091648
116.97612343799612,49.660776083167036,70.8042314214853,123.7080475005674
120.90392006980602,54.45488659755249,69.01809565449952,123.2240127167475
124.05572169231256,63.87284288829251,65.71168901933802,125.3684764042286
128.43139604212695,61.70545658764675,62.90483290105091,126.7310027148493
134.36466552658254,60.83842886460265,59.869693204487106,131.40885791838662
133.0087843879388,61.29525411342573,56.663210219862265,133.45433005169662
138.7805336404661,57.202571618259526,53.91656465817328,135.7751264131186
142.49051640568504,53.04779202322837,52.330409018534745,135.3339707669819
146.67481216408999,49.59693977836959,52.60832857789336,133.589164180531
146.39106947569186,45.73761343891236,53.17581395468961,129.85952307416773
147.8961785316237,40.23530317125471,52.98409037214283,126.77167096289857
150.60041912226245,32.105503226209635,53.116677275800356,123.637532555716
146.1695586011534,27.818239615146283,53.79565119572315,118.57414790735064
150.37225009879785,34.12878932648389,53.388664687136355,113.95144497137751
151.04648697754607,26.716953607060347,52.040190929639934,113.22448757827257
155.9594875892488,18.31180593760125,49.88703419688635,112.13147910566968
156.1818291118272,10.667019824782905,51.9463082616508,104.88543734201481
153.4766941637836,14.861475729575275,54.92221779398879,96.49652553243007
152.61641129556867,20.64349321702597,56.642783530418704,89.65643069847813
149.53159153615837,24.91957496092548,58.233997675353265,83.3934798976221
151.55753106054922,26.815255233638815,60.84673379421004,77.38058096298262
150.1066647226825,28.609534129430052,63.748466469943466,71.61911160488187
149.45124419413264,30.278736566033814,65.05930752704317,66.14983486788174
148.2394084265315,35.10829294956126,67.48297906224548,60.62325783054053
150.24993020579254,36.78699869028612,69.51202907210875,55.24914849296236
154.248459616362,38.889281700450276,69.36109255838834,51.04458247263405
155.114233812716,39.62343656546298,67.6295441656803,47.68561331284368
158.3726847313116,40.94566739764852,66.54019422236006,45.041151648472606
156.31780411091552,44.27115603586,65.40291552880149,43.637214306400445
156.63449756263773,45.0215289159036,64.76952862535707,43.84506199734014
157.84789896009448,46.34069080077815,64.04523814984414,44.61176286639224
165.36567851129752,46.27017342987941,60.93962642327739,46.45707580473819
169.98159751578746,46.808166493422604,58.45753965008942,48.75596529554776
170.28522963587787,46.40653682979652,56.16360275188079,51.245897280827734
173.80849733095874,45.686907598805035,54.19020209817056,54.37620065496123
173.8541422654119,46.45678620358758,52.38920572657175,57.96556295347381
177.25963717033247,49.00825236836117,50.79016271507127,61.54920862116116
176.3048305126594,47.88567884802632,49.16558722599309,63.79435566183086
176.30113481052302,47.547808282742714,47.397815109450676,66.24526031321325
177.25854243252329,50.73445912579011,45.48299986545014,68.78941340490303
179.2729931394388,52.40505142187372,43.244282363053024,70.81878054703748
180.53580103978953,57.139969966525676,40.7186665623515,72.0475328269831
183.39659561858508,64.12876822096158,38.51433475552143,72.13896572115517
183.4601399320089,73.51852710189509,36.664905374459224,70.58285550143364
183.82631694455762,79.98974387862644,35.93255134936178,69.3142635327633
184.0915495939784,92.08604168963775,37.03854123862628,66.39558535611954
182.70304355362725,102.20278871695054,38.20315486849969,63.89847426061223
182.08815750995439,110.03153077648842,41.028046326293136,62.59706447556604
182.05390431330318,116.40688344322481,44.34261251000349,59.5845385133171
179.70540886042178,122.4150352401279,47.40736164696221,55.72944376353145
179.22473114540253,129.57269604225428,49.99159633518268,52.774276966552584
177.02711152552865,134.27286194990305,51.15041181939856,49.84679266231878
176.99828233195709,144.06494617852408,52.798544240485455,46.16736454451417
182.4019525055451,157.10153386687153,52.89470739313727,45.01648288171147
179.72559598919958,162.2655850954405,52.08477979436552,43.93234137176762
181.7733060141708,164.97561518862028,51.01079464793491,43.04443354067578
181.12311806210784,168.87236905832742,49.35145881266833,42.650205149742675
181.01118913548805,170.65677139050902,46.67954878728602,43.42505230331234
182.62685811028595,179.4800550618467,44.86694951815641,44.22208780669709
188.0604830185074,174.79153583161946,42.41750636493305,43.77835182672884
191.66843996213544,170.72686541805234,40.63108366195462,43.76345587744659
193.66747754310518,168.4453904276121,39.29064647541764,43.011129907522054
196.36033883493286,164.2463889467121,37.79220344113534,42.33881392078504
199.60880160797424,161.40783772440128,36.340869340869574,41.708927058135366
207.72886014837914,155.68759426579766,37.29840355356104,39.63697367330588
205.5974083255958,151.80069851401063,36.71554397673736,38.930679537696776
204.11235195813674,144.7419548386676,37.30335388016321,37.56319848368318
221.8179526650211,147.2861105643089,38.441122994985534,36.011884180328714
228.18207120199693,142.24846761813663,37.43620858594969,36.70851194074061
215.06287989173057,134.26660147782522,39.15458517232764,35.157954196967204
212.17093364670595,132.82004225645505,40.25906560134554,33.37166057867616
222.407275131741,129.3116707079275,41.793514505245135,32.28051298532138
221.2265648572397,127.5376431542265,44.15493505424767,31.172117344581828
218.1106824269447,125.80961976336852,44.477500838046105,29.900804864864472
217.90793206033464,124.81272985471163,44.88300157126619,29.563235048489368
207.31546174007684,125.87113490289514,46.243232989111874,28.61258431816175
203.11919365516434,127.4048681642893,47.6119952137271,27.88637577711001
224.9634961002602,123.98809631274538,45.180056166398685,28.826110074074467
229.01603229818403,125.80867469833679,42.86656175551529,30.976531287855984
228.21132309277775,121.7721241638127,42.157763123238645,32.09498122763646
230.35544331378966,118.17147443967791,41.36946365089142,34.62969271633718
235.67091679705965,115.62564564734024,40.30379635797613,37.33003038260638
236.45198353935874,113.62322255488859,39.96401856882101,40.112520872066604
236.27878903866727,112.37075762596018,40.31040757020397,42.61745072992339
234.08605076787117,107.88291984717742,40.778411582486925,45.06400540530688
234.2992301314341,102.2107225393822,40.35205285536108,48.29983290994639
235.71571739316667,99.99491276470962,38.91376769593732,51.33676309525013
235.35919924656577,97.34791783472343,38.208905977727426,55.212854943810804
234.19093959442046,96.17595954356604,37.615217732875095,59.021875300697104
234.47519885412353,95.61724484655511,37.04669921346892,63.164266094750744
236.07258632382488,87.89495862481004,36.98126153339359,66.0914895009314
235.93486037502208,85.9340628984312,37.25671343099917,68.40635343547848
234.88361881052597,84.10338815491721,37.71338722401243,70.42189358652745
235.37441344913293,81.43625477692699,38.41512752005316,72.38950119599866
232.52929029215852,79.36634960702864,40.65672015396499,74.80498469577688
230.53277443156858,93.01990835686436,44.649751875144865,76.27072788761092
231.46474444992668,90.98930414422011,48.449547481409894,78.44402443190569
232.5619580702644,88.70513164245024,50.223756837821796,81.02805113690178
232.2181623823843,84.10480557080368,52.96402489172639,84.07067324576174
232.41399025419494,83.8955911906659,54.71645091873354,86.63318377666575
229.81949975888685,83.03624369746385,57.69368551193753,88.35187876306988
229.00770540306502,84.72553409291893,59.317274223581194,89.54775016746646
229.94328748874722,85.36807247141867,62.110540347684264,90.59488855820072
231.5725877083339,83.50820712501117,63.64059582521484,91.92029129266373
233.95331798157315,82.59081724548655,61.31877192622758,93.75507105171297
232.10639133842827,84.49388239532051,62.58390967530562,94.80637182646856
236.2211788956623,83.90601816834254,61.75103525955086,95.9821002804245
236.07020521745338,82.171921757,62.05298261596868,96.98097361336585
