40.5,199.5,61,103
37.04828722703462,194.80592108269258,61.78059307874769,103.70390913384023
36.72733371497932,192.17023751643617,62.4225001028583,106.39021258286299
36.54289663582987,191.5652686170437,62.7913742611572,107.60015038164794
35.344255958169406,189.98260164660536,62.528621727997475,108.10545043404395
35.195734318192024,186.70303927021678,62.825665007952246,109.33841727592878
33.76883556125881,189.22271614402604,62.993067491581606,109.67185358878442
33.67229720019268,185.90349156359068,63.18614421371386,110.92194880889569
32.5672095667981,185.857081308312,62.68034549785737,111.01476931945305
33.965300373204244,185.8944058388568,62.592914056629674,110.94012025836345
32.47912374694268,181.43268061472364,62.859108837686904,111.74509529223214
31.245529077680207,179.7868892911482,62.60370225794255,112.31408202111368
32.47724801926546,174.01961551892322,62.86692362484648,112.94199256526592
32.511384334963346,169.53841775985632,62.79865099345071,113.68311512759087
32.491900880829974,165.20223642500383,62.83761790171746,114.10485340406044
33.80415132613673,158.7908539674272,62.970217125320346,115.89921786234802
32.563135969045454,155.32049333830489,62.666407937411435,117.26825931640974
36.82079671546206,148.9882624614052,62.553517906208626,118.7294791213686
35.48986876658419,142.78301689988152,62.39499894989133,119.85847082812387
39.45723411742951,136.0706576350205,62.962999737038295,119.11197020978315
39.1279627582684,129.7258029275125,63.62154245536051,117.63652051328457
43.07086260626287,122.65366633527587,64.20352428919499,117.6678244813854
43.249497079914775,116.45153187581498,63.84625534189117,118.74006035674128
48.59399746678215,108.8556888835253,64.52806270636758,119.71823616855667
51.337380577293004,102.5574720585594,64.77887384851056,120.8395150921591
52.13026462664781,92.71362246889008,66.0827080726851,120.29999801130865
59.77718423150591,89.26994250217757,65.30861250793922,121.37946048674553
67.12204082065081,85.71463508672703,65.15204841531232,122.67681568338148
73.17109756295545,80.30029723445524,64.74613003174322,124.73634506214492
81.7151154700789,74.09699205638239,65.33620104855584,125.35755086425092
89.53809622439599,72.2990365325969,64.51838613654142,125.98783259249794
95.6468758175657,68.66721798558183,64.14401610241949,127.32987511041934
104.89092183405164,65.59649948726448,63.49997235706551,130.4973040591177
114.52214188506416,56.57045536453208,62.29263611547649,133.5034724208858
123.45690189283549,48.74585542241468,62.61506684955842,133.9927133471001
132.31084496342055,44.13245914598936,63.17566682198468,134.08526284315255
141.01629854274404,42.84202449811474,64.10005375749387,133.61024978987575
152.12197612524443,43.669716972547434,63.34414704152012,138.08499296930378
161.00647105198465,32.3789440769644,64.27741090651999,138.84724275557613
171.87757196941328,39.61504531263675,64.54644816769905,140.0973539242574
181.0995327433235,36.324570688787006,65.10665983084587,140.34359210163447
189.01698513412953,34.66870260076627,65.17544579723778,140.47459012807516
198.38530943014482,33.09245755289655,65.54188053221918,140.44323300264594
207.73336626171647,30.564038131160984,65.98453878933324,142.31027652607418
216.04748965769292,28.894826542262933,65.47983187560095,145.64869970387028
224.04321885202512,31.118353073977673,65.81029744949277,144.46603143295204
232.10054789335982,32.674501895913636,65.96066749383453,144.60673941448235
239.1625482334604,32.5406944123705,64.86741167976476,141.61666816503578
245.43018236377594,34.02800756647804,65.11241576352151,138.6420418568207
250.39407098963383,37.41789540288424,64.6528344921464,138.1743968375687
256.9719084480395,43.21562618208792,64.06208049497103,139.14385619879744
261.6973434298665,40.193008578866696,64.0462399708579,138.89907177887935
263.2442173314457,41.85206637084924,64.09366445626694,135.58095619491425
269.41949393920174,43.28769168405934,64.11787325256445,135.80339607144646
272.5210899630034,44.089730059760626,64.10938996715824,137.29667370114242
275.96470135126526,47.636509475628785,63.46008216421167,139.55998732977184
280.88559212713926,48.55319198947183,63.039837966775586,140.8671347535231
282.79375868133496,55.93966890705251,62.3756212397792,141.85476282533648
287.7506235797161,60.79645131193962,61.92614847146115,141.60545504400648
292.74512538782477,64.37032291835422,61.366800500076536,140.74414892773245
295.87933700886964,68.97361114773369,61.340134524709484,140.9002083690574
300.35706104581226,72.64615167092397,61.75269184052273,139.8004642491425
304.7496596523685,77.07112239407046,62.30950644376844,140.29253461920771
307.43160395031657,81.7010362508201,63.207495306212834,140.42552309321923
310.0653366234189,86.63185879166916,64.23733283813418,140.00983232870996
316.0062957965013,88.76125655641276,64.99809841354025,138.91170777961545
320.4258453649457,97.35241873654418,65.63298980115295,140.67736446835542
325.14426871377225,100.64930539140025,65.78053052622325,140.47318277379225
328.1114299597489,105.83284959538706,66.2350076898565,139.68929384919838
334.5892478305559,113.75512181764925,66.04300292085925,139.79928812044514
339.26240873769973,118.15960386027223,66.26417031496862,140.55781324359623
342.24207745680627,124.84769554799487,66.71298121263406,139.9979265399079
348.49474707289363,135.48831110537986,67.02258901332075,137.93911597442994
348.66692677640157,141.20038060309048,66.67822960630485,136.05220261546546
354.8912629425631,145.56148733596908,66.81166341593214,136.76656875617095
356.5113095606242,154.43898479172503,66.72985249863663,134.80298543879258
359.8573309201842,158.57333307018723,66.29412013128163,132.790599233633
359.78668300863916,165.93420667793254,66.4354159543717,130.43349875845624
364.45360964411685,174.48091048526248,66.27877284103735,128.63544140649816
363.2329634005424,175.03560141379018,65.6900743985483,127.52605954944278
364.8170707008204,183.13491543975243,65.52542484252331,126.34525672017311
364.94456261777935,182.20354926601655,65.27044100860543,125.22459545057973
363.92298875334063,188.8737236031639,64.35104396566118,123.73442586357149
365.9867953302878,194.5281315210142,63.1482666835381,124.12495351495566
366.14846694243244,193.86606885588546,62.82492345924878,122.53923976472974
365.0804383303748,195.18168986669284,62.07997642567301,122.78900200080598
363.94993370311914,193.96887665981768,61.46917581642645,122.34281855079826
365.5251906896162,192.79362130418272,61.17337858858209,121.83861251691843
362.9999650807684,193.14902555336448,60.53939498017471,121.12780401855491
365.62330975931684,192.40927997281108,60.93439102399349,119.78645247920392
362.9946837546513,191.4578894578822,60.57560866591969,118.88121632535922
364.71540102073624,188.9665543144764,59.92272614798938,118.28678258369183
364.75235738137945,185.12740939333298,59.84881342670287,117.6593727382969
366.15496234535186,184.13399234059946,59.801696712036396,116.88811363048576
364.6034448410878,181.73591753380236,60.15876203492115,116.19232387279332
367.3781878039469,178.7565162011827,60.09309845392595,116.6673041933096
367.71655110237805,171.66433858637856,59.41637185706357,117.11289412213827
368.79056300663706,169.90069659227905,60.01096435764373,117.89756180123914
369.48691125594587,164.60820317995245,58.618267859026076,120.18939596895339
372.17321883239555,160.9937523272657,58.79329146550116,121.87065891495251
370.8031975101724,155.0812196348798,58.73192022655874,122.49006876616932
371.9725159819529,150.98875150768174,59.202669158417365,125.05623326972633
370.3167464358811,143.71421979499846,59.659199581795676,125.33025335126649
369.0062359707158,140.61583205171507,59.41326009125335,125.79310799608747
367.2330137205366,134.25201235903606,60.090284137282154,124.17364510979733
365.44088260056344,129.2794262698806,60.81696088205594,125.5460608025906
362.0891290858401,123.16268891234894,61.73995678428723,126.21851326322317
358.7497193755429,120.28067378246584,62.586557818407016,129.0664343297521
353.7935859954153,115.14673793239265,63.58157515674805,130.4170566079843
348.6430721930924,113.88827523397778,64.85431641301317,132.93398200481406
343.56267986522744,112.82390402264427,65.81019807150314,135.06272442748107
338.3920389992273,110.88937304604798,66.80347993057444,135.81578642303066
331.7981934505411,107.67403285144616,67.41419834990458,135.95798047321318
325.17686919697417,108.29340542353026,68.02921447625516,137.8761434242408
320.2548310700119,107.00578173431244,68.28642110113802,140.45139080267646
312.0612993579204,105.01569383158603,68.48485888085703,141.19384147923645
303.92745557654047,105.5230635241844,68.49246401662948,143.43111857943725
295.33739073555716,102.74658369881536,69.24858698247277,145.69927688695066
290.0323059983338,106.51269241872772,69.86560777576514,148.16020812828012
283.6718346502179,103.08401118770607,69.07584144591735,151.6398933338035
276.6622195708596,102.26912017308003,69.43707272566553,153.2696753630556
269.21191236043336,101.65989619027259,70.55963449880946,154.48812332867047
263.39577537386555,104.29927612092139,71.7462086788444,156.17316332943997
258.15908978735814,101.71106162878507,71.63803507954708,157.82241072294192
252.6048341039078,100.968748412015,72.09877565459777,159.30703715648207
246.54551293747656,103.76787894262195,73.48070195885538,160.86658678100477
240.5183466581442,104.94546386863124,74.65764439401246,162.13721363682208
234.715590948182,105.656122209611,75.26850632493145,164.38078011786433
230.66773683596222,106.20080980743059,75.94780915900279,166.99960761740928
226.46005977154755,112.79679464691864,76.84682467851869,168.84031515705988
224.45162910210547,113.19753824276698,77.06300798880237,168.0388279653632
222.1488595395617,114.87362486220624,77.87573058008576,168.4794712602889
221.84730661897598,118.20297568315819,78.4788364212572,169.4476715679729
219.53201174379348,122.07326536708513,79.27133910903262,169.38326632529822
219.4593845968104,126.3145419103717,79.4165934029988,168.60271291446298
219.6689129061266,126.71281638008735,78.99753678436636,167.8061639750317
221.48757303037968,131.42399497678323,79.183465088837,166.0303038875935
223.62826344650105,135.34751299150426,78.70268819238089,165.78447572972476
228.42745953129463,139.63410849812536,76.68158138180362,164.78857007549254
230.6075051178916,144.06164646108914,76.0603502796672,163.41121429168007
238.53071412886996,142.56814419520475,75.04574727458379,162.6902650692305
238.15803591729076,142.22005700836098,75.79110369774216,159.70671984275003
245.48002871897427,143.28322312712015,75.744279960266,157.5803876052317
251.1806438322368,139.85098901063856,75.19543198747478,157.20993433570558
254.537199053285,142.91180400546187,75.68732801269081,154.69080757971523
264.02561036966495,141.51374034028413,74.58186699096677,153.91266258786354
269.1413776341725,142.83026296891666,74.9814511624799,151.27961733059854
270.7875977934049,138.17359750859706,75.20116500879367,150.05648575690196
278.4368570190553,134.4502060352762,73.8948666705096,150.50715864703528
286.21527827407147,141.4662770568017,72.26611001270561,150.40310245621265
290.3421457303921,141.66535685915005,70.9167855948127,150.00494285151595
294.2571476447556,143.9837947544336,69.93257085626686,148.7909616060394
299.8361172051417,143.38720556275712,68.93873748953813,146.59610473804452
305.5760641997672,147.4565666208545,67.47499282467365,145.13481550477417
307.3785526237758,149.1361548250883,67.16188831340997,141.77563909630652
312.80089324718796,151.43205142265373,66.02964238213983,140.4213243396937
312.9030088832558,153.33589852322137,65.82541111000418,136.61363013855845
317.8236938867251,155.84365160638487,65.40077668504978,134.73703583289281
317.7639708421235,163.39271239884835,65.52022277425291,132.05543803814388
320.84939583095115,163.1087236690895,65.48338029706382,129.55641174742843
321.02318476958953,164.46572379598828,65.13580241978713,126.84241149363089
324.07622302287297,165.1918735162671,64.99768618318726,125.39011205307325
324.0747095331841,166.54989964247682,65.00071316256498,122.6740598006538
326.9993075589571,167.48828542525774,64.99234006465166,120.79728823509197
331.39154605568666,166.72012901571992,64.88577351426088,119.44096423981155
331.4267216265404,168.92639915720696,64.81542237255339,117.89924643231895
334.7930246322515,166.255441762411,63.77656736754646,117.54741021549559
336.1319679139185,166.52315432344585,63.92261327005054,117.0119850934259
340.5336880255533,163.61886063882542,63.5747716917011,117.18350669938661
343.1906611849027,167.69362852860206,63.89105661513793,117.47931778303675
347.45646140436736,163.11016489697482,63.83411539288519,118.17158582961457
351.91416380647314,163.11421309375578,63.421064129455516,118.16348943605269
356.5598920882631,162.77623687164402,62.610385323274414,118.83944188027621
360.87876497764813,159.87484456544576,62.44154548717496,118.99628919755894
364.8861757618647,158.2106463862769,62.89384608006054,119.50231150212375
368.7833327485893,163.59233554666946,63.61228720809329,120.08927331664808
374.23758042110865,160.6714205060008,64.13800813057475,120.21399526422533
374.104652796141,160.1483661606831,64.4038633805101,121.26010395486072
381.26131977608264,159.97348369259583,64.53735301725312,121.60986889103523
384.4250587329001,157.83921993852454,64.00347895417335,122.98159447390029
390.205295778157,156.2583996734425,64.07419229991721,123.23543814499996
391.5878892402531,153.45546969489124,64.22174777775054,123.01581329805116
396.0551947593965,154.69269995117975,64.02329910484792,123.45340690726887
398.6434552198394,155.14028251049868,64.67691391161178,122.558241788631
404.18697028018653,151.09850326233837,65.24248073072329,121.90235258009726
405.47771262402466,147.14572333678265,65.57419473316105,121.06831636086672
411.5686122397945,146.8402196548779,65.01875708714044,121.67932372467621
413.51860759009327,146.88210238791655,64.02484654032828,121.59555825859894
418.1790142899695,145.65955531986856,63.367412183876255,121.1528593802615
424.32743260578223,140.45353340487736,62.550523898242474,120.08495486425224
425.4928254448172,140.4023816561108,63.05998489206739,120.18725836178533
428.2830150939224,137.7124360804592,63.18062536696205,119.86612973998338
430.9691239865111,136.717815831408,63.504129257967534,119.00750939999442
433.74512985488434,135.98188121702768,63.63367397772427,117.63860040050344
433.8394350537856,136.49730654416797,63.44506357992171,116.60774974622284
438.4244652173951,133.9542382179083,62.68822647714186,116.08507091578278
438.63733952251226,133.53282219004726,62.26247786690749,116.92790297150486
443.1622833626767,137.0916594115012,61.579213256543916,118.17685159856231
444.98511186461553,137.06230330618507,60.72906116444047,118.23556380919459
448.0967744075147,138.74846546636812,60.069191545721694,117.64496722236821
448.5156956907214,138.6447363536032,59.23134897930838,117.85242544789804
454.21728232079954,139.6730762597669,58.829197413691226,115.79574563557063
452.85408160692253,138.61623715063155,58.842428549582905,115.19625356197909
455.6999213050152,139.84795128516865,58.55996525152153,115.43743334196682
457.0909581548482,136.8173351260605,58.48116091133224,116.09212694122971
457.2682275209211,131.45132465258513,58.12662217918645,115.97814084742598
457.2701556321595,128.97913028030695,58.122765956709586,115.51512529011106
460.3382288447675,122.34033861771536,57.38032804799403,115.30843732404327
458.87077595746933,119.55403026567384,57.63425029129873,115.51908696554294
457.4878947428533,115.32411541241181,57.71155046816304,115.91352991496407
455.82541977384335,111.24884889314718,58.34092678185827,115.97734208051898
454.1983998181988,105.82510138877858,58.88757046019242,115.9952521574364
450.88445377738674,97.91070144269648,60.081257039434206,115.52143554245333
447.70999799554056,92.27321583972139,60.96872019355745,115.87350992926554
442.2464224380423,82.89308571495933,60.89124599030613,118.1268322014179
436.4232233890525,74.23692166136722,58.62300965166101,121.52452587197737
430.19502633337794,69.9976256657008,57.11240361103353,124.41631780251956
418.9053700925426,61.21411389816748,57.21836339818703,125.12832681669835
411.74430066026457,59.34256338689191,57.43362022471588,126.05005143164405
398.20974810002747,55.99881125203293,58.95581873436233,127.06046534340028
385.1423007990531,49.06230020830886,59.17171976524334,126.53404655803298
370.2609288071241,43.75288306727232,60.17448315023978,125.64888860056146
356.9671955778665,44.68539849476522,60.8367163010506,126.66443922420949
343.54905586176534,38.81304911948893,61.5106746273926,126.78143970549083
326.3497099433763,36.36909717816283,60.865149489967116,128.74899217362605
307.3434603793659,34.07852742633233,60.68599935894475,130.3923125035145
290.66502121334145,32.14217553830183,61.49798792310109,131.3063899370398
274.3234993565615,27.81077745839613,61.33370989020621,133.99694577931396
258.9885890733256,25.374164647499484,61.77958339804624,135.84777669524408
239.37602020528846,21.313652052747273,61.262313826640465,137.8545853759054
220.9851447382017,15.967440525201283,61.118184217386016,139.3155382951404
203.9596985823872,10.741709374058146,61.11528677945964,140.4796033930025
187.46256592088136,9.807949378901782,59.87083640137279,142.34712338331522
173.18400441794086,0.18981873611060962,60.36943478758922,139.7600877424918
158.8441985420315,0.32916697500361636,61.24779512691279,136.3923633299841
149.40158873192723,8.945318462843176,61.79890782071945,137.49416728070688
133.67654901780958,-0.8913299180366323,62.435402431658986,135.59795467035946
123.95759650185617,2.3385395256482298,63.483512093920666,135.26814757287144
112.92717782432479,2.2901603266061556,63.9949407282138,135.3649059709556
99.49828152635041,0.934885495991324,66.14217222206611,134.98663549442318
90.76059761486644,9.845874661815984,68.01428679606691,135.8885610615344
80.32595904917974,9.951544505562921,69.88588179559575,135.67722137404053
73.30087762006339,11.659164842517043,71.15406460862337,135.45747571143355
62.740106010866995,21.64031248066668,72.99108085186,131.56561958109774
54.93882758400705,30.065096467853508,72.65275173886444,133.84511476678264
50.229245320504724,35.69111483372461,72.42379274157467,135.45724273409968
43.5041237172871,42.94788719759562,72.93053797329367,137.12307047475298
38.295651625461545,46.01123380033114,73.54022395921811,137.53454940109972
35.65802049682564,52.660159784367636,72.24429165568898,137.3790865546286
31.19799360079014,59.047382626435834,71.38112974293145,137.64892847693025
28.124772375375066,67.26348526317823,71.02718537584246,137.46769024824331
24.697622804168006,75.80173759775838,71.39860862703199,136.59837530714452
21.440195313150532,81.45249101842485,71.44334176219057,135.0020512361261
17.458406043059043,89.58194777978142,69.76984611643442,134.8049280233115
14.927875371048366,94.90701661790854,68.46952544888987,133.6968633644061
14.52929299592325,99.78066511084648,66.12466793782295,133.37563316248168
13.883229786580593,107.65096219839134,64.32000504326112,133.11898555362768
12.482250175722768,110.563965119389,64.06024438758327,130.35469958902587
11.247612734919638,118.91946981113969,63.51269489993559,128.72781205179416
7.906184492194029,121.73653144772895,64.22846787902859,126.07723053179475
7.475804240094085,127.278365608775,65.08922838322847,123.8648838023488
5.858634710107587,128.47226363506294,65.38412186961449,121.47708774977293
6.099115833296473,131.53944171706786,64.90315962323672,121.16145396430392
6.423661910241833,135.80803550154758,64.254067469346,121.31368603419145
8.0908021509469,137.6047360775003,63.80736972695607,120.60786762130624
10.440336284574599,143.0656935994723,61.97783331414362,121.16407999513407
12.501341166758529,145.73622337336158,60.70204695148486,121.51546725077367
15.923121643885075,145.34808092585968,59.51715096922162,122.29175214577748
16.343569999213884,153.83294097268637,58.676254258564,122.24288940338101
20.75713625275796,155.59464021386626,58.26355324898607,121.52430142019129
19.449240562367255,161.41606517967085,58.092201436006455,121.03002426362625
23.551981978681162,161.57276026673526,58.217565902675744,120.7166340894974
24.875277613840883,168.0426710982166,58.34553084978618,118.8750372962542
27.589070334995686,173.85174554692884,58.41770045520938,118.25639849429533
27.341768882639307,179.41034145542363,58.912303359922134,118.10753952923513
32.749616498116005,181.53464637074944,59.09049482417301,116.60740137238457
30.72152862089515,188.46128972954966,60.41709093692664,113.67243322153645
36.04362478456849,193.19700235119336,60.61013132603554,112.32893251559076
34.03058914116423,193.51954614553162,61.94337159677652,108.99101391084668
37.622292374564665,200.7760759615905,62.75876759914291,107.80929172734106
36.191332640513465,201.03264150119836,62.958101691018726,107.29616064812537
39.85935139109668,206.27152402041514,63.5970923582023,107.45176650082509
39.697292902036956,207.5239207454868,63.92120933632175,107.61843079259822
43.41647655080567,211.43314952010027,64.52107261198367,107.8382038165707
41.532103774919726,204.25081737492062,65.59701406287293,108.73884760251686
45.60144187950933,212.90651152135177,65.63138708194221,107.7735577661515
44.77300662189778,217.68452612604443,64.5777068799274,111.77028214295571
46.464991652271024,212.51954118681397,63.94589753441881,111.09160916046505
48.40301863779684,216.9976194679493,62.801228253809384,113.06099135996321
49.69299393872209,216.86556328562114,62.962340464687244,113.3251037246196
52.40844416508296,223.2809664596184,63.026863208533015,111.48514376976006
53.88474649150943,222.0096433745674,62.79586237894065,111.30618611660152
52.66565618846217,224.71751064662487,62.519016111285865,111.32050531998519
54.03287546901139,225.18177599312088,62.49510533029317,110.39197462699315
55.55962072203229,227.11670893618896,62.13799859417276,109.21849251077836
55.901107473347786,225.9393502138687,61.45502509154177,108.90026730061939
56.13552425921807,229.7375747670227,60.986191519801196,109.27368310011671
58.9691698307264,232.34205096218957,60.62722560852058,106.718893325651
59.181332968524,229.6342496812801,60.20289933292538,104.30370876218615
59.38831036986845,233.96106654833545,59.78894453023647,103.35190633148827
62.04389193196318,234.60058026352417,59.57007284881128,102.07287890111085
62.008208260361535,235.93094766102723,59.64144019201457,101.93560690992237
61.93512892949113,236.99895803011577,59.78759885375539,102.32221943784329
63.08564363543246,237.2201795684361,60.01741552487226,101.87977636120263
63.0885247769622,239.8303650484409,60.01165324181277,101.71573379919064
63.389320929648854,241.1375890598093,59.41006093643948,101.62691558130899
64.99319575646919,241.4255832211088,58.71644602123882,101.05092725870998
65.12600329232089,242.64422747470906,58.45083094953542,101.10748070477302
66.72504662758553,243.58303287124943,57.74292375671612,101.72004938940219
65.60365732456708,242.29291565294864,57.49846328812335,101.81304475137412
67.42951383307103,243.96670572914286,56.331209304439255,103.43438266563331
67.97553097394356,245.3228032134165,55.23917502269418,105.69920022937303
68.27481468596206,250.17995938462315,54.640607598657205,105.9973881463652
68.4755183463604,252.17513004524545,54.239200277860505,104.50424897705344
69.71395564407203,258.3915148279365,54.23069280123485,101.94494788686178
69.85053891165303,264.1280111684918,53.95752626607284,100.1943298388023
70.03118763429227,261.8878211388708,53.59622882079437,99.87444390014247
69.2294903415897,264.6671971395514,52.8103906777673,99.09415735564579
69.19482972135815,264.94095033656095,52.879711918230385,98.54665096162665
70.44079939203857,266.24767543764716,52.745173258498056,98.29060144108266
70.7956747330913,266.78578408325853,52.035422576392584,99.56570863257058
71.11237007782614,266.93265393269644,51.402031886922906,99.27196893369475
72.44501148364373,265.8482015604731,51.07943863731844,99.09818411611069
72.4693926560995,266.6330643886199,51.03067629240689,99.86304070572082
72.43189768552753,269.01412066364827,51.10566623355083,99.79085627406917
75.01268837393843,278.50073824575213,50.63448195970888,99.57920952178068
74.53129159265353,282.48203698786017,49.26331011730447,98.61850825248725
75.16747032972395,275.1462903104695,50.287145693745785,97.21665025319376
76.7783251135501,278.6038377300485,49.35875049027145,97.18149850656967
79.8145887029479,281.07116040961324,47.8398058475867,96.8004356835511
82.75954241521546,284.8304049850541,46.43977390689879,96.01675975844023
81.83599454509407,276.3115576315031,46.07768436238217,95.38097218746671
85.52247652511161,277.6349367721927,45.2855443076822,94.92782187453243
87.04242076119675,290.14549099734336,44.41886701458604,95.98524757312093
82.92180956219286,274.9605906761561,43.96613934496001,95.92622297877712
88.05449231807918,277.629677061203,44.52429817474753,94.91745994530729
87.9062429168573,284.14486913622744,44.8207969771913,94.84579116455902
89.08639987740169,280.4892497973775,44.62439844526839,95.66528367476124
87.9573607972849,273.13192202313166,44.710052817532464,95.17297270746656
89.4302430057034,274.597281560727,46.097788919150965,94.40900389150366
89.33455680542137,286.2547158664207,46.28916131971503,95.07150758693277
94.70214417858372,304.7175634549956,46.517803363602795,95.42278949650525
91.31090136403864,294.32687975936403,46.69469148960318,96.38736437849909
97.64028973153123,323.5277132579952,47.35007989392174,95.68041298488632
92.20287468114158,295.8689937110402,47.12456768138028,97.71620897485664
93.78122846869606,328.06563951124116,48.45966382153647,96.20816938816667
86.96999767371244,323.60456489389423,48.6001467748665,96.1423328651024
92.28478134480338,327.49047894087465,49.212876358786374,95.11588292680257
95.37160536678053,332.4201842070405,49.7711419812479,94.23235728302527
93.02605979174153,328.0175480327156,49.981060786663356,94.07528494235004
88.47916295808469,331.66653588299545,50.1073427462163,93.5029430226109
92.90415736554027,330.7385057921955,50.19982219783071,93.12338613757942
86.12660878321991,326.2919576523592,50.36526152589139,93.09004385953187
93.71339687467676,323.0975742884972,50.829334488334354,92.77696095353168
89.40817395731813,302.2482286028814,50.490714594403286,94.20485654584569
87.36315928878872,278.876284141792,50.07569734648576,95.89827961826123
85.24059471632773,279.9443467968916,49.78020449366642,96.03246530693264
71.34820687742328,272.1128061256924,50.35860505185604,93.55796323625154
44.54631277253723,197.7007011968893,56.90703342788699,90.01243648936251
44.254451665468096,193.7320071791047,62.08867802989544,86.45501855525626
42.112279554991495,194.50206371873372,66.37302225084865,84.91490547599817
38.71520478636304,195.62873710836277,70.78916236512221,82.66155869674007
35.84363121856584,199.39061290925517,74.11757157960334,79.96728293718185
34.854690783308875,197.38249864462577,76.09545245011726,79.13131959086898
32.76111025744867,198.18893827893382,77.83821428814768,77.5184403222529
32.41340451819325,197.21469812133586,78.53362576665852,77.02036044318626
32.085902860263104,196.2952801245189,76.73898898764679,78.85919643682017
33.33024506599251,196.02262613084974,76.70061282963614,79.40450442415853
56.49526203261057,263.16849594158873,69.70267663293185,85.23336298907518
58.77189650768627,261.23230057274077,65.14940768278045,89.10575372677107
59.31062616479189,255.79089335968453,61.650068123231264,92.72292741686972
61.92992149923616,244.35064395596135,61.2489324442055,91.41615127500224
59.93052604211705,242.52208287612166,60.46290095808911,90.28845103432698
58.312756719041246,231.03828220354004,58.97365439417575,89.63212632916537
61.51003339975435,228.92592283189907,57.23462961672655,91.52908078045881
60.02754633811897,217.8420831473708,55.54536216951308,92.75267308233622
58.796587919898755,206.2478040088247,53.37337303805979,95.08865450390665
58.25908985149512,201.8164783497553,52.13357286354591,97.00691688808197
61.527044789553514,196.44926093398402,52.56348092951515,98.45359446350982
59.6624057739396,183.60784465127756,51.59153697260453,100.63031708823054
60.39952725661574,173.81091465393504,52.483185742177,101.29704320351743
59.15664718811112,166.5771384289026,52.577906089892686,103.80939670711444
63.48533141598646,162.8127933836266,53.63865735202681,106.47902693872408
62.38494283947509,149.5608950296809,53.352459486819015,108.1130734643102
66.05141833474849,145.92925068651937,53.5373247142867,110.36448467195697
66.72297798243036,141.40844993925566,54.736255355306504,111.77993635733364
71.10358955407912,137.2808429195776,56.309225347605775,112.28450554499221
71.90376810874638,128.6397178030868,57.32704836156995,111.23949491488312
76.84549110847848,126.8755857868768,57.92531827882567,112.14732996812313
81.61144709450578,122.78039060202657,58.96965089167852,112.40553689914302
88.1149122277602,118.44131376128743,59.29182846120136,113.08622587900233
93.68564475555334,111.47217267667926,58.87582208352759,113.61768470082801
100.56286155463106,107.00702020256256,58.531473499030454,114.50193864086647
107.69656260201643,105.40980656714078,57.70937430511129,115.00730533153973
120.02254990631292,96.07392135001396,57.19781880795647,114.90319423467474
127.68835613214964,96.78215744289724,57.897564118108946,113.48672204890818
139.28168124756908,99.43021032024038,58.68003257388419,113.51708711346947
149.94837022420228,98.62421403160882,58.764004279137936,115.1290796907326
161.37650199478907,101.48327404140763,57.52590023237021,117.51776948153716
174.35724545165112,95.40272348096971,56.00677338830493,118.81559946034241
186.74887950515395,94.22847283415759,55.598419210769734,121.16410075396666
199.1655084269219,94.03737442795166,55.38348122305756,121.54629756637851
215.37823082032224,95.70462748923401,55.803939663380135,120.94895004607406
223.1378490677958,94.37141685180808,56.699729147556184,120.87953365773878
238.52323533532416,100.73121339803804,56.184284248861886,121.91236221817084
247.64772707329521,100.48650792622219,57.23085005336207,119.64526612173935
258.0679599446657,105.95452721691818,58.32440924448528,119.67624000727946
265.9156924568628,107.47417697614503,59.19626178525303,122.15937967721304
274.17225712031666,114.9327767901427,59.558939954440504,124.11798754531291
282.8534893542877,118.70844712718531,59.28166616281965,127.95677398877524
289.9763668545006,120.07656707621585,59.52905604005531,131.01779204177873
293.8274883166676,126.66969089513749,60.66921673337856,132.56888376669744
298.899465141327,137.60322276726586,62.48523898568662,131.63177785028768
300.0064842773751,138.9666676423327,63.27928518765818,131.9129725742217
305.8337518982862,148.31185498961148,63.72880976218013,131.37868760418058
304.1479262311669,150.226720393268,64.07442822241242,130.57498967087395
302.56845149751524,156.24688877529087,64.21308692650004,130.61581595969065
301.61134190848384,158.14294321115466,63.10401335698975,129.84699983553617
300.4003355538165,164.3999105149261,62.53321897720601,129.30429358446693
298.7032018613886,165.34904238561808,62.9525236887235,127.40602984308296
295.66407121923396,171.8024498209222,63.12178314538723,126.3172186277659
292.47441855943055,173.1916416335388,63.618089307361586,123.53883500253266
289.7658047330166,174.28238214192874,63.21663004927916,121.3573539857528
285.6776533889978,176.48676017073032,62.78173650586753,119.81899667196602
282.53235682534705,176.24316940815964,63.39170094345599,117.46586385225082
279.6647445055546,181.42030293503166,63.494635571342116,115.56003181605483
277.21599571609414,179.545291843085,62.81253891545602,113.73045976514112
274.7847266079289,181.02722400307343,62.17278869025206,113.51773966593144
272.33383284471654,179.87512007561543,61.600411348561096,113.08486508678962
270.10570464043724,181.36458912113068,60.614836767674156,112.82684249048187
269.5089251975716,185.2421839199772,59.10814811348273,113.17239551255713
268.6943059400104,181.9353505469382,58.0579133297556,111.74764236208644
266.49123122405484,188.79802119944094,57.183113080990026,111.22467525877278
265.3735957742002,186.8372856285189,56.80065276366848,109.9106839665555
264.1988164379373,190.19627734333852,56.558356180061764,108.37641104918143
262.83788355664325,191.61270379995233,56.715071129323185,105.54355813595386
261.6187068290098,195.75586748180325,56.627261284378996,102.30955737267428
260.33101780182733,198.26241378254045,56.72567901360418,99.77342509633947
259.00856641324816,199.3005493136497,56.929449337897445,97.69715403412094
257.8681103684107,201.2677224227101,56.79654802521971,96.17662121835275
256.73385848918633,204.61398964188373,56.67606487068751,94.26206060596752
255.73687298190706,204.1059349399385,56.3115537289944,92.91968785360636
254.63214799249968,204.86006479043522,56.18865035145988,91.41142815261293
254.85264472097995,208.02443791621982,55.74765689449937,89.69829234668119
253.9002171796215,210.87072485082354,55.37767828902043,88.5553858538654
251.51174903285175,211.45997463231268,55.65149953353375,87.37688629088711
251.54811518374737,210.76899433456632,55.57876723174252,86.52032671418955
249.60447371864612,211.2975915740785,55.01709246366255,85.46313223516516
248.6746070690269,215.05627038415267,54.67756632701397,84.54355292267775
247.63787179946357,215.32641485071338,54.57122680773936,84.00326398955634
246.70862393029293,215.74477919475893,54.25978733165954,83.16653530146522
245.89583423907877,215.98889706372802,53.73317513134707,82.67829956352708
246.15019937156504,217.11387425010096,53.22444486637454,82.564432899147
245.31430883936778,215.56120526989974,52.770334384211836,81.41798776643488
244.6811985405098,214.77075482588674,51.93542680651106,80.89776047904402
245.15765446803516,214.32484868553095,50.98251495146032,81.78957275975563
244.6948130567443,207.9941322022753,49.83141758538214,81.99032459430731
243.77626951224747,201.83246478869316,49.608073319888646,84.01150264903583
243.89793128582303,191.56196047072427,49.36474977273752,87.85862709048979
242.76633317438882,185.63476543619737,49.48831000727376,91.15447320621462
243.90321366976866,174.16818787080854,49.40496236580121,94.37390819340743
242.56778108924516,162.98918431830396,49.83945112676881,96.60452769770178
246.85724168511427,154.17527953783437,50.36699896192827,100.57263371829448
244.2942273007175,143.20667242217888,50.80523035305923,103.75865843895512
248.33352396392536,132.07980558177564,52.319032661597134,104.429501941116
246.52563698655166,127.99992594059451,53.50066685939382,105.28684195262619
249.99271827005327,118.76269882011482,53.96786446264559,106.4914557963239
253.03911271797827,113.43758753574295,55.353610024050504,104.67745426964272
253.65664306846827,107.83951370413287,56.60861794113235,105.91332746061553
258.2187274232271,106.59420590177271,57.60358954832806,108.40394306533585
260.477526955145,105.08385111081435,58.25300883611733,111.42465264725259
265.6511444961398,103.38146150884126,58.46211572949179,114.82943185119876
270.4742121966674,100.86255032801975,59.58664692801147,117.17458756294805
274.13867737331566,99.13938790701916,60.497097664264345,120.62091240494922
277.96414109940116,98.86200678976152,61.284237321577635,123.9883636759593
283.5440701592024,97.95927810746987,61.626780184208386,128.66942128610097
287.6337918548804,96.93190919881984,62.297123644899486,133.6740880540834
292.07574854406425,95.63688312140151,62.516872442104685,139.29869426744435
291.2713121670415,98.974319107974,64.12574519615026,141.98431429117335
296.9441626111647,103.68401211317811,65.529667324059,145.31455129692034
294.09802004049567,106.86403790354754,67.96154406998225,148.73572490242617
293.1952622900626,113.53206289756426,69.76705957084837,152.163487600034
290.71229796110856,112.88829086243348,71.29876625423356,156.88525364481842
288.1320762352642,122.54022626349042,72.92951809689828,158.75953249684866
283.56642116007345,134.81804684946368,74.88980905733801,159.30245848969855
279.16093123725176,147.85127971436395,76.44543002429188,162.25742827465584
273.1003164489049,157.65437904769658,77.47303296904862,164.8384828718646
261.53583845453807,169.93008500984712,78.0815283742649,166.5609416283339
253.55992537713428,184.45873454504817,78.87686957323231,167.81661246961212
246.12441857802963,194.4513610140058,78.4627033429621,170.75912927441613
235.32193721914211,201.26174998371707,76.9263792458621,172.56587587824362
228.29298420869426,208.81278904201537,75.55961687592588,169.03229905477096
220.97693609214832,212.1459739366346,75.0682337789226,166.1467990980563
211.0794461262596,219.55177270273933,76.21145604917035,162.52625616276458
205.54019883421844,218.9680046163495,76.19682657733223,159.99608431690407
197.7048456807459,215.48575573262585,77.22521512267366,155.97884376314863
191.92305221177637,211.47471004124333,77.92948209568675,153.14161518098777
186.11050204902222,208.9737151250477,78.78338104694782,150.9628040972142
184.95786246048968,198.8859793440394,77.51552792482357,149.69948186409465
186.87608160642125,193.10651344379966,77.21184838059315,150.66013742167604
187.15172423013692,177.454524253672,76.66056313316183,150.08948029653848
186.80951672265837,165.4816743939341,77.34497814811894,149.36894671148147
191.40874163058538,158.50427566409473,75.19646601928568,149.22386879711863
199.1610025244783,147.83468029585754,73.63505923685193,149.64838702556497
201.2734251023953,145.4660662004618,72.87517436199686,147.45569465439868
206.8944504492247,140.42757832374812,71.89228820329083,147.27350587287322
213.94571592503738,134.94145297656553,71.38979420349932,148.04572885336302
220.86595745703244,129.99092594906213,71.15953450188911,147.7391153865849
229.57602754533664,122.0603086082309,70.70977273552622,150.02404734005088
236.1544027209446,124.09188939887576,71.23127058897369,152.80000986109286
243.01384312553643,121.37909923579151,71.38877733448791,154.7564932985869
252.0649612935694,121.62714142062933,70.78814883815701,157.7607304968583
262.3066157800743,127.68615125452249,71.50549927409747,159.7764837683722
270.3745224357016,123.24125222627632,73.24620145007945,161.51567562996996
280.93412690818,126.34270986691848,73.91369545734838,162.5749946660942
291.1069321363394,129.97207176568267,75.51736672337933,162.63269810934906
301.4818372268912,136.8382059023781,76.89034384185256,159.96182348574655
314.25060309727064,142.12132080367172,77.05788760205775,160.4120546121439
329.2907212303826,144.6848593464082,76.43076326598592,158.96661651793997
341.9624335259828,154.6215239732659,76.63477830192548,157.34145842646745
356.8137595196415,155.08728320320924,75.96773501408644,156.4099399665808
367.83637336442723,159.01566321653996,75.5480541954743,155.76169556357243
378.33459137152147,152.77345585294117,76.07660900007696,153.89611641157597
390.8266128542305,155.70681840832162,76.07839890805974,151.5987959970152
401.672093770716,152.9562064484057,75.60231287709298,150.02839464951228
412.5850686597319,154.97839747089154,74.80383986154877,149.48859206495527
421.83716149325153,156.66216108286528,73.71398698996273,146.12106484100772
425.04790268601124,154.71039685066614,74.12190523948864,143.19519267036068
426.8968710539981,148.84692115901163,73.80279082372046,141.40685477284774
427.1928589245894,146.14736984678257,73.21081508253779,140.1118313974983
427.3409390008446,143.42041702357284,72.91465493002733,138.93003043870868
425.56564319826043,140.25802482117524,73.16985426572208,138.6640303045565
422.4318194206539,137.21492637058407,72.84577215436386,138.15849753916754
416.0620651839696,133.9694732705364,72.45382235200934,138.0836746014013
404.95784404960887,130.27510010019725,71.73704812738698,138.92235908683858
391.93755472053283,122.72139109151891,71.57746990144946,140.92969866215049
377.09615592568247,118.94205513146807,71.5448296569987,141.88493995244073
358.84093753266905,117.31442623407412,71.58860775871577,141.82504695774594
338.6680752449919,112.44815592460846,72.15397496119391,141.61249823345818
311.7272742854524,104.90525885645015,72.88874519355412,140.0899074676752
295.0220109742316,103.28287290446433,73.17935789270506,143.33467937164684
266.92562319042594,101.36979372692387,72.17351606175131,147.16083772672775
238.2468209942824,101.33357507911742,71.67598267030705,150.6365184213837
208.14081930052924,99.55555731061851,73.31728781901502,150.74721876786398
178.83651124320457,109.66585013879148,72.84234171723203,151.37965507025888
147.0840817328105,108.2930210667356,73.77052672058255,154.12531321437064
115.06936272407314,111.83426948319544,74.21140595630075,154.10821180164612
90.53100241877668,114.02144489337704,73.72644509604922,156.81410119140355
61.71193986716255,107.0285304487958,74.22654983369002,156.51542498916916
41.30707153339586,117.18030434861336,75.70582360322065,157.66485695208098
22.488240427403674,119.23124492395849,77.16324326256208,157.18100005665502
2.0763999446088803,108.01525298536536,77.98785982971205,157.79531244378327
-5.941646396374974,112.76566953926145,75.72615672271954,162.93271596715928
-6.154313463155436,110.21631052238232,72.45634315082387,168.03143400091756
-8.201264711382606,100.42378989196662,69.1268753949741,172.76973475714075
-6.650410570327303,90.08450633754961,66.0251671128635,174.843532296479
-6.1029510239760825,80.58550324735423,64.93024802016106,175.3657060414212
-4.212895892496892,73.29666058449126,64.83306157087189,175.2116961124703
2.1314805764312226,65.66692204745249,66.86016786434708,172.07634914738355
10.108615918410855,54.750820321041104,69.25810606552741,168.2154601610109
18.147331741033142,44.04740648482293,71.46900706721229,164.01862212774603
31.38319975089091,35.05247227689388,74.0865589561954,160.19152461208014
43.44652633096274,25.163504226813075,75.34601833608917,158.20993567792397
62.13816698155618,21.181772105070593,77.77955657956838,155.31426731831817
75.53016793390705,14.675561554714207,79.95270622771267,150.22846869850218
91.24273657185293,14.96541776145638,80.76931234051176,149.64875628501784
108.65069974442392,12.156241768137505,78.24421574430004,151.67923829955222
125.15115648593596,1.745410696993062,77.41266523159243,151.05465846163014
139.82598419161206,3.5994662594507076,76.47002326861005,150.89742401776107
152.76102526394197,4.3100087538900596,75.32607443517449,149.47633902888236
168.46103815613114,-4.825766892120498,71.85978874376605,150.28930276279732
185.56534379125154,0.008432026969970252,68.64243184991226,150.9513230500787
199.4204974699798,0.6393692421348334,68.10728941316617,149.689448619749
214.70571043385587,3.7436236350387873,67.85946017468937,150.21929465378005
226.89629766195,10.144089336379949,67.08597336689212,150.9084704787497
240.6653567847659,11.177664943706247,66.49936577033768,148.8413192640971
252.18802783001496,17.503763784623118,66.75446699745349,149.5036606208999
262.130561425959,18.60193959205695,66.92577727353179,150.65003858402662
270.6370033359794,25.734338440648628,66.72475565815333,149.83473065057302
279.2454240370702,36.383124439255226,66.24296620377751,148.61922099072686
284.198902525143,44.31289331764678,66.29872325852172,149.36420661876
287.85718010121644,48.466610200521174,65.64755146376116,151.05484788909064
291.14555691109183,60.24325709165166,65.76223470306759,150.9215831135299
291.0003231450923,70.02258536810305,66.0527022350667,151.4377974982046
292.2773923931153,80.19263047081822,66.85697550545082,151.2481778913546
290.1078485588987,88.9996564963332,67.82622768416368,150.48330328892607
290.11836363433304,99.0557440205948,67.80519753329499,150.62579135184694
288.3604860173078,111.61846263471102,67.94347600205533,149.1426914806455
286.3338166681519,120.1353649771205,68.63845417830012,148.90068940616214
286.67584390987344,125.17450604515909,67.95439969485696,148.92345236640347
284.79041700704494,134.46919059815912,68.36988765372556,147.1109124943456
283.20085009195424,138.96469298585362,68.21274468460342,148.12873811686725
281.49687956372065,145.09164031013682,68.27234923600577,149.26818948855998
283.4424664856987,153.83200168471586,67.74712342548827,148.61720690659493
281.72623885874935,160.9705747019971,67.83229648979045,147.72918963041838
281.52514394075695,172.2621673992944,68.23448632577532,145.1611979991834
281.4417738141627,176.548230594002,68.40122657896386,143.20011611509
282.92941814080683,185.5130810460514,68.70578108281914,141.66963099670957
282.6399300482603,188.04849673628783,69.2847572679123,139.8616033668821
288.02945696404015,191.95159540927688,68.24497094404373,138.54825102603147
289.39349492260476,193.15180133500098,68.72608724831804,136.14783917458328
290.7479480107555,194.31515391172056,69.19956572702583,133.82113402114413
293.6944038305289,191.7424541622089,69.61950685910512,132.6536807485414
294.99884315467193,189.10515151271312,70.15712729447873,131.63528788021358
299.6706654701919,185.86156845252083,70.23572336553495,131.84096019920068
300.9980828425756,180.90583645508798,70.7260108121785,132.31705761983326
304.2117624465029,178.08165346977222,70.61972574575873,131.64434944903007
305.66665319376796,175.1526055144035,70.85875339995243,131.2048270623201
305.69978379098416,173.0384777076847,70.79249220551998,132.28665599734754
310.0112415501891,169.4799368482918,71.65326322634192,133.08128002331222
308.1774678002739,168.14708679060539,72.13313206000292,135.74698013868502
309.45944180236813,164.2605810072232,72.80433956504811,137.04968068698227
310.4013570181333,168.04725661384083,74.1863503125596,139.27385301087284
310.13045964878614,165.10884538834665,74.72814505125397,141.8283945567374
309.7764587988753,170.34448493874058,75.43614675107565,144.83376871918165
305.8838689365282,169.3456572157444,76.37031170239848,146.83142416517398
304.44153053679685,174.85000503396031,75.78406295533534,149.70643071484548
300.5080885512063,174.38760652773624,76.64494284993751,154.13422976558311
296.4794561879154,177.67265542862344,77.53674047581077,158.3123326148715
290.58051595930976,177.3065093612368,78.35673492338425,162.7039200861907
286.7387802356754,176.88814414186947,78.56484108026508,167.27833317011928
276.34854395245327,171.36396261389362,80.30527513408654,170.71068082102187
267.8755794037759,177.93134936209808,81.69766817695566,173.12944337909863
254.7764758519104,177.3731229656943,84.20836013022745,174.24589617190617
244.65653668051397,180.02396166102167,84.40861111725113,176.96006972355912
230.60016897431709,183.8251299065093,84.16423975563104,177.45976373944492
220.30520459966021,187.91746565662203,84.48395203101032,177.3831788287932
205.2326982386449,188.99649783362736,86.21947859652742,175.2251144747826
191.74626166506778,187.80410366174846,88.84944075567272,173.55275098720548
186.04509174507098,186.3876421098695,88.01736177529617,172.3075344841734
175.67039807058032,184.7536359880403,88.5391331790724,171.5300235387908
169.4028377275709,187.27173932773042,88.94492772014577,170.53692557439243
158.0587543985032,187.0991365074805,87.4200431218515,170.88213121489224
152.39308132734413,193.74271780662133,86.7084504104746,169.6379074703057
148.73476533791236,194.58512820131756,86.05750399942576,167.9530866809132
143.01801291019768,196.95788587396024,85.64746384292133,167.1554196729391
139.53131073079928,200.61792396260654,84.7627165482091,167.69349514915552
138.26802455745536,203.7822506708054,83.36759394023264,169.20823164208642
136.8254282274229,206.97099465665764,82.33306410817735,170.6701886546224
135.44967780947812,211.09529179884007,81.16144664130023,170.2678309757908
135.4914456746858,218.0738097323905,81.07791091088492,168.00136463858232
135.72624328074772,223.34205864553013,80.60831569876106,165.18953318935465
142.04417457852938,229.31417377526648,79.41177789725845,164.6846277239427
142.20678944675893,231.00335801753886,79.08654816079935,161.30625923939795
145.99108590389923,238.88800004457391,78.97784824000564,160.45676117230164
143.39064156884154,239.46732897383504,80.4630947890245,155.58246119268276
147.17403898578226,244.32863972368986,80.23608389227468,153.19962363010478
152.09454406972543,246.21421448457983,81.28802012392381,149.42847410832485
155.33414866614783,251.34341914442922,81.99580398008848,146.35705783763544
157.1184032414381,249.17693232497083,81.98751471942106,143.56959169672587
162.69948461716538,253.76003609519063,81.38183532053955,141.4410397246683
164.32359628274514,253.56894331500627,81.61062102368857,138.34621625072847
167.8740550899838,252.77505684997456,81.37962062030402,136.4990305752455
169.5501026619873,255.27582474063607,81.43112538778115,134.9010947054066
176.70758610186994,254.19217530235025,80.63892191169036,133.68770273105957
178.3300254111385,254.49156031924545,80.74331894676008,133.08893269726917
185.4906302421697,250.85189760547036,79.79057840471627,133.68402356481008
191.12953474076826,252.25790753345132,78.51751152145512,134.2069177468269
198.14428433018554,245.32523267456378,77.77268512215403,134.7875946850685
206.70169475363144,250.77439039364103,77.24368879909943,137.1579388659838
209.49977521288866,245.3038309377909,74.99081043657063,138.069210109727
219.5452073526127,246.271840332252,74.80980965681954,139.45150190408762
229.35263529948298,243.96560085606984,75.20845166565354,140.72839787268956
238.86104698749153,240.94985307927902,76.35893800816669,143.39867513984947
249.70442235752617,241.66701434648678,75.19371394757339,148.8048614985927
262.86045048183837,239.22638246437674,73.23880189088544,153.68612526281274
273.7500038068944,236.1482025184465,72.56188859862542,156.32545292836448
284.49617539526616,235.77526919761723,72.33155716087136,157.07131957002304
298.6117649579759,237.61576495334407,72.50430173140006,156.94081852056283
313.19082562253607,232.57712705233376,71.7591017789785,156.36324880632142
327.0846797619633,241.76501530315102,68.68259278582433,155.63832893732987
344.33492126226406,232.73305423314252,68.83835402325712,152.90850453452632
359.68345284896947,242.23690652617324,69.00013001495415,151.04459948463588
371.3507310658957,240.06336744900528,69.49722164316302,148.5826353355258
386.2641806992156,240.75195119127685,70.0669240363219,147.20546785098264
397.33825550082815,230.17523938677917,71.48966641035877,144.7879994827161
408.7165862408119,234.79495056950205,72.22984106458387,142.26195886989677
419.52539413801,230.53380125310923,73.93978483052763,140.78673197682244
432.5315964621201,229.60088971467962,74.64980968505314,139.3122513658385
442.4667398920619,226.42855082973284,74.76426749505829,138.99534757910249
454.0652675527736,224.15094373465598,74.86379680001697,140.22247825120164
460.02895079598767,218.86008850184146,76.32787575301971,140.76060463725753
466.04775536857,214.66295911654916,77.81371136259551,139.01227984178678
468.7226717684581,211.85892690420687,79.22469716184997,137.85952566744078
472.0263666961563,206.7419743075581,79.39196688629725,137.9314414909727
470.3176200061688,199.80378926696062,79.41822684979155,138.24287790624462
470.20760121810537,192.99549236013306,79.63826442591838,138.27429248131153
471.9001356258938,183.64229634183465,79.65368889536876,139.97821809277158
470.25244894641526,164.36079340454452,79.52306316784059,140.85523401601415
461.40795538703645,153.71921737294667,80.0282515788832,141.51782762995185
454.3683916320311,113.34616780546021,80.28675401748207,142.7953326043066
440.4729851301722,120.35918589060974,80.24993376926457,146.16156721646703
428.2185643985634,112.80257301652627,80.06584168852088,150.69210716007913
413.1798602394086,87.7537537909331,81.41380891880628,154.10440384322607
396.0917727236617,72.07660131953018,82.60932076771451,156.14256373484469
384.0525339567384,30.17003618321266,84.39766043801957,158.22518850782734
354.499362768151,44.33589175963294,83.08238592844089,163.88063685378555
334.75817921902495,24.62443356355793,84.1968322174073,164.93563243664985
315.254907829006,18.56885619711872,84.48841728876519,165.43229985692426
293.3882864213522,9.372788105472864,85.49974729299069,168.2891950180043
271.58958482144135,-0.5190741639977858,85.72245225257194,168.35714762956363
249.84844427196094,15.425426749921073,85.77679116889195,172.00009849661387
227.28912793754168,6.244973263532643,86.8700913135937,174.35179364243194
202.63128852614358,8.703199977941182,87.51798266456443,177.5466381255858
186.46500295109524,28.568081186201596,86.94165285212685,183.06661453254952
172.05293045532196,18.004698171383495,86.47645468419863,187.45661304248583
156.60757601456746,32.29390465489014,87.6871840582047,188.55817958297544
145.3035743573838,37.712844199636336,88.909186437052,190.55190105479508
132.91614318466907,55.647836024009536,87.71858286390102,193.6301162839194
122.16018524392811,74.23686734772397,87.47301346010347,195.61552714999357
124.44086572214437,87.9731712396316,87.28766241098378,194.39897881005538
122.56600140985275,111.02786661721686,86.68229419939868,191.84055641656852
124.87086029724279,118.93063895697995,86.37989805194604,188.95697661902466
125.45277535930411,135.99726659512885,85.21606792782339,188.9047040606187
133.9668984888713,136.17771453099232,85.14363166467069,184.30485568989639
134.73083419404549,151.05524730317717,83.61576025432234,183.7455883676804
144.61450124785384,156.56346537515347,84.5281153374895,181.00102790004138
152.47817963997042,166.48980463290712,85.24869747576919,177.59628830704688
160.4651448926264,174.5559344725334,85.57445485343845,173.68879454003027
170.39126103960277,175.62883746721099,85.83973927283785,171.5429885506751
180.44712170094832,187.65879929825033,85.71152017413954,167.4665671125892
188.2028081893781,188.8812896206017,85.9391268896581,165.0215864678864
202.54433384225683,195.93719531527367,84.57548706017033,162.6180942826581
218.6508270768433,205.17981042715707,83.11453250990209,159.5088800183437
229.29844864740494,200.1257493712405,80.68525630499687,158.29742196844595
242.7885054918267,200.93945924290125,79.70005149760627,156.67000222512448
256.58163986376593,197.5105887064965,77.82263463923485,156.18235704493202
268.0332158010933,190.10531207970337,76.71806863770314,156.46051971643624
278.7960195764596,191.3117882835807,76.90060367482295,154.04756730868155
291.5912871141806,192.1478016532321,76.41130482856693,152.37554056937876
300.2614753079473,189.05379066619662,76.83565368901034,151.45767244425903
311.14439248445217,191.9515529719729,76.35080228158341,149.20897832363696
322.09054851568305,190.4677823304381,75.49142868520988,148.67102986235847
330.8123651340984,190.53055390751933,75.46165691670413,148.545486708196
334.4649334973726,187.84626876261586,75.11735596227408,146.95322122588462
341.30039876332484,184.65487009265547,75.25093725853172,146.4337626517242
341.61725291073225,179.49969964915562,74.61722896371688,146.40667273112405
345.23611625306546,179.5524919473907,74.24847042239327,146.3010881346539
343.57982493707715,174.69092391990455,74.13448213440424,145.74451142972916
341.87588285700224,170.15248147592467,74.12592267831889,144.57206546898317
340.82496912876246,173.67859134970115,72.82864979315897,144.31804640470907
337.563016312467,167.57163438797755,72.60658661503278,143.04002270672214
332.92230776236187,164.88108040321163,71.83674706901954,141.7202929121049
328.1311264456997,167.79714738914353,71.46576654619902,139.20593999228942
322.04342722993476,164.5415386277681,70.54313644529729,139.1681432488245
314.1586887707255,162.2694019767926,70.0224426164499,137.19634825186907
308.0921303283549,161.33989711967,69.27501067864425,135.83522076047757
300.3963196429547,162.4858734352519,68.73023075666461,133.5432681293138
294.49939150459284,159.93051481107386,67.94703652031129,132.3654601211313
289.15923791217375,154.48974200507274,66.17342235769975,133.90656472254634
281.9696316276356,146.89668115575657,65.0256315774108,136.67108374168635
277.6933538781818,139.57381349036092,64.20070471838736,138.81350926190305
271.1703230328912,138.37994150271948,64.67624559093574,138.05862303267773
265.4126196656114,137.18085313647572,63.63184006073338,137.31684669897476
259.57550754543547,135.9438031700522,62.86244777787918,136.68004250102032
254.89825158305723,129.50611715539804,62.952424562251615,137.20270100981648
250.1347390075566,118.70145201727706,63.187388008552105,137.13055397508987
242.54782608537474,116.67559410906897,62.85912250336669,134.9814332516864
237.75757595527062,111.988926743449,63.249404208032985,132.10114324220373
230.5735171765418,106.75250797386094,62.476320588768736,130.4610198400023
224.40310259766437,101.579660657136,62.853729773894194,131.8341494939802
218.40953997594698,98.28248308377103,62.77103178218792,132.39359302313957
212.3836502852351,96.63513326055397,62.72612410677667,132.66412090536494
204.52748287537207,95.6164426350676,63.301799334062025,134.70150215633768
193.35618796886143,91.17563136285129,64.17496102581966,134.38194122022875
187.3799014550802,89.49181369637587,63.81703065514713,134.67195070362087
178.25908472332117,85.36148724341894,63.604956123930336,136.7813676112898
167.4530392083372,76.71609854668095,63.49855834994655,138.55893871622882
156.96196483029803,80.1679417012904,62.59424539208631,141.03516457012648
146.63332493318188,78.57313371947123,64.37121214711765,141.078061693898
136.10958220216867,75.3262966011429,66.34742781310584,138.03610103253556
126.29554778526739,81.33871296916266,66.96297724071435,138.68628123395877
112.69768307186546,85.03340659040165,68.64711046280198,137.67479304265981
101.25818767353871,97.10122138350991,69.10243829849458,139.16620684039862
92.52919023097702,105.11525177636628,70.39498188881598,139.30359734948786
79.1413679744474,105.20114008809088,71.11094457933363,139.13182072603865
71.01455539694834,112.55962410512223,71.02806280513082,140.7513596211769
60.33711069726885,118.4346750398598,72.64527887078229,142.1597066408401
52.01503072491966,117.26909636336848,72.5985464471833,144.49086399382276
41.47419787475537,116.84187244021133,73.45098029798287,145.34531184013704
32.41969151837434,119.37851381034069,74.56604662704088,143.6708183766191
26.550250280520636,125.06332626544712,76.1245708483046,142.48155172084992
19.700962512082512,130.60856540011824,76.21220745663622,141.59927764791615
14.243837598846504,134.71094323454258,76.9527318587976,140.17700559527458
8.393038365267756,140.7774017315137,78.50553392563765,138.1928850016498
6.431274073273308,148.3119444913441,79.04900664042032,136.6440229588139
5.0108403280748135,152.87082769713896,78.5235436469435,134.2589175149718
3.89376713793952,162.55668391834638,77.43564781088234,134.8194583705474
8.478383218458468,166.53324766343957,74.89025595473193,133.4901711852485
8.682409699379463,175.50745862924776,74.48220299288994,131.78664999712902
14.839792416287885,181.22479000450815,71.81794906382044,130.00249875135557
17.406919135259855,188.7565144202444,69.82877633912491,127.51937277287678
24.121130293084178,188.7849430210358,68.69822415154113,124.38804803927776
26.118312966733818,194.96586776484278,67.7128032230646,121.05303180813199
32.67363465856637,199.21681386279022,66.37364144516323,118.43688041511902
33.83531127078518,198.074697155048,66.9316738217041,114.9583426286465
38.85564570631142,200.65660966645584,68.24835387493533,112.63385483690169
40.709557323669905,205.97060662161576,67.36754816531216,113.31393102695705
42.89178395075457,207.13732533883763,68.64766299786993,113.80277763587684
42.18152869552702,205.8997099648326,70.06817350832503,113.42685708625643
44.61981405456917,207.70360630978385,70.93049595906287,112.68851098076499
42.87639290493946,205.0631348187952,71.54445500588422,112.22368745786623
47.1970897896917,210.30612220516062,71.53167875625792,113.24253604497294
46.017791796031986,205.25476667045285,70.99903902450274,114.6715399571647
46.33262513757016,203.99333727562077,70.36937234142638,114.2907443434041
47.596468840731674,207.0459461118225,70.72908068928825,113.96031817937033
47.619835535129006,206.00717052325095,70.68234730049359,116.03786935651347
47.68769787759992,209.45020058992878,70.54662261555175,117.90793319608488
46.33604265919777,206.8655808802894,70.30566825654637,120.13290781955396
47.86837129341577,208.91635452152147,70.2142694795195,121.97787751990808
44.90067908596558,206.89225014560037,70.15149735128412,123.0270080001824
43.25274203064184,205.01434330718337,70.4338145587337,123.76926477381843
44.3111634900386,204.2491655169498,71.34631614525732,125.2996203542856
41.34720762975199,207.6498269012157,71.13921158360279,127.70082200909545
38.495085658451536,208.96180628891094,70.64444500588662,128.17636849386344
38.93351365773329,215.25891211768192,69.76758900732311,127.97452452428638
36.485129145762976,210.18708433143166,68.50408465475779,128.8777700320279
35.82844159432655,211.7312540167328,66.74565085376545,128.86123956529082
34.534299885321765,209.09841922582896,66.29258739762612,128.04421539880076
33.15359916931268,206.20415302692697,66.03243946496501,127.78964906724619
31.8052035779237,210.342660194938,65.71589867550146,125.53929867570722
30.278861158207043,214.80852032629323,65.79375407494584,122.55723729297456
27.570991065121156,215.78728623470963,65.34491610940617,120.59970547614178
26.43042106095993,216.65876408133582,64.7302963120764,118.85674978288937
25.33191121735046,215.46251102855064,64.06776724176927,118.38970713093362
22.881823288275765,217.5850745690901,63.28528068181654,116.98591125890579
20.34016425494724,222.20906347676106,62.7540985790767,116.15968369765916
20.729414875737177,218.90796716233893,61.97559733749682,114.40392967832304
19.613210482807368,221.48726347750488,61.461224599443156,114.73890009581773
16.917131675444068,218.45559007734272,61.367562165684205,112.5735168234137
16.241779726496233,219.52003398325442,60.0088728959967,113.1540221791734
15.092193151857074,217.972370489617,59.613370262092076,110.85999760008235
12.646564103891244,221.06716323725846,59.19638624012951,109.97865422269363
9.942376292901493,217.73289749289552,59.33677019007068,108.74519820336207
8.900304010227313,219.26706809614268,58.80270092007252,108.29507083221425
7.693807018820472,219.64991048310563,58.61325030678023,107.52938605828837
6.347404074522132,220.7778673285309,58.71814242728934,107.86138613552538
4.67752103710626,219.64327885117058,59.463305025984496,107.5359596141094
3.2815724358090748,219.77985879892515,59.65267578919293,107.26279971860025
3.113378590510429,218.74873008666702,59.98906347979022,106.72333673247803
3.0966518086573664,223.51303914367435,60.02251704349634,107.5926182829335
2.9869419085030415,225.21845697860317,60.24193684380499,109.4075769771614
2.774490276755092,228.76319200910314,60.66684010730089,110.24845317812672
2.60408973478717,231.89267936301104,61.007641191236736,111.9788241022222
2.3686993918251886,235.94256799315738,61.4784218771607,114.65692445670851
3.7230023368596754,237.02388336623318,61.51181337571406,117.97828848780162
3.6249228344538977,234.5241147012527,61.70797238052562,120.18639756985166
4.608436140099691,235.982524480241,62.56817273085451,120.09680497349552
5.649355240825518,233.99716170371377,63.32705890400967,121.22680615194321
3.752886796560894,241.07971331179527,64.24961587145266,121.41360254121139
7.639136917335776,236.99591067925502,65.14404448412782,120.91427895206701
5.979894032749463,239.48986607801572,65.56557210137566,121.7202844583951
8.733718811739116,239.69181654656487,65.89002516004288,121.31638352129681
8.530731894642322,242.63616832974793,66.29599899423647,121.25898010206609
8.543325793110228,242.41057578200179,66.27081119730066,121.71016519755835
12.986267437718148,242.4867685129115,66.16883208806959,121.55777973573893
11.445377288134665,247.30117946547506,66.32663517595574,120.7008894644542
10.102281056720713,250.7666701334003,66.09879684868211,119.59796970880683
15.848710566485835,241.97760734373185,66.18137280865719,119.81294281888572
12.857503427176852,248.0796534075598,66.36690275730177,119.20261935117657
13.190935869312561,249.2341739600814,65.70003787303035,119.7861681790825
14.807716805625859,252.3875464345745,65.35630651574533,119.2590842607795
13.563662388034217,253.84340583930856,64.96823387162418,119.22354693061584
13.880044374996949,258.43359457560797,64.33546989769872,118.65024769893093
19.277027889029306,254.5918024874189,64.94051055426387,117.78457611183666
15.910085454473183,259.3898658754833,65.97975973082525,116.73040287453424
16.94053190547548,261.3397775255326,66.76830750886228,115.68002025447723
18.176231946044865,262.9093770294302,67.14418041346256,115.38809423242122
17.745189311758978,258.5006118673765,68.00626568203434,115.65768557716515
22.8790844786607,266.55440544505484,69.21009774027208,116.75753200987032
21.42280880671573,262.56544231492387,69.21805414577788,118.92626839336387
22.434104574320614,263.7474894982114,70.13239910936483,119.49911052558556
22.019001834265637,265.83950988051487,70.96260458947478,121.23690265312011
24.54536240223139,264.3140745906497,71.9114146052593,121.28700765699237
24.256652497881035,262.8910520213966,72.48883441396,121.11550052719578
26.86158727896789,263.33760109601286,73.32846413138117,120.22240237796325
29.53774442835686,264.9523009266534,74.02734420882621,120.01859990479369
32.58977198998006,264.34203201690536,73.99190531556293,121.23913772428978
33.987303691649295,264.8544142343752,74.24875535946835,123.26628673659403
36.474709754452874,263.81288293003394,75.4468109927846,122.2629154658149
37.45654616233699,261.2277441767799,76.57477794825849,121.2499134298388
41.95460005733977,258.9644041855832,76.86494629513324,122.68116803327203
41.742194558781314,253.51293848765226,77.28975729225014,124.21905304940186
46.46295088025134,256.49293186075994,77.30358227610057,124.56262472104684
49.365421780361004,253.91348782417757,77.81292254944228,126.56437175743103
53.46041475289425,247.44515882420592,79.20963562651067,126.71876439452788
46.32956448843767,196.0156664197961,80.58606210968537,126.4955568374398
53.93876088250053,241.1567133746952,81.57282156969052,126.96231551717449
58.60848905179338,244.32133357617758,82.02690213956832,127.16209971985205
63.57426236299496,241.25490085786788,81.92062137512099,130.01987653715287
65.4638447439801,236.46351633292488,81.45754447837224,132.97046985659574
70.19809140880518,235.46719164806763,82.04616132514624,134.96311922631025
69.79833574051327,230.59251917557825,82.84567266173008,134.53654499040755
72.58601545178107,233.91540740250935,80.66937333258299,138.08794881671102
79.28137263803283,231.92636715895793,80.93946300050501,138.65082829370746
80.88704073655755,229.31325674432964,81.15625463294509,140.44892129347457
88.1845159506723,229.79424437127327,80.39520531966083,142.94542131832355
94.12200481771413,227.58491906432616,82.45030682802492,143.8815521216058
98.75338249499195,227.58610976101988,83.78147065351371,143.87917072821838
102.02684541286504,225.1540767093949,84.34222543876166,145.18939652097123
111.22814399764714,224.95712503261726,83.85351956989464,145.58329987452652
116.55774232370985,224.33757617161302,83.93532911941531,146.82239759653498
123.11598834311907,225.60091247470797,85.21917774571418,147.8958101566244
128.27896154111974,227.46931188266439,85.80656681560691,151.43456831797425
132.2612817467533,223.54036364529898,85.24226790347659,155.59229404313663
141.47769309948603,222.90125413272008,85.56944340998076,156.87051306829443
149.64797732383892,222.88061684536495,84.33466677516509,156.9117876430047
152.72188661669645,221.38493183193555,85.69870821675657,156.14722765621025
155.75490272544693,220.90675167034343,87.16864522300709,153.3356033675188
162.6847150674306,220.21691755513706,88.31487371363312,150.96380830428313
163.90624515835276,218.87038239005318,89.60755283410721,149.9211393321325
166.79470525782568,215.80560630007903,91.31481313272998,148.56651101451214
172.59848713355157,211.99316220135117,90.9592426150352,148.6900703894632
174.84871786974492,210.07118298859726,90.20530969410848,148.78750026351105
184.06770344560005,205.99225348468417,90.44379929653563,149.47477496968222
189.748838936269,206.32074061535866,90.33016349864627,148.81780070833324
197.81861931995175,205.79574544770628,89.14198624543394,149.86779104363802
202.67393015601985,203.31560392801063,86.89824137446374,151.09463568244627
207.77285526090517,205.07089477676504,84.12774217822552,151.29772949170368
215.55802470064722,199.3976481740279,83.23567717963776,151.63551728650566
222.41505016990052,195.31193242678523,80.49963751969933,152.48827459527885
228.65152431242046,193.47116631337968,78.90184224836142,152.5447558175226
234.0920109396078,193.57258006724396,78.816088561015,152.3419283097941
236.1862441254806,191.41240824670507,78.22157404224363,153.06832009789764
242.41488353979906,190.47973034707604,76.54739173422891,154.93367589715572
247.8873849090034,188.04322408289272,76.38060729020086,156.21394899406206
251.06478281636777,185.8844931626049,77.24293944157012,156.92284685158864
249.70404231460958,186.19541049479233,76.33053381877096,156.30101218721381
255.35879310183472,184.71621916274688,75.84793333560863,155.65042782087542
255.80664610159852,183.5983238460909,74.95222733608105,154.29513610341525
258.08509077472974,183.68619963400928,73.95106528046564,154.11938452757846
260.0366051505128,180.58364961850793,73.5837901654515,153.25297728547707
261.077335826001,181.2648952620619,75.01904881215279,151.89048599836912
258.91770084568105,182.27103676795505,75.81657748880907,149.87820298658283
260.6297027796486,181.16867654418414,75.89865463673416,148.57684241826462
260.57543117663147,180.2089995725523,76.00719784276839,147.0077774276288
260.4178591514888,177.6007285395354,76.32234189305369,145.28978983939217
259.78517072370903,176.96379689985022,77.58771874861326,143.11620760384528
257.49598901030834,174.43800145358244,78.72894208200934,141.29351830957006
257.6995912291816,172.49041361002472,78.3217376442629,141.7589729723599
257.08438952430083,173.11535064695096,79.55214105402436,140.50909889850746
256.81739953006115,171.269070094282,80.08612104250369,140.76952794799945
254.15473341627003,167.78447707186766,81.9663901037382,140.84858766013275
251.36536477910133,166.06013454387988,84.06699587863197,140.81914121666466
250.683189050868,163.9631719763149,85.43134733509865,141.4998582981308
251.7707793106231,163.05061326948749,86.80251206109772,143.32497571178558
249.49228471656136,157.15842870848556,87.76287827819996,144.3194759207256
252.3221131840233,156.26578688599366,89.35843751972767,146.1047595657094
250.19253927654935,150.33875076329514,89.93652277511107,146.91564413241306
253.64044438757682,145.62472330864995,90.44646067462561,148.93795092013406
251.43517531335615,143.18479488586382,91.115404970184,150.0762139128233
255.320749943455,140.55666941732855,90.88388315710888,151.56265112633258
256.5513851074362,141.41886278477898,92.21065585323961,153.62630741552482
255.87908799047142,139.18598845063087,93.55525008716917,154.25092938571936
258.8165005803605,137.2154496575361,95.42659402058064,154.31892241531403
258.26499372080264,137.05203412911874,96.52960773969637,154.64575347214875
261.5870151947748,136.62758063765133,97.7434815927284,155.4946604550836
264.6155505652986,138.17945721002354,99.61039447398079,156.35289912148923
265.6913703060376,135.56470449775838,101.46483505478201,157.5763244837403
264.7048366849158,133.1806411437371,103.43790229702562,158.28905948711974
269.67624521689663,131.00472210712417,105.7920650930266,158.54190427369133
271.2009359492374,134.93194961032964,106.88464975981623,158.9713815302225
274.7974417999486,134.7959132623205,108.02478284109918,159.24345422624077
274.34079927749116,132.55172469582664,108.93806788601408,159.54224900798195
282.4009398504009,140.3808600350893,109.65466229770257,160.72085388696448
281.9470188083794,131.80048686517594,110.56250438174553,160.92618614536804
290.53407607713234,131.6047076022021,110.41631433047627,161.31774467131575
295.03879271149685,131.25519083088466,109.92781245755707,162.01677821395063
303.45800467532973,133.0921941174771,110.14101441408393,162.60567811181383
295.31579005126196,126.68397438051231,109.32419829335953,162.5961835590986
302.2511886505686,126.2025331942963,108.23825171564839,163.55906593153063
309.2418397426149,127.95905122123938,107.03109954271171,164.30407988136307
303.44543759790093,125.5844808083644,105.87651113255843,164.8040898072526
312.3400360743636,150.7275263303808,105.03674691372929,165.36629696550824
306.96359430826436,120.85466886592111,103.09442117757771,165.86770197546062
309.89454006239555,118.83671932002487,101.43921482645189,165.69691591011647
303.7674196402927,114.7406705450609,101.1644635002465,165.5363520131037
310.59530301002576,112.372058107594,100.01664460806165,166.10426093894375
306.8276376487404,106.17618485835158,99.23507964127188,166.0206639033879
311.4175412401265,108.55642438275939,98.34331831100273,165.4042077808238
303.3326578435105,108.7248422279587,98.03387458391379,165.06737209042518
309.2714705303886,108.86085803903948,98.48495694486927,164.79534046826362
303.109337107875,109.09193716501525,98.46980716469443,164.33318221631208
309.19766389556656,109.25908260388556,98.61117721969777,163.99889133857147
300.5261790720987,107.52925651964867,99.54047777718574,163.35512623468333
304.7419784722447,105.71389380544261,99.32784413085014,162.87636908611728
309.1038270833685,104.07173511106116,98.80168608244291,162.06191688796
303.0406784265454,102.60841746307545,98.69464942642503,160.91077419404337
307.35360921342624,103.1787968753563,98.18642162762649,159.77001536948168
299.22086556477484,99.54309891723278,98.31886560853349,158.97488962753079
301.44910210562847,106.3579610040894,97.88601575042726,157.416035124621
307.5185936721583,104.53267023464045,97.72629252121834,157.07353002890198
299.3033160388327,102.98663712695054,98.21567925169526,156.18030411023824
305.3208627892268,101.09634738347306,98.1210427064691,155.98073127867255
293.33385603062686,103.72704059763731,98.2415553694994,154.69492832603896
301.1464927862603,100.10554040514943,98.44976578978589,154.02118674523805
293.4966666558582,121.91533729409358,97.9423430764323,153.871049146284
295.452690777131,102.54962302825562,97.9713314957471,153.1921110593553
299.2038890449702,97.12789492671803,98.33165071016471,152.24149363728657
293.7420501511412,103.08951028861013,97.4859215450709,152.08766986625417
295.5298530579205,101.6150663658719,97.81702242579055,151.12985101745247
299.2945678291397,100.33689328389109,98.08336039342099,149.7883134263797
295.62691937404486,100.7799151923525,97.65425387623822,148.90226960945685
295.2826701646855,101.31271809811325,98.34275229495687,147.83666379793536
293.48649535067136,101.95204618495005,98.0778983709181,146.55800762426176
293.7506847205798,103.55081140848205,97.54951963110129,147.19405222713908
294.0492989937289,104.92028691503428,96.95229108480301,148.2894565220203
294.32808699026435,108.08183357222573,96.39471509173214,149.648086942528
294.7937268170781,113.62893700176086,95.46343543810468,150.10968129752027
297.1229472719709,117.44718587481874,94.64827580745316,150.1597461096728
295.72940560880556,117.67943291386342,93.60497340118621,149.69525203158344
296.661617280153,125.0577477434679,91.74055005849146,150.16246130744105
295.56976852391426,124.65884979562358,90.142627842309,150.9602572031297
298.805092541334,133.78168100938888,87.43855555416499,151.5474735090757
300.20658294024827,136.01005954161184,84.63557475633638,150.8202690435886
301.9692123041009,142.5543345674082,81.11031602863109,152.4163645719134
303.5398357255422,137.98365612712578,77.9690691857485,154.28877589562939
310.00406207168413,147.92313979518724,75.86431300442231,156.05720158142185
310.71629538034847,145.582632178007,74.43984638709371,157.14090779737694
314.33203040531134,153.2644546673739,74.38504158598275,156.1305933162729
316.34144301519297,152.5919393305454,73.93886388748895,153.90297646866054
323.01549303070277,160.14517845776467,74.72029781883131,152.926032176584
324.7080886218548,157.28181387155928,74.86680476148058,151.58936509908804
331.3486636716468,164.7240285883324,75.64444855101209,150.7637295546574
336.04101913215993,159.64866387650122,76.80797354125838,150.36622306704726
342.41425359032877,161.79193654176956,78.18290228953597,149.61002715266437
347.19847557223545,161.6507040262262,79.24324148393642,149.89249218375107
355.712495001026,161.53534909036418,80.04169522442544,150.12320205547513
369.36536146493404,157.93045263361398,81.39510227083973,150.16820997541794
375.31738211605256,156.34278672736156,83.91600096461346,149.73730678892016
386.0487728127292,145.5078252861799,87.95349449925767,149.54985116157127
398.6522358377717,145.08009397677466,88.70697869553047,150.40531378038173
409.1346321972257,145.24806339274664,90.1466520972787,150.06937494843774
421.4053903558788,147.30454319423188,91.87885989465823,149.70980450470816
432.24427739355383,145.05918516197153,92.86426619753223,150.4233238395248
443.642966607563,142.83692346120307,92.89328457841165,151.06344777291213
453.0920811726161,140.89463849118846,93.06723907478307,151.1335809876458
464.53626766047404,131.44418535495214,93.08930321821455,150.94245632749556
464.5090144357161,134.95291806892573,93.1438096677305,151.55684200550036
466.36315843614807,155.24308313844747,93.26152814694619,153.06258314733253
445.3485710166808,189.59240156098195,92.93592016423071,153.67177273769073
455.40431990064775,154.28516378670395,92.09456071535067,154.91375033765314
451.76824949414276,148.16096062960298,91.65006691012891,155.5872047245075
440.7175124732589,171.77258348939398,90.5866520698805,158.554551582627
434.9998495415301,152.11214155609304,90.36154291383558,159.00731871755363
429.2340401852608,144.15326382496795,90.22408369940753,159.36630361051488
430.8758937967263,130.14575306329368,90.83304649263017,160.13263502078811
418.83581857039337,126.08277041566458,91.42700524010445,160.42986974764915
405.18181688754476,133.36571064230594,91.23299656841226,161.57942474430325
395.0976286824721,121.3441459119977,91.6884847437911,161.96708832319982
378.0140384233245,144.62346030959839,90.25112227819666,162.88118350651766
373.75259013696376,126.40239786601722,90.8838192443422,163.8174101640882
361.55341629728207,122.19713847147469,91.46385362429197,164.28849118670206
344.2473897709628,161.6367161427446,90.19680394848011,165.1406752407187
346.6955004617089,114.09995562871252,89.27810894103047,164.75356329176256
332.0933860241257,139.38831600388906,86.83346017015107,165.60626871623396
322.7901196869425,107.61238934428376,85.80627582981411,166.33022758839357
319.6379701789689,132.84436732848712,84.27116809208306,166.82241551889615
308.64934643059973,115.82869762679314,82.84578538277859,165.7498096132199
318.4065777158099,114.37373432068286,82.63173856898858,164.7996530741144
310.8213814580693,121.08743625342987,82.43225861561862,162.89965356025868
301.84443384251347,120.27251314632467,81.33022285613325,160.7183135763497
305.895204188605,125.96849029598077,80.74904750413344,160.6069072873124
293.94412317572426,118.54742940663886,78.41165960891527,160.4550005397221
296.3327162987388,122.85391653650785,77.34026672311849,159.25361300044858
298.4336886065015,120.44709301257235,76.8079586311173,156.72798700127086
320.4955125916259,118.00088081288058,76.16622510469087,157.99691853033585
336.1577459187209,61.242679440739664,77.5196762540871,155.3251690840891
335.1674473879719,65.0975020576896,79.50027331558509,151.23083077004085
338.81812175216896,71.9107583874596,82.96710929329818,144.78310791457238
335.33731009635886,80.75345438939605,86.37529626891956,137.75802491869618
325.6225735903297,84.78148111597014,88.27279987000344,133.20836534774293
329.650791605707,88.74836426349306,90.62606218837408,128.7444985024055
320.10767201296323,92.21732320673834,92.5043449392957,125.2481719028281
309.7486927661195,99.03738373670025,92.70549937709175,125.28592021349854
308.18369617504464,115.20525636246214,92.4121556378642,130.60688109712493
301.54299892542565,114.55113345784858,91.69670803798485,135.4143374311314
296.1314114584385,154.06817692383402,88.2800925765358,141.81899287170086
289.39080813398743,156.9790393993227,87.36529180669532,146.79427348478043
284.47045034716126,150.9835885214388,86.23278446405878,151.46969329635556
275.1086975181622,158.74867839603786,86.41661875222215,154.47918491699215
267.671083945583,156.68261487172134,86.26949034935691,158.61131196562516
261.8275284109603,149.95865861005183,86.51433214231804,160.61695521267998
255.92094587731302,147.53031431512733,86.78396817532662,161.6258007911003
250.45646167797,145.19370381351047,86.11096732790308,162.43169871229753
244.96981888186497,143.13944877461006,85.48130689873156,162.6725601163045
242.04704646481957,131.7199465748362,83.6060931699059,162.34928882710295
238.2409948722697,123.65951679847102,83.57146550156494,163.176686672952
236.2369265448912,118.65541146909695,83.74469286071934,165.51507874049474
234.18204350815768,106.37287948418705,83.98227337530524,166.8470293570278
238.95602750509704,100.71598529416272,82.22591811592268,170.36920500258026
236.10541692786651,97.83130053176056,84.01027785752575,172.22171311452664
237.06478465816568,89.59368026744973,86.06646280867646,172.79727199615232
239.918118743055,82.89208891438875,88.3977648491191,174.14349938694238
238.39559867869994,74.63634774876705,91.4428049778292,174.33894701316316
239.26356071099136,72.0768948652231,93.84121150794459,175.32352218555292
238.11492788126054,61.42725486960927,96.13847716740621,175.67291642586724
239.1496464817211,58.20602036765176,98.30347456150866,177.88095083475875
237.95381416597286,43.397392688982606,100.69513919300519,177.37028348691152
236.71959702429518,47.6969808513886,103.16357347636053,177.44543454012327
233.174707111486,48.09691913830453,105.87319279086765,176.64555796629142
232.12243889100125,49.93879914423927,107.97772923183706,177.37587490161505
231.98511147706873,48.95637731343004,108.25238405970214,179.3407185632335
229.23503394305368,46.751312507487654,109.25823731316054,179.25654636054657
226.40680292539392,45.21051476214693,110.40471388331453,177.8281563860625
221.5692951087558,47.00999954141447,111.06383597973966,178.73713359595294
216.34514451246318,49.045251464594756,112.44697693913581,179.19920986618692
208.59683403312067,53.82660889414831,114.25556149130328,178.76185261142484
201.12098745962828,54.661232033222376,115.44803039597124,177.0926063332767
194.16089263004415,57.65513929340125,115.62432825999187,175.68608907796818
187.32430680969833,58.19300749048105,115.60812870219141,174.61035268380857
182.70446275823105,57.32960922748529,115.75442551814194,171.79045356630803
171.6595773453181,59.313479460913896,115.31060551897899,172.3294312644486
174.36681960259818,57.324276365424254,114.40358078357562,171.80037767627107
163.65026269535775,55.784693112532466,113.41452981300313,170.39511122504393
163.95358713873645,54.433121709305595,112.80788092624573,168.65138760239427
156.26993003816222,55.55101644772293,110.53293522775297,166.4155981255596
156.97950952642677,56.45678461740577,109.11377625122385,164.6040617861939
149.41514830858222,45.975720181922355,107.08923710381109,164.12461367828337
154.80667192155178,48.13090081962203,104.80100530141681,164.06166011465646
147.26506057831844,48.527235940137686,103.05115995902055,163.26898987362515
152.50402006008534,48.9127767326064,100.90749893264658,162.4979082886877
153.29991776776257,47.3477453315231,99.31570351729212,161.50830098317726
147.9305664601759,45.68164187623886,97.81990211561231,160.76233988812803
152.86229909134056,46.31041219299621,96.04021531699358,159.50479925461332
155.0584938313414,46.68412228586462,95.64100981578639,158.7573790688765
159.13624287824564,48.80953809945626,95.43616997813007,158.48187656976933
149.29297436317904,41.21869711283024,95.28383031437346,157.79245718790952
153.35396443390488,40.11167050365563,95.07173854879044,156.0515662183244
155.08646327943168,41.12788946738223,95.53218148234724,154.0191282908712
158.67171469479646,40.269660932457626,96.16740936231129,151.83272000537363
154.54285315112332,41.310212356384866,96.66345140159757,149.75161715751915
158.1059289171365,41.59970928023964,97.253243776011,149.1726233098096
153.91532832994702,42.29141770156433,97.91618690861596,147.78920646716023
155.78107736231996,40.656362790200674,98.03408603272736,147.20991910103018
155.59474077362768,44.28295314152366,98.40675921011191,147.64203956951263
153.42915534624453,48.285377513043954,98.88258863328117,147.34787368966622
153.4151959245051,48.55066148640937,98.91050747676002,146.8173057429354
153.28537533561413,50.48117723532154,99.17014865454196,146.8075741677643
152.89183642275276,48.91373660379509,99.95722648026467,146.0869941649069
151.08163433007036,50.041815262225214,99.71998103986166,147.68848647381444
150.9449799391823,47.95880086571148,99.9932898216378,147.97666985742956
149.5015160873795,49.06760387701665,98.99349935407886,149.64578200598373
151.6478816255185,48.46745143606964,98.59598199311549,150.84608688787776
142.07488685350998,50.10190560504064,98.20888440967241,151.48379597542777
145.80941885420225,52.24746063621534,98.55927741184176,151.10241441485533
138.25505367191258,52.06840285467159,98.02860098085142,151.46052997794283
136.22990862398356,52.57002946936346,98.17251945089923,150.45727674855908
134.43528382723838,56.82937672951212,97.86804312719912,149.72603406264273
132.55874441619426,59.130474227900436,97.74344253916729,149.0015184759862
132.8981566415758,63.61147617519998,97.06461808840419,147.76897367388932
131.12020049862306,63.937047936989686,96.785609698747,147.1178301503099
129.61145076840415,66.18855811002554,95.9826109195232,146.43530804389982
127.96041613232136,70.50866306685325,95.48780142509312,145.38885566343578
126.40335919758539,72.73896679615856,94.82898683229861,144.7011766670916
127.08896819458384,73.26711060124076,93.45776883830169,143.6448890569272
127.75460856384274,75.58898242528065,92.12648809978391,142.71407518329192
128.29651788561932,75.6502628285927,91.04266945623073,142.59151437666782
126.87684170152015,75.9719515070026,90.2252010367504,141.94813701984802
125.631347926253,77.90503408221646,89.08266881128331,141.71549164542168
125.86339292017836,78.15349693278205,88.61857882343261,141.2185659442905
127.95454650427517,78.17975121884228,88.03197949581053,141.16605737217003
128.3856774506735,77.87490879982516,87.16971760301384,141.77574221020427
128.88261730177487,77.77252022614228,86.1758379008111,141.98051935757005
129.30969018143117,77.64043557921704,85.32169214149857,142.24468865142052
129.80686792785662,77.65892293953962,84.32733664864764,142.20771393077536
128.37089373288163,75.79057666436766,83.66103511740914,142.4061565599308
128.78786204618976,73.73063717980057,82.82709849079288,142.99610003069978
129.27919592702318,73.62834124438874,81.844430729126,143.20069190152344
129.7730516078664,71.26721316836836,80.85671936743962,144.41201424399725
128.30226207428063,69.37012686443049,80.2862337756375,144.69412219289939
132.01867855324062,70.5155819801452,79.86642672539881,145.9097249153106
132.40523145740582,70.54700005230134,79.09332091706841,145.8468887709983
132.71231283599826,67.14007083598227,78.47915815988353,145.65444192196355
132.959700113424,65.2648939924787,77.98438360503204,145.91498986579222
135.16052416316904,66.7558428601504,77.0679028793574,146.41825950426428
135.54729209519888,66.5168538797236,76.29436701529772,146.89623746511788
137.8997639148618,64.65377858177771,75.05999404735505,147.15181738962644
138.21510502141982,63.11260300104976,74.42931183423907,146.781117489657
143.88299227916394,63.415142272091245,73.40372702946333,146.17603894757403
142.89821408236335,65.01579806282835,71.9631410600768,146.3848697290875
146.52245586693815,60.069375144921835,71.49115862277027,146.1129638671359
146.74679385191206,63.3653484082723,71.04248265282243,146.27319226770777
150.33406819898613,61.92619277035506,70.60920898920547,145.78086602827668
152.27751768356055,60.82148426239564,70.07822883602995,144.63436422822218
157.7905379638704,59.77497085048053,69.04203481154916,143.39744220667276
157.99213643160576,60.12912702797179,68.63883787607847,142.68912985169024
161.46239024191942,59.06101202485061,68.25137727232143,141.54883634949744
163.37880796240415,57.38696463696094,67.67168265678129,141.6437902998475
166.55430700401266,56.077223407033614,67.80956146101407,141.01883431597724
168.4563780058949,56.322074730389346,67.24313964828151,140.52913166926578
170.06018680853947,55.306896968414264,67.25623926495578,139.33876997125247
173.0394254831429,54.46635161881487,67.70491002827785,137.81628661418682
174.70613582673826,53.2400095142449,67.56061390214927,137.07984626226457
176.36478354525133,53.6136811708173,67.41917314581883,136.33250294911977
178.16716945364016,51.22811922137471,66.97687440778813,134.77868069051104
178.45739247060052,51.59520761028094,66.39642837386741,134.0445039126986
181.76803926965366,50.30993977447278,65.99770010133875,133.5037569215261
180.58620850001222,50.63929554151639,65.26489798765104,132.8450453874389
183.6795860729904,51.14174994010391,65.2263954341627,131.84013659026385
183.88698085488036,49.994872975702734,64.81160587038278,131.0751269493629
184.2509816849668,50.29475868318511,64.08360421020987,130.47535553439815
184.3019392540061,47.49516144968145,63.9816890721313,130.03656310267382
186.08716850321233,48.10311100060194,63.42204130076438,128.82066400083283
186.24611735289773,45.48882962867536,63.104143601393574,128.08257107516403
186.52166988926862,45.812080379720086,62.55303852865175,127.43606957307458
186.78229998723924,44.744496072926786,62.031778332710516,126.62322480812846
190.35235659030144,45.14932745572497,60.74584170759436,125.81356204253208
188.90712413478934,44.304791025170296,60.743381699537466,124.60970998456035
191.85270473906996,41.665729369705645,60.60282214911096,124.13723163735489
192.18673477377288,38.8012363270184,59.934762079705116,124.1343035548405
191.99556660928823,40.42131303339811,60.317098408674426,123.74845752801545
194.78124828329985,40.902203034474496,60.45636688371282,122.78667752586267
196.37878032015516,39.913587898094065,60.10497812281787,121.92023248580779
200.66467012410862,42.76976390405732,60.00793787636748,121.85770671485226
200.47644796418263,41.6880384099789,60.38438219621945,121.19884137522342
201.77788255024785,43.6168471497343,60.60071273830818,120.1604236099318
204.67065409018193,44.1752487463982,60.43064022662535,119.04362041660399
204.9241280552352,43.34423041838218,59.92369229651885,117.91722628832642
206.54580355644526,43.80675419907956,59.44350742505106,116.99217872693166
209.39457317085933,46.73842657004808,59.2285986198968,116.61146440866852
206.69590782903003,45.79966100840123,59.16188163534859,115.75697169785883
210.88963804987432,48.7660468913338,58.929449064598835,115.26088517928622
209.50511657013206,45.010506142575466,58.991434960748144,114.65079548679734
211.09932254281063,47.755387243246915,58.50219762584485,114.55938250636214
211.35134382830154,45.41863472397662,57.998155054863055,113.85409133028534
213.95772181917764,48.12473735021719,58.1261157332945,113.78260273798784
212.93308955675144,45.65295401120462,57.50386253055886,113.38313396083693
214.66345334254424,46.98981480010676,56.6980560866246,113.36433351068399
216.49083235548696,46.84888755362607,55.68401566191015,113.64618800364536
216.81992189988551,44.108553477658106,55.025836573113054,113.87231457500098
217.1937787659657,44.00306937256795,54.278122840952655,114.0832827851813
218.5879343267073,45.44766785689457,54.0990185860373,113.80329268309592
217.4784370782012,45.608703867873224,53.71600953202447,113.48122066113861
218.7620801896223,44.362081806616246,53.73935555877849,113.38383253405641
217.71207344490347,44.471879471692255,53.2497493181099,113.16423720390439
217.7113499958066,44.408505935543644,53.25119621630364,113.29098427620161
217.77990892381283,45.56655109546509,53.114078360291145,113.55464570099502
216.52385666473563,45.43633102169366,53.04498500965091,113.81508584853788
216.53531883018118,45.00080432982409,53.02206067875985,114.68613923227701
215.13139808639508,47.41125892779439,53.233843799200386,115.05734677059976
213.73881943145773,45.74981848182497,53.41383740831833,115.77506396178187
212.19395695730947,45.666798343233275,53.88480848617084,115.94110423896525
212.28498025186474,46.49833615971296,53.70276189706024,116.9074356316087
212.1862012538263,47.521415922546154,53.90031989313712,117.50155613462704
210.79717019235105,45.79466520688854,54.02600376800938,118.302679317864
210.7747124096731,48.213047234702,54.07091933336528,118.79836729776369
210.77636391107896,45.73941483187778,54.067616330553555,118.39719814525128
209.4458075870365,45.48440412510719,54.060399955156086,118.90721955879246
209.5890290659559,46.603771949742,53.77395699731728,119.34409809178354
210.9480443992904,45.07439583231698,53.73286009307424,119.72591656420758
211.00791786821495,44.98072220011878,53.61311315522515,119.91326382860399
211.09619897209913,45.06856881462815,53.43655094745679,119.73757059958524
213.79204646471692,47.70300785296469,53.39828989099969,119.82212645169062
213.73194775456025,44.99014590369014,53.51848731131306,119.89330833291102
215.11740789393977,44.49659064107164,53.42798407827694,120.88041885814802
215.13654193342813,42.81567834422394,53.38971599930024,121.54910160976755
217.84516244384832,42.32930224843228,53.376795985077834,122.52185380135087
217.8847733110982,39.73765037397773,53.297574250578045,122.27310695642348
217.90367850349412,41.27321032221518,53.259763865786205,121.91301230900879
220.53785094676113,40.37355482486235,53.40170413344194,121.0071807266196
220.57464071713767,41.502406257252346,53.328124592688845,121.44399476720218
223.26405211241493,42.42997899116799,53.34840601095335,122.28840140378041
223.00433614436693,41.22474079073888,53.86783794704933,121.98673449332566
225.73864479219085,44.93121664357936,53.83307061325314,122.72455773042216
225.13579154697103,39.29402537844744,55.03877710369278,123.09091428445389
226.36194890378098,41.41567072804113,55.34000079352884,124.35470039217834
230.63609858164048,40.8982165725335,55.123211691973815,128.16677878791495
228.51367949595726,37.28991543627825,56.53947456366179,129.72623046106838
232.60783937045858,38.17849376146488,56.97961808060006,130.82522823267544
230.60679872519432,33.974490424637835,58.081864242095094,133.43356464826246
236.20211214419754,38.41068628817703,58.719456247075435,133.43233705342413
233.9710650654673,35.247761869142266,60.21327379806468,133.82163267855117
235.04825171503467,38.35150050761804,61.05909671493316,133.61454783360614
237.73429327337752,41.09031829145478,61.711063154178945,134.16096182186413
237.04067874344008,40.67057452036261,63.09829221405377,131.9690615670667
242.92320618966068,45.32727512930789,63.427967764289754,131.72670818118397
242.76241378051395,45.37421171649572,63.74955258258322,131.6328350068083
246.98942600845717,50.08278681436205,64.38584221598063,134.33610359678755
247.89713259037853,47.919326074816624,65.65105766847327,132.50176784320772
252.01985985590383,54.68355762480155,66.63300346864781,134.35230529527965
256.50875507992436,56.47309392491945,67.01486533402202,137.0130009039874
257.5397793956289,59.40556643395941,68.11822726566638,137.47887701201452
263.5768284380651,60.002637891688494,68.80954907630841,139.47608907043497
269.7669771183216,65.64796647541527,69.3594450550683,141.11562524225434
271.2044869130198,71.09965898812372,69.75048207349282,143.276466648121
279.4904715588152,75.20871812355611,69.70062276502838,144.97161436713208
284.17892043483255,80.99708936271715,70.30864326568461,146.70809622573117
288.9884980500102,85.04497190934212,70.78216313442198,148.70500623157383
291.96852920616624,92.0126497131057,71.62529600620996,151.777638584297
298.42375516172666,96.37596758294855,72.5591852260964,153.43425869286673
297.493355575235,105.63216379816396,74.41998439907974,152.42944277655306
305.81761858509014,108.8597978971668,75.36760114577152,153.0126316851082
305.13484250878366,117.82368976610135,76.73315329838444,152.80581730596361
313.8792002486297,123.12722778589132,77.06849935168493,152.89317818617926
311.89588572084625,128.85507579230324,77.46323921867699,152.15314973907996
313.8044119346344,136.3306964814917,77.2140471411032,151.47334976071255
317.2545455931735,136.82644202151477,77.42096358438327,150.48185868066645
318.96909792909025,144.56592331865414,77.53447381601028,149.17335570023
316.8939985325039,143.04510172255394,78.15931447918965,148.68964076243702
317.01940442327134,149.80742239348706,77.90850269765468,149.2809736142385
317.2280098747948,148.26330128943235,77.49129179460786,148.83584214349798
315.630703843387,156.00166024106807,77.16624663825831,147.43775311688745
316.0324144763077,154.97770328658498,76.36282537241686,145.99214324235146
314.8282302751218,157.61439792266842,75.31272843933813,147.63568464108545
313.5756415249067,159.7655843162627,74.35339833839235,146.79781945527293
312.39972736005575,163.09171557220995,73.26956295770985,147.01688436414736
312.5169068713323,161.52230082315947,73.03520393515667,146.7355817748028
310.8523012661827,172.7962880070192,72.9524573180066,144.65935437177936
311.2031955552953,170.08704169299745,72.2506687397814,143.31759798288203
311.1625134320906,179.76784627277436,72.33203298619077,140.69768150146928
311.2013418466272,180.25111186275086,72.25437615711752,139.7311503215163
311.3507493934277,185.1000692088701,71.9555610635166,139.92064522497185
313.2016322363287,188.7469482582919,71.54723228654365,139.2137609437862
313.8593686588866,191.9316955611183,70.23175944142777,139.39631855855583
317.58604092500707,194.67204132301583,69.29041136668616,140.42762349226007
318.0875520614218,193.00020214699418,68.28738909385672,140.51650227557613
321.7901549346875,198.55594675133057,67.35956934288679,142.35978505802635
326.95366704892865,198.67732327232594,66.78086339964237,142.11703201603558
328.70928959615014,205.14929007048266,66.50542478612999,142.11632434344446
332.27760603183145,206.54379057834035,65.8307664917626,142.55831061622663
333.9366815742904,209.0565516981712,65.73824239476596,143.98404235240747
339.8636045910653,205.2545392693454,66.86334808469222,145.09859134832107
339.7769892085087,211.34917797801955,67.03657884980542,146.03190211222218
343.0486568503301,208.77362788507432,67.08774842867359,147.8857498668571
344.26240234859085,208.22109529937526,67.98534998554662,148.99081503825522
347.0696525726901,208.1715122441124,69.0846241475881,149.08998114878096
346.28357486656796,209.7108130493674,70.65677955983232,149.3889539571478
347.8636126561052,209.07327317493224,70.9060868252285,150.6640337060181
349.33418456327666,209.0551992485303,71.39725477372733,150.700181558822
349.20124593248994,209.41708652966162,71.66313203530083,149.97640699655938
348.6692068212037,208.46847762502438,72.7272102578733,148.43814046298428
346.6681573803957,209.1169932475866,73.29778900567752,147.14110921785982
346.8697310314598,209.50549599605372,72.89464170354927,146.36410372092558
344.89595558152615,211.98349803930907,73.43810498595316,144.81218725187836
343.2767586570521,211.19526185071865,73.28574522642808,142.99790602058596
