331.5,39.5,38,42
335.78021803057334,30.723449093353842,37.25570524039196,42.18026796757775
334.8828041324191,24.2613630531375,36.54981485404044,42.60084913470999
335.8073090296774,18.267481831017474,35.946361248172806,43.37860588110821
338.32478134290307,14.96048292507199,35.90277883060962,43.7534009318891
342.48606564566285,13.796865565425545,36.35053832393472,42.32192360881994
346.6071779604255,20.859033179799745,35.53657699716131,41.81607110178321
351.5782785109183,27.416039335609472,35.33156022406874,40.873539200030244
358.0759612503659,36.221532100365124,35.52834802812977,41.251853601822724
363.3889962389709,47.30461380282645,35.776949909875825,40.83503391481224
367.5283326036407,54.58956859470153,35.93908985715245,40.73508891954705
367.9727053083856,60.03397338273647,36.25722115091624,39.501292969506736
367.0603868933431,62.684288189261004,35.6963100206301,38.97175927720018
368.5916302063085,59.14655621477009,34.985007857772914,38.993669836961296
354.7485641447284,49.57252092750626,34.720958936878695,38.34369550528376
347.58698673867394,43.76906307051752,34.09059291958644,38.44790288895271
339.64087696032885,32.79923599440056,33.99728814866839,37.551093716032
332.72219017917155,28.077922901876605,34.317878003206296,36.85613212024731
327.92427807317165,24.995858192635197,34.94832342919025,36.296227449218264
321.8740753643698,19.72099442980638,34.70770531497533,36.74875390338789
322.1807647610284,17.44491502238186,34.09432652165807,35.674993710118294
324.62592258976224,21.633242835850083,33.59864668868313,36.08760973216728
324.99013214281206,28.322904019642948,32.87022758258354,36.97248993848481
326.2081088034686,29.562270534407777,32.63309606779336,36.692578715477985
332.1232776890487,31.644790478511148,32.80678194111439,35.801363457584344
336.6181816112691,33.78998241029467,32.45846136122582,35.83172322629337
339.59109552069765,36.05282006954063,31.888173164847593,36.68158753028035
344.8679575042092,33.08599823536408,33.205417426103395,36.14015761957221
337.9546136907276,28.425901928893374,32.83855184873394,36.72585595292435
338.0368935631344,22.816754787178866,32.67399210392033,36.99340230457919
348.78633063309576,23.466801615626817,32.01046131912843,37.88650268506549
361.2423365385111,23.92171117322954,32.39308486509095,36.97668356986004
371.75751047521663,34.0342713585313,33.199556050217005,36.404700351939915
383.96134764089487,47.791342205992876,32.900349628476086,36.28654491794359
394.0440408490748,68.4210051830636,32.34112312269278,36.41800099724165
401.06255383629946,81.41815379331662,32.374580942301264,36.399981550380744
401.1392084044562,91.23255815183973,33.30387188725752,35.17537421492026
412.4847761740655,103.46398806367736,34.335614346634536,34.435392389840565
399.1671976960758,107.69099500351012,34.97858661947479,34.645440071221415
402.9606091280804,115.58273940585873,35.06683134614939,35.30852467513253
395.6439320693504,123.92117780168425,34.18438181487815,36.36399491060284
395.4903167942196,124.53858788685054,33.380746873031974,37.35090572448586
397.1305437662375,116.95303691156735,34.554075073567944,36.93377016905128
392.16890204031074,101.53016940790124,34.34662650147369,38.51294599609004
382.73605050752155,78.23268791487723,34.86151730992577,38.083952573251665
365.08313151542785,59.40513357050489,35.71333634332936,38.98810771449374
351.5962466368143,38.31957104582397,35.636390680129324,39.995100602336066
338.6293932880958,26.292811729069864,36.568494390786235,40.237568772244124
320.102739695361,20.362683288891517,37.34582482705053,40.00583340286569
301.2088736520113,16.312938646911153,36.158956262693984,42.01554133509895
303.9913530823539,23.00862089261133,36.745149665917054,40.9264813715153
302.5981903117875,25.40816195391588,37.0860109865341,41.018327689937834
310.0461113050491,31.241366496439067,36.94536658607809,41.647916593280804
313.42152686531045,31.7063469234888,37.61734841949756,40.71795573918134
313.73889206456164,32.531083487476984,36.98261802099525,41.53525306558828
312.6357833466132,27.920491242389474,37.952853288325805,40.86858020723376
309.9549384015102,24.44042371568623,38.350262851890896,41.62336485233904
301.03042452909625,20.747859090913806,37.31183837759158,43.971840176783275
301.0850588899253,15.761956891800601,38.481552943527504,43.71177827425778
303.9591143816924,16.516087381095506,37.90835337303925,44.790973002191016
302.41562567387365,21.400843548671872,38.392883704223216,44.13002546262598
307.5608919482484,22.521169701481455,38.49265503442935,44.48694912674574
321.3922865160418,19.36370130993195,38.25403357369136,44.27232217773791
333.81704805813285,14.919556232570876,39.379778693935435,44.06926846091086
327.5431885455824,6.075611293521931,40.10474347050206,43.36620728573311
331.0491233029,13.563544184979737,40.97838763989468,44.16136887087328
328.5305395581563,12.957913084756122,41.993907227250325,44.032081770609935
332.875990197999,19.700907638714966,42.78552040669404,44.09254189001936
338.11129551203373,19.105118797116862,43.259867807670275,43.91599981958485
324.88781385906225,16.139898233566676,43.62289794544458,44.35508659549183
314.3602930753077,9.098041672433983,42.510450293152076,44.58411895538117
308.2568250317635,2.9230957863894815,41.002678123338036,45.96224412194822
326.72161270473447,1.9492024055588502,42.404247282470436,45.17209199038988
311.35350570115196,22.74800104422657,44.18182378094158,44.94397686833135
311.12772429316556,27.146327160221656,43.229843510959206,45.97212623802783
302.2823669164175,51.19805311649948,42.66089520829181,45.62471616466906
318.53356986790254,69.33641254310882,42.13144969756297,45.49134384181011
317.8105861984898,107.638525185551,43.57741703638848,46.14655965660877
321.065936721007,154.19079510357375,44.13087194939732,47.70170965834314
337.54554577278526,182.81223373073783,44.42756168445894,49.74110289894284
343.1139561172387,200.5586935105211,43.667406455348754,49.82532205867893
337.62184294527344,195.64774391150422,44.35093815177876,49.346526609212184
325.08262082243493,193.36268401193496,44.353936475812354,49.49156771629593
324.2456624832103,178.8212339078495,43.07319678428875,50.50523240972394
310.5352193036938,169.5270446452176,43.98883704346724,51.423446868418075
288.2016815603698,147.75755270040042,45.114882102924085,51.42140033086122
273.230003124609,124.43343649758704,47.70822551759743,50.96683178302712
260.1152574568924,106.33164773966982,49.07809984080586,51.434709843788355
247.95099727672925,80.67617562687296,51.24783847007108,52.09701011267112
243.54228971760426,58.57539444246768,51.92793261296925,52.357039214581754
216.48216025976438,35.89388297666817,53.49524608284783,53.37851442628603
192.9766336527018,29.561118837995906,55.06391971527181,52.57963393868208
158.7664928739291,32.27069333643012,52.29163059598484,53.94072976817863
183.43951723483534,46.13588615566025,51.45968659633438,54.649646897882306
183.54989530206055,47.33128155344764,51.23893046188396,55.600504775132656
140.40566152802157,39.9815166860745,48.372904653571524,58.52491274582738
185.48890238963122,56.252668228177974,49.00910950214729,57.93170308502981
197.0454997648477,64.68004855008704,49.452891315027536,57.90335427214974
208.56529061995545,66.98979328750895,50.06406451538751,56.66254407024526
223.22108419582284,61.31326181119012,50.99123060015237,54.57616113999416
