117.5,68.5,122,125
108.64176915409479,61.51450983896928,123.15769348380188,122.41221211405293
104.77772215950222,57.743215734575166,123.15131116704549,122.22032401689965
100.86607634556155,52.05690392128819,123.24637622357179,122.00060778644105
97.00121197089204,46.21232820564669,123.25181542958674,122.10332490273792
95.53776744783829,35.98221575280263,122.31485458072159,123.2443003335627
101.57097384297765,28.169001417186685,121.84964093222919,123.40246348241287
102.17779650009656,20.63732401088003,120.63599561799137,123.01694425140032
112.30773522469178,13.442134735535191,119.56116002371056,122.05928931816231
120.58335895061046,8.867901050431541,118.22989498324104,119.79276987984375
126.87105238497323,8.003131641014797,116.89961278137619,117.77394047639034
130.54035328856472,8.011010248395046,116.95229116537462,114.06254316603913
139.8671833782609,9.498489495819129,116.48841963408518,111.08758467119097
149.4218792274281,12.676194425073788,115.29713676730245,108.31579657899198
159.00330780331979,20.642661924585617,113.73945177635713,106.46699930863876
166.61458572802326,29.763356805698272,112.38627714839286,105.56233607321683
173.74713504149244,35.09612085683603,111.84854258464411,105.19233101833352
176.29582832122577,43.49816803143586,110.16872067884589,105.476059937476
185.43851696805413,53.44701248427229,108.8622422493471,105.95304966879263
188.0600596460357,61.569300278119364,107.00199731934445,106.62267621090102
195.6521635607503,65.31922297587849,105.2744565348212,105.85116433783571
196.57485016592776,72.08258657623585,103.42908332446626,105.62367644147943
201.69464562455033,80.73789148010161,103.06586468820049,104.77368710204685
203.25624318265662,86.53763379812392,103.21570575515011,102.99331101548887
203.35800111919576,88.45276248086718,103.01218988207184,102.41043926873104
209.02140843888264,100.02691874746598,101.39037093450625,101.90711668308589
214.16363199895625,99.51234473695551,97.50898911934009,102.93626470410683
210.31408606514438,103.18132386284617,95.73909432711281,101.91096422555954
194.40543117002875,115.93039438639556,93.32198471649731,101.31058274271292
196.74360582870457,105.9294747963815,91.71006968470671,102.92581620937473
185.25437260425366,124.31730299477464,90.17765969250232,99.85261491910947
183.39539945974184,94.69363848065714,90.90397303087789,99.26728493438343
187.22204514231274,114.08821535550143,92.23297823620794,96.40731746658236
186.0168625469095,120.1960954219913,91.672811949349,96.0736832442644
188.45765836921447,116.7554462567185,86.79122030473904,97.04211228586325
183.25956661129342,121.27678936334448,85.61185310717593,96.68108910766517
185.4344234346432,123.42143707937298,84.13157102333662,95.26122523846843
177.16841393823705,128.1952999634652,83.7212469563648,94.18467100017602
189.60344876847319,131.73061629707422,84.05528418157527,92.7149509742208
185.57692385612998,132.5853607722501,83.75948993797908,91.00546202386906
183.7814968475506,140.2558839070063,81.84711892992942,89.42247831737768
184.31831965342462,142.40121747000188,80.77347331818143,87.82831055005846
187.4981014329024,134.25451655996298,79.7230398446969,85.5397570709877
187.84541389684782,135.05571137842296,79.02841491680603,83.93736743406775
187.070497679695,138.60636155395053,78.0121481778362,81.96826542956344
187.37120399804513,141.3983956888227,77.41073554113595,81.42256517259821
190.04910221278266,147.9562234822681,77.05716379834818,80.81247130242576
190.23998921474487,155.67503195893488,76.6753897944238,80.29061516004506
191.4733351329968,164.5138836288011,76.68043963383536,79.91510355172058
196.3744556951808,175.89571490880672,76.74195857198546,79.34490113237509
201.1329064384278,179.7894429034742,77.05695842072838,78.93137114446787
202.1716654118337,192.69742587843686,77.43590526267762,77.680053082153
203.19544179802946,189.23324790820968,77.83112273138318,77.28009829931614
218.46492172031785,196.44344065309357,79.04716591803599,77.51586805473123
217.88188979060604,201.3327471190561,80.21322977745962,77.5993755520188
227.47606599365741,209.91319693358156,80.90609860850631,77.83454450547369
231.78511332278038,221.1116278201,82.28694655219466,77.93530358678882
236.63780618865758,223.46354558095254,82.67337030751638,78.27737280862175
246.4989669819153,226.01331093924517,83.22641679691588,78.24668411101513
246.0511845051713,232.5418991221278,84.12198175040385,77.90241351485793
256.29169538040696,235.1787139719184,84.04972207793435,77.73097433477723
268.8195846965155,233.19363593766627,84.4663598501994,76.60664712238508
272.57188233299325,236.3502296807115,84.56924770574709,75.3651150552968
284.0270794069244,231.91258016921898,84.31732973437732,76.68758868611755
292.0917449448165,223.54113979128343,83.39679082245861,78.2216772781232
302.61580090460177,213.9238088823356,82.70745093691023,79.64241356624936
309.00454811982536,198.0090452109054,82.71284084946012,80.79301848591682
313.1701766560145,192.36076480582662,82.10613692282648,81.79017510174818
316.85058913395847,178.48888666729613,85.0694843061545,81.14245744596546
332.7212737658094,150.52641000133727,84.7360539809682,82.10351763548097
338.89109470628125,138.51775781738462,82.90566433540019,82.47500447379113
333.0821572634712,136.21641989039242,81.50145035278823,81.86884478048268
349.8599551544237,110.47678073945539,81.3917206202679,81.89294454484168
373.1180012685843,85.70423562367907,81.16099077273505,82.58126337445113
396.4399357044144,48.57650531998053,80.93181255161961,82.05750015597064
364.9148345035865,63.22091039630669,79.8133768104175,83.56963631189006
370.9072547954113,55.59990139786804,80.69249039790553,83.37490930340229
368.0078078070476,4.881620842821697,81.32407988373933,84.04903284107134
384.94259147540237,16.78662794069742,76.10085113698103,88.88535723527114
392.3122268711607,19.87619670705709,74.34286622023102,90.49499122741176
391.79649343146116,2.6566432396101263,75.37433309963014,88.63553767275258
409.71190248200355,12.84651439711692,78.2543302914157,86.32084249441183
412.6485589203386,16.378671052978902,82.74484379005935,84.43844237034469
404.742590008003,13.107799474144159,88.02568608168716,83.08186387823164
398.2076567450225,18.759794991588386,90.31824906409757,85.24950227278137
393.1565957914527,24.473727842627667,92.12669578248028,87.64442855196438
380.96387907412844,25.074051789934963,93.86555861678679,92.10542330743529
364.0379151873211,17.510238064849027,98.43104551683253,95.51847440817961
350.28757994070975,17.9123192632051,101.49781962839843,100.82278610688168
331.32989381741567,23.87615367138217,104.36557665789704,104.82585148011373
318.3974597351192,25.322792189866348,107.16998638416825,108.52127685409442
302.1371591065091,21.979085977811224,109.12032236320493,111.8119931361843
285.6427807244146,27.61846300104647,110.79641854894906,114.44997712457824
271.52563240743336,35.284431168714995,110.65414978626038,116.85339416214812
259.13785958452934,38.720790202113214,110.35245140747047,117.14560295952252
250.22992124686155,40.24327813081164,110.25709207548101,117.68287430359065
244.58358070327904,38.657077761111076,110.782384583815,117.26614551671476
234.5761026524748,39.4608020447951,112.8425780036797,115.6586969493467
229.7540705011352,36.91417916136813,115.28988839851792,113.55518880835972
222.87028538033786,38.488310432167175,118.24595784379596,110.40692626676163
218.0006424946434,41.87713045946457,120.78463612170968,107.22958995890446
211.39770610979974,41.69061188055101,123.22294310300138,104.01343852059968
208.6530734845221,40.91256317164533,125.13688070578722,101.99420829064155
206.246618800851,41.480490302804036,126.37756734886028,100.85835402832414
200.5562372626541,43.24360876103901,127.0397129179999,100.90498961427224
195.08570989455052,43.15478782739206,127.22943669345128,101.08263148156614
190.13441376343667,44.29811706672284,126.3633299598579,102.38553933484494
179.6751791710562,47.43906763225658,125.69743884208367,103.29842497128917
170.77640422687045,50.66257258212133,125.48539561576442,104.05525231743596
162.88997005844098,56.37366866796117,126.8147729854067,103.46567837116876
153.2094248327626,57.669649952999606,128.06686121551098,100.87371580109189
143.2837157269431,66.26037355736523,129.92328129058848,98.08826710160993
133.4306406116773,73.28136845448658,131.71956785975507,94.7921955041862
131.08021648420862,88.78915852310796,129.30992815793667,95.77381117234435
124.42630957382404,97.72215478402661,124.94386123143127,99.11647554723649
124.19373814543566,101.70100409841413,118.36371629009264,101.72670861563455
116.70153064565343,105.74238114768441,112.56704471220245,104.0344978058213
108.36864039644288,110.4117315214556,108.77050804839996,104.92695563939074
95.36088631450261,117.55134320707722,107.86458978465988,104.1084454819578
85.5102257255611,122.37859758926626,107.53774888852881,104.46801775458674
92.38224270966188,124.22186627333748,100.47088690647956,107.45865237259662
74.33476925344709,143.6851178328537,100.55162889109886,104.54635418137444
81.29279501352131,145.8799074488927,96.32478636809392,106.61624761405875
65.20821740161131,155.66865858391012,99.73989311784902,103.01321671850445
66.15636080637317,158.55263252477303,101.03646463912102,100.43812716757435
67.7572367595271,151.41310329247636,101.0075374523313,98.8530620345769
74.36107938538987,142.21992648219774,100.38931338735433,98.35522387501139
79.26074805700728,133.1597808510738,99.97935879812945,97.69674962923943
84.19029493972569,125.47786291143505,99.45913811977735,97.49579703004238
94.07721920344159,118.53747151111179,98.29497356344437,95.86850985477327
108.47424068922139,109.4577406081958,97.01962722868845,95.68217390273614
114.84369952794289,100.74000981216147,96.41933259363677,94.90970093121778
125.8679608875303,93.69104795015318,95.46203526342418,93.94246366311855
128.99809486275973,86.55339202542937,95.16721534448652,93.30415543376321
139.39983109629443,77.74581269255938,95.13986068637735,93.11121312039441
148.75368628882438,77.13535969124361,94.2193951321143,94.33211912302596
156.78850676994526,71.54634484953232,92.9963294321757,96.60220364906667
169.3265565422163,73.7704478555849,91.8055792559025,98.12533497902871
158.74475942635158,26.979981458942355,92.03480515750157,96.00629826314626
155.24774043964447,20.139245065724147,93.10661893517046,91.9210984623467
159.31119063877537,27.485069452660554,93.72114064256307,88.88467916267982
148.72356915269194,26.555540708578796,94.76837340435925,84.99287659073742
148.28017197603842,33.723763904124645,95.65516775766628,81.97578693824308
151.1555303115253,39.767041862584186,95.49497784288005,81.07028453369894
140.85241654815246,40.24635956826249,96.65356332063587,77.33341454391521
135.06695239253105,33.16332852364118,97.28158779580494,75.08512087904724
126.71857287935526,36.510544064162254,100.43432755103004,71.09949365223038
129.5272436467484,39.56134892300382,102.89126558279631,67.68931045673142
119.46735772957213,43.17847717646149,104.30724827038145,65.79899370603532
113.12272053815252,46.61025262133385,103.68840823036366,64.2586885854334
107.39380649799298,48.65855921989215,104.64003501656703,62.78862571184574
110.11419149101235,57.608057905998635,107.04725733200212,60.58561294258043
109.37457956922782,60.16478300063003,108.52648117557118,58.08657826702368
101.7923965610014,61.399325761242466,110.7228749829817,55.61749274579881
92.89003441216651,52.38674071559201,110.44416556891079,55.55922912535903
86.89302128635089,52.40388176307995,109.54690143145262,55.52494703038315
76.50169953498393,55.20367774853014,109.81339640627769,55.05439219145999
89.15297565976131,56.87774242268546,110.11374878564399,54.26655330604146
83.67249739289856,59.57859247560529,108.31949089145368,53.9669389713681
76.44350622047735,54.23459286192195,107.65985454077392,54.576525735053316
88.04551145687216,53.33147418064323,107.14017601733535,53.86228176990509
71.24132249743397,45.60822726511402,105.74119724217692,54.305622732091436
79.37473305376723,44.617398300907595,104.40039394522577,53.79961102455172
85.69922712406043,46.20183540475493,101.58849543408614,53.09000922421877
