319.5,185.5,67,56
315.76083331795087,183.9865508582539,67.67312213616215,56.0918278741802
312.48372133444377,183.1841359879778,68.38658652977568,55.74973775693213
310.38920953325095,182.42294242557307,68.6708725252954,55.31975607830862
308.3243286762013,181.54639103029953,68.90108164791565,55.12308257311618
306.3043950887077,179.59796988755022,69.04070663299865,55.119682668710595
304.2095099859653,178.50720801249446,69.32606328392322,55.348999641542036
302.07688905266696,177.31639997091872,69.6707054225766,55.77031586072183
300.4794571022586,175.88551344175323,68.92073997606323,56.65967424538781
298.6601030575588,173.71643099199372,68.60887527650605,57.04726635594997
297.7646984962584,172.58313428725916,68.42294269215748,57.33711805846971
295.6948623203487,171.43455612271282,68.6055174499987,57.655725590573326
293.9037951279103,170.18333275481734,68.21466012056676,58.17167646920993
291.9651466159049,168.97253086544094,68.11442826192568,58.60451580663681
289.93947977972977,166.82364325868804,68.17742489468516,58.91395398055178
289.1183792102595,165.3730959335523,67.8195165685164,59.81493916571393
287.3215448877729,162.96617685376572,67.39517924327725,60.61077135507475
286.39333853060236,161.68030944499108,67.23645817196197,61.16737238696764
285.23965532515103,159.532895852254,67.52228177706576,61.41911396084399
283.12017532226406,159.29363126764716,67.70123294456458,61.897643130057695
282.1689682451673,156.8258300612718,67.56323157818653,62.752414501665385
281.065316472515,154.42508793580595,67.71866985920133,63.450168224017254
279.09163508338804,151.9624255410292,67.53527755982557,64.24473793594102
277.06020242610856,150.515617936203,67.44791470047315,65.06323905863775
275.1194216198821,149.06890131483266,67.15606562594644,65.86996695788864
275.13888394849516,147.83267728184046,67.11714096872028,66.247541349528
273.9634410848677,146.68280330196973,67.36780664019194,66.44706925348632
277.26787308519994,145.4093553144948,67.08086786687618,66.88665681931991
272.73633256244113,143.4691320632724,67.70505193645516,66.54765483379535
270.28517368750124,141.0170083602697,68.37897726052282,67.22350981398867
269.92581896097505,138.8294858570102,69.09768671357514,67.32764910859906
269.2570009363673,136.69697842863218,70.43532276279062,67.2958934096448
268.57122856003144,134.94768257767507,71.80686751546236,66.45677579160878
267.20923854702914,132.9482319039504,72.35387489175702,66.10173183963838
266.95932337901854,129.9401791806452,72.85370522777833,65.57829499761746
265.41873523993144,128.288301797585,73.75560282393171,64.52349239969627
264.274156330707,126.38555589922422,73.86835077159891,63.9761644548547
264.12272123397565,124.58016180673287,74.17122096506158,63.24818887375116
263.73606115167695,122.80684046837806,74.94454112965902,62.470080769025444
264.3804924367689,121.33339578958623,75.81745801488836,61.093411215782325
264.35747880681555,119.32036520012488,75.8634852747952,60.81355777491005
263.3175544147578,118.72660819805088,75.7942043481148,62.00107177905805
264.64067252440856,117.25833256234017,75.31525290875467,62.77033827053809
263.8107959816008,115.01569951831465,74.80267439971506,62.91094116927894
265.9342072791394,114.04914807933454,74.88924385327434,62.67734802292091
269.8454284268423,111.85223296777035,73.55960553930055,62.74264225842805
275.9302231839862,109.41780814672909,69.96922239245752,63.32188871678821
277.13239570241444,108.18798393443384,67.56487735560097,63.68311720139394
281.70852389371123,106.768846740416,64.61263560377611,64.45472004584009
281.8234634271523,105.59594842873864,62.35020013534827,64.76796026764913
286.05667853520237,104.40340592096575,59.88908072774425,65.1512750136962
279.2149497403063,102.60301018988298,61.760317442745375,64.81465951759806
276.2305366162898,101.54426795820827,65.73598205769704,64.93898234786607
273.6386950843092,100.9220445656733,68.86180123533529,64.12556524661306
272.3372876658214,100.1463056640361,71.46461607231086,63.58308588193164
273.89166544457606,98.4429287904039,72.6075201330467,62.7381800109509
275.4534309063365,98.54403982891012,73.74401162892804,62.535957933938434
273.44396103352915,99.47985431833929,75.6186254214562,62.80865490816664
270.6644335805135,97.7235100565955,76.8224355198095,61.96609862397622
275.66553207033405,97.62663263019546,75.55029260506984,64.34236699300166
273.35191272307276,95.75698568401447,75.774999964057,63.67912954982806
275.5774811433306,95.49759546010654,75.71198666506987,64.19790999764393
275.6149456469762,94.38625501133112,75.63705765777868,64.21915151498648
276.6375093899402,93.42875677874775,75.7925544301118,63.933523721892044
276.79671976922634,93.70807828941192,75.47413367153959,63.37488070056372
277.41625693928466,92.91953911422992,74.23505933142292,62.76743682729977
278.77356727547476,93.30905852699547,73.6760679219988,61.98839800176866
282.28730576684063,92.54017093130395,73.05198671839374,61.39170793344282
281.6125515336407,91.78722922314975,72.28626331996779,60.782359484925436
284.15179419914097,90.97427775629879,71.394998439644,60.314652193289035
284.87735676652414,92.14696652174912,69.94387330487763,60.041606621780936
288.2881231195187,90.33041031086898,69.258930439427,59.583659149849005
287.8007700730823,90.22763234452773,68.2060500988213,59.7892150825315
291.66909141429295,89.07492832597029,66.51315833863914,60.08003947889999
294.3534123498456,89.13840350959562,65.13041653176913,59.95308911164932
293.7188312326853,89.32140031677892,64.43018166451212,59.58709549728271
296.3020571720048,88.17848333958602,63.169041079140584,59.92027380503479
297.8570356378025,88.09058568947991,61.99732975532392,60.09606910524701
298.3169574672095,87.11196736964732,61.077486096509915,60.13063333613535
299.61240524735035,87.00674555549578,60.395365258304984,60.34107696443842
300.01873460915164,87.22723874274546,59.582706534702446,59.90009058993908
301.33709590177403,86.79259455059011,58.82760114222234,60.76937897424979
302.5025169757506,86.31079799434137,58.38011394247173,61.732972086747246
303.4204610303746,84.36157309646234,58.43558624935379,61.84870105024525
303.29414468412733,83.0628226996221,58.68821894184833,62.55215175529601
304.2788751524153,82.07335633866055,58.62781275753623,62.622029724955325
305.37276148848997,79.90890417064259,58.34922739500493,63.13255944175536
307.5563942021542,79.71088141003418,57.80741839785374,63.52860496297218
308.9269613791078,75.78226949344435,56.97655645800475,63.744739139918906
308.22215485681824,75.14751642715207,56.48579384268364,65.01424527250344
308.6816330505242,76.29141530945117,57.479045114580444,64.63865516721403
308.6523040637166,76.52360848275546,57.53770308819572,64.17426882060546
310.0084771729214,75.90461157790362,56.74136836040344,63.496251139691765
309.4680324074909,77.9892817395772,55.929499238614156,63.11242812164521
312.5637306919585,77.22796701689927,55.359570618291535,62.761234917463554
311.0232700716797,76.52513006265528,54.721977966422116,62.30765187973803
310.12103022233805,77.50671003657742,54.68443951883211,62.1865100781669
310.09332455879377,76.88295670633673,54.73985084592071,61.59447755202312
309.97771444900866,76.94983898573395,54.97107106549099,61.460712993228654
308.8358571951824,76.07164562283943,55.42192635192761,61.38424049780185
307.60231721902073,78.88207583590372,56.05013830860915,61.27998405859896
306.41157895221875,77.09031448313982,56.58435532243392,61.168987724568396
308.29023203495626,76.2070315683865,56.53511304852999,61.08152160828947
307.79342809125035,79.31689315500486,55.676836444148066,62.26933640222772
310.358431822733,76.96422522572719,54.260218070451245,63.26128317151454
311.29559845299104,75.1615303982627,52.38588480993519,63.167923384438225
312.73593706443813,75.4106313969887,51.322971115211395,62.669721386986225
310.9458961662507,77.9014673400915,51.31718128792902,63.06685693626663
311.0921120430421,76.66900812656152,51.02474953434619,63.73282936533086
310.1992656944573,76.51623120689601,51.00600861436742,64.0383832046619
310.5315143578968,76.71735238202427,52.15032550925628,63.63614085440538
308.04410788680264,77.93093259158955,53.48280909523061,63.03014511338183
309.3842860522026,81.59301804797653,54.4690707750225,63.03921022179125
309.1610341856318,79.65169490660276,54.91557450816396,63.22326988731115
307.043900990296,81.39192662417108,55.43123316156068,63.46141418944949
305.80242162338266,81.25045209775558,56.042934702349356,63.74436324228049
307.62705637064886,79.75107202866394,56.16454359853006,64.85768418510727
306.5707977325523,80.34448158867184,56.3724286221717,65.57549731764294
307.3724382135261,81.15596189193565,56.688219767076106,65.87160881796734
306.5141843613664,79.7466943853141,56.476006453433975,66.761422813249
308.37635262681346,81.5005021958764,56.62978266872918,67.13191993831362
305.99673309150694,81.15397544131514,57.49452555085965,67.82497344743611
304.53242059813624,85.08410128111888,58.451292149035496,67.85215532209104
305.34758473129597,84.08252261261892,58.80861668550965,67.86765985629731
305.4668067577656,83.50297129243393,58.570172632570305,69.02676249666729
305.4364293119955,84.49027561256241,58.630927524110554,69.05986685205227
305.3531189459999,84.1100891604696,58.79754825610181,69.8202397562379
304.9894233166134,84.85072000520856,59.524939514874745,70.3625946273831
303.6841644700998,86.9399485551312,60.09176508430404,70.27152177473357
303.47701850422305,86.64989917915169,60.50605701605749,70.85162052669259
303.09271039269106,88.35109566957726,61.274673239121555,71.58326810015303
303.6027052863423,87.99565704264964,62.34535938533642,72.29414535400826
304.1589329834184,87.80321175758505,63.35176354022302,72.67903592413745
302.5084363049335,87.40582150221073,64.51179890257995,73.47381643488609
300.91284652691905,89.3975280007786,65.53112275832918,73.8341148383098
299.5766318098089,89.23642543122338,66.00979801561859,74.15631997742027
299.36898426053205,90.27638261945984,66.42509311417226,74.28281379814766
300.4277329093401,90.49125431793404,66.52260440238427,73.85307040119926
298.92183189944524,93.54638005177596,67.32451954479363,74.37247956565668
300.777177006306,93.74673435143052,68.07534655765438,73.97177096634755
300.89498728102643,91.9949567909296,67.8397260082135,75.23884547468433
306.54674036109293,91.54967294757682,65.5460298653233,76.12941316138989
301.43097637391173,94.14828820321253,66.8593478196643,75.39128766012914
298.60277831555146,92.9638388082827,68.0374241010692,75.52102653233094
293.34257821022993,95.41814932610323,71.77783952558443,75.13239535410841
290.8846405187557,95.45516012773312,74.3803186911281,75.05837375084863
292.1452026168715,95.42911963064624,74.21255367395436,75.1104547450224
291.63598920218453,92.99999640756756,75.23098050332825,75.2656355686236
291.84723798641653,92.75869958203832,74.80848293486424,75.74822921968209
295.98200354227413,96.24212301692027,73.65183271786361,75.8942632446327
295.8214499166729,94.80817522626764,71.61794953170511,76.40716838857705
297.79635643667024,94.50473069482973,69.9989356696186,77.01405745145287
294.9872631496319,96.99488865852939,70.98810983485254,76.66275393289628
290.1375049129749,98.34517090535127,73.71328301740269,76.28697053617385
292.96312796817034,97.00959380307835,72.78628048407643,76.59600295218738
291.33646594048577,95.45997003421469,73.68731890259001,77.34296485305921
290.2286790995421,93.88117079349976,73.5246371063023,78.12230785631392
288.10473832683795,96.58265763305866,75.38465219829013,77.49506708403709
286.12074483940484,96.61091391720018,76.94514188797618,77.43855451575405
285.62965514228927,99.22745834951407,77.9273212822073,77.0679380695303
286.5965536942409,98.41035414087162,78.43438502454025,76.26128564057898
285.04296199963125,100.09807832961643,79.10547621265138,75.32192946419761
284.541719087546,100.55072289859311,80.10796203682187,74.41664032624423
285.07931661672154,102.1143845328776,81.4658126144922,73.72236269369668
281.21375457372807,103.48668516042213,81.86749398712092,73.420909009727
280.92641166112367,106.03076895827213,82.44217981232981,73.22190560624554
276.1172523097354,106.23080977426368,82.25918804661568,72.82182397426246
274.9637168415027,107.2766691218265,82.12516910528143,73.17119515693655
275.28269613455785,106.77697633029565,81.48721051917104,74.17058073999826
276.66558333170053,108.87818043843836,81.17206283242027,74.86942593878202
280.27277403666096,107.77187061480907,81.3282167520841,74.62520047617897
278.99580401439755,110.87015506818605,81.42676466478801,73.3394158330708
278.95994628308034,112.70503572194593,81.49848012742241,72.10608516575422
277.9060237455176,112.75246822822886,81.18848647188298,72.01122015318836
277.8656820787375,114.01884038681342,81.26916980544313,71.88998720455908
277.72104289068466,116.6267056510778,81.5584481815488,71.49590532822026
277.75542498661406,115.33593276643117,81.48968398968995,71.66844895497779
276.59868353939265,116.69504009209149,81.39246783519111,71.3609333525988
275.49350444395895,117.80534486955781,81.198557824077,71.54459199964761
275.446686025963,116.22677062704153,81.29219466006894,72.29753796954527
275.41377999260555,118.47210418710621,81.35800672678383,72.6422684679242
276.6917952244509,118.08627190004917,81.22620624403206,73.41393304203828
276.5505764388712,118.84400739557158,81.50864381519153,74.33296280430093
275.393926320558,119.91086899597255,81.36839600646574,74.65278764885097
274.1478714261841,121.23584911202005,81.40404836150114,74.45928485046846
271.53964242551496,121.28845386331938,81.71264340535092,74.35407534786982
275.1912921045075,121.38326825795868,79.32346508779952,74.16444655859121
272.92289560175595,120.87003960768155,79.02667590207737,72.77411276353286
274.6501744292347,124.78491064460445,77.96217482885552,72.11454043489381
273.49895368673765,124.31085309340905,77.90165203925207,73.0626555372846
271.9415672931276,126.27904975594723,78.63933950779767,76.25751816823173
270.35804282451636,133.9584849498542,79.36713994890735,80.41263574931972
270.0928269504002,137.06661070637858,79.89757169713974,84.26119813010789
269.6518511711415,138.34027805656945,80.77952325565707,86.88376170017226
268.12096458597046,140.33352106938443,81.2013672531464,88.17713402024795
265.47839692136347,135.45590103591437,81.15287783296854,89.93193696310033
263.98999412605895,135.11529691136113,81.43632130762819,90.61314521220682
268.16403245324295,138.2573256714005,81.21367478528035,89.74604111347477
266.92077400502393,138.95605912705562,81.00875108702367,88.34857420216457
265.6357072837324,142.58084470709616,80.91246629658654,86.43183950812397
263.17778963105553,144.60664434389048,80.55833154948779,85.0152252607616
262.0980070339932,145.16193939250329,80.11067532866112,83.904635163536
263.4200749519508,148.12354493097024,80.04928500475904,83.14691511062833
262.2734680932218,148.70226320319642,79.77259556586955,81.98947856617593
261.89699216246834,151.49617132113292,80.52554742737658,81.49641119339663
261.6712766004665,150.4769538448547,80.97697855138016,80.98333069050318
259.95956742487954,152.27122795310507,81.8498408519913,79.94533852456534
261.23041075966694,152.52551474928424,81.85606563278805,79.43676493220696
259.88031434050856,156.10315460718994,82.0162853296176,77.36143149937
259.89068861127583,156.76687506537445,81.99553678808309,76.03399058300097
258.62125644475213,157.93100737141117,82.04618989264242,73.70572597092752
257.6897039148665,158.40647639470205,81.45738822459685,72.75478792434578
257.73974280823614,162.5209223780323,81.35731043785759,71.80860974127297
256.5662928188962,167.07368342206811,81.29332079107144,69.93575652959919
255.4882654513977,166.84092481816893,81.06949492563169,68.02139313696085
254.61585918389252,167.44812931685055,80.46866845164612,66.8069841395976
253.5432484921986,169.1846517626987,80.29708423665136,65.65074484628393
252.49124809173168,168.4580748496889,80.10558917426661,64.80840280898504
252.5928071481005,168.2829614337699,79.90247106152894,65.158629640823
251.37428553529315,169.81536590624856,80.05803930693526,64.37529567607406
251.237407945825,168.84802539798915,80.3317944858716,64.03879052675798
251.08472755485326,170.349168020997,80.63715526781507,63.306435320438716
251.01503343152234,172.03686235087304,80.7765435144769,62.19376363462567
250.90443805886738,173.26410178363483,80.99773425978681,61.98602606215689
249.87603607191403,173.30645910436826,80.8078071149105,61.90131142069002
249.95681274399197,173.16004064097478,80.6462537707546,62.19414834747697
249.97469726695272,175.34768379711073,80.61048472483311,62.308378117895955
249.93566131352753,175.2130831544863,80.68855663168344,62.57757940314488
