298.5,149.5,67,122
294.3167159121704,146.14352742861436,65.53245938739099,121.82353928392585
293.1137948869906,144.44493730909176,65.02129586268025,122.30371394790077
293.4250733759439,142.9856970712019,64.39873888477368,122.30687944438392
292.58645813087116,139.76103401555048,63.1712941766754,122.9468551591992
293.21808410108224,138.24987124910012,61.90804223625325,123.07622461075508
292.41552479030435,135.94436358145077,60.640114215150064,124.81419330339494
291.48877553544696,136.66178941482355,59.617118396360496,126.25583596515372
293.28781926322415,132.107558701897,58.89875025141586,126.7251394591776
294.9223925296561,133.9454617344606,61.377624312915515,125.92334369123213
295.557981636752,137.30961583333158,63.01195215436,125.00604760476276
301.8744342314437,152.48281728158116,67.90143547136331,118.0228293834458
298.45581775212486,156.404835995459,71.83744701839146,113.08001336729961
299.0343325437142,150.55068840629224,73.57433964370996,110.31869750314726
295.3240551976665,145.9329824757943,72.35050148405642,110.90971651239423
294.25107495032137,146.77969422558883,71.62648944863992,109.21629301280512
295.8377510350181,144.83611323886765,71.2856326857104,107.43846417331949
293.5507352938387,159.2347065784229,73.05954433360816,103.8423560043575
307.5750257006798,145.97255830565058,75.53917886454532,99.83843720528284
310.3653570418049,145.8700919815169,78.22416650624909,97.28815307889889
303.5430274798894,143.33688801671119,75.30945970666474,99.59466668794114
298.36980152833064,159.27509097737124,74.6649118506185,100.6912600441124
289.0814041462763,158.85713192861155,79.47220647886232,96.01937808728587
268.64397714345574,152.6112098513497,81.69902511369375,94.70835246652042
272.23722667222296,157.40966153298353,85.61724502691324,90.6638085886297
262.2093807852765,149.9288447218625,86.24237057717576,88.97067116204572
284.1917020189355,148.76350219132382,86.42455803091455,88.54217935305704
289.65919054765635,149.21893017527069,83.7555746896908,90.38665462390269
293.35091708408964,139.49614092468818,81.85592204931342,90.63893161135547
295.296317516345,137.35355290283778,77.96512118480271,92.2085337421372
296.5902513295001,137.04145802357982,75.37725355849246,92.83272350065312
297.86745629569396,131.80584313273545,72.82284362610477,92.72232172085194
307.5386932120582,128.76500091124103,69.09415476125062,96.20170866919509
304.19937092341956,129.3704986215666,67.98984306045247,97.58503200790238
306.3926782123284,128.74329367881958,66.2002727566697,98.83944189339644
305.98766735004386,120.80814531851848,64.42398157215199,99.19186115947768
302.31008216532314,130.2198883947401,61.530981060603196,100.86471676901515
304.75134310810313,131.05118286825098,59.18704854327523,101.74071719022541
314.10086611956075,128.2939503885556,58.07233560635714,102.23108698218839
319.54948769174564,130.6859164144115,57.1767045263003,102.4479609626331
314.33079983952445,133.7171023440467,57.66059432755837,101.36233205495489
318.9074231555319,129.81429000653583,55.94897955661834,101.72632486890171
318.3078369226422,129.0227288671116,54.69137783185252,103.3094471477502
323.67688599144293,130.55066708234776,53.78758561440506,102.71214719731637
324.48790074190464,129.31200527810205,52.165556113481706,102.75520189664678
324.75504702195985,127.23609104650667,51.63126355337122,102.09311567018139
327.71354163136044,127.91998902619534,50.490326478145,100.72531971080407
326.75046839676224,128.52299251694447,50.06820524183854,99.5193127293058
327.9808431364627,129.07004476853888,49.930761334603346,98.42520822611698
328.9963009040804,128.56989561948757,50.20474470349963,97.12060762008801
329.23990636945916,130.17448660315512,49.71753377274204,96.20191091686381
332.8831148731045,128.25711887104103,49.23693727280086,95.4994327095257
327.200202263782,129.65727890623737,49.352680775674884,94.94912898228723
328.4392963595245,126.94655734152153,49.11842147860007,93.63878542848823
327.09378199255855,126.6514596501526,49.588804414733694,92.00833501342768
332.1558447394193,128.57833885754332,48.283553105499465,92.56401369088988
331.04943371851215,129.20540057775904,48.305878463736335,91.30989025045847
334.0897216399632,133.47504885884894,48.74262958505038,91.46036297390022
335.55348699140865,128.78587201985397,47.99724865971546,89.92796776411095
336.6016648217485,133.9810580309423,50.1945144707752,88.12483868541314
338.267816999195,135.78650545587578,51.17758064458118,86.67162909989572
341.32114032120404,134.10043536051393,51.52929809817519,85.73819322554473
343.63118016520434,133.87617737730417,51.19890842628838,84.04186418390731
344.611551620274,139.16967020421504,51.35218267430453,81.91094716270752
345.19762178982756,142.36691062128074,52.26483442345455,79.68605050509042
346.4452162731462,135.66495428488327,51.836364171900655,78.62293217230211
348.0614008268114,139.2445672034782,50.64761681124098,77.5945715751246
349.8400285935749,140.70892006322285,49.09874622362983,76.6742508015513
354.45838975611423,143.18777225939067,47.736983128329044,75.65402602410452
356.8378289695974,142.06880179507752,46.839488732078706,74.03058292201479
362.4982581483143,143.39501979457893,44.975561053061355,73.26953305869523
362.8480554343716,143.58067937128075,46.124718647345944,71.04946173889243
362.4419867653297,141.69973059288404,46.93685598542966,69.30697057886806
364.00288706624724,143.0969225406734,47.45929029572845,68.33470413935623
364.3286607820138,144.52934266927033,46.80774286419539,69.1020719406229
365.2701479992453,142.03077239219363,46.74165902168122,68.6485407189296
367.18338940348457,143.2613214811787,46.53310202033177,69.80536834808845
364.7092312954844,142.56407268148448,46.012673983659795,71.1998659474769
365.6591549696827,143.0716518843204,45.94800825799339,70.18470754180503
367.03946058544966,144.57919865606576,45.00627443582937,70.80736881705428
374.9471330789394,144.88531439661426,45.50330910896272,70.19513733595726
375.00031993508264,144.27849448385868,45.396935396676156,69.59715734077717
377.0634570083245,145.18155080723855,44.872415932956955,69.5919220353997
382.0617762860667,144.83529354435888,43.83602022197171,70.28443656115908
383.8610814478531,144.23592198334987,43.807540942849684,69.69811416095165
378.702585581784,141.46041695320525,43.469568663991055,69.92164221574242
380.0322864999037,143.11742007099767,42.58366638435802,71.92813464997694
378.2831611117882,137.98651619656567,42.50497401234773,71.45911295411709
385.40300368576425,141.78524034898527,42.506652343539464,70.98234638884978
386.9819875381216,140.67582919488908,42.894900284321686,71.42806087429373
386.1063965315828,139.84475850121228,42.8597942447407,71.30391420898876
385.5331057684598,132.73398569749466,42.22252725499695,73.0385202044959
390.134514334926,135.47582492483372,43.81276912960489,72.95137125358795
389.67196720624855,135.74331550161625,42.91342828432323,74.2408252026595
389.32883040908115,140.61167287694764,43.599701878657996,73.64603183897131
398.3016974866677,140.09028805594522,43.96566240318724,74.68880148097611
399.073645218217,140.20986742385065,44.27461530230486,76.30249110738147
398.151141918598,136.1057001320089,44.23759097856055,76.98270199913593
397.9537852937508,131.69872050331878,44.63230422825493,76.33921806125662
397.47542872364187,133.2622586899789,45.58901736847285,75.10077501838028
395.51877898148285,129.57430491849303,45.72958148262016,74.93121182101049
398.62240218161725,133.77613462223886,45.18095559843842,75.95858660699741
397.53485414582104,130.02412059939522,45.463797861488736,77.78585322705834
399.4907440181162,134.66079854738308,45.4003804849778,80.05758443532065
398.3184069952654,127.58090126271928,45.788275558536995,82.47670517179321
399.8109131848512,132.0294356097977,46.80157580813376,83.57541804955744
397.7174280447511,141.4866847316327,46.92322518347727,84.98752433017083
397.5499814452668,132.71624377189755,47.258118382445915,86.08361320682617
398.37420023003517,135.82450351372742,47.687177614838646,88.17708093088474
395.69866203934066,134.23631397468586,46.69113013487129,91.35346000896791
395.46989187879933,136.44172797732773,47.14867045595391,93.37852420327008
393.49118068313106,129.63116893349763,46.74032579286513,96.08522465486698
393.56183083304006,128.06690423638554,46.599025493047215,99.21375404909118
392.3948378149765,129.29669745349943,46.674429243867955,101.27133218547611
391.104188338487,120.64758495015747,46.96587869979958,102.54061071282835
388.9113119321284,122.06094023114774,46.72481240426505,104.34071925909953
387.73486931970973,117.85983771645749,46.74237039653541,105.73694259077892
386.7248975271438,120.354094430453,46.40642473365039,107.8160969068384
386.3689805558105,118.42627266284526,47.11825867631708,109.29166112895894
386.0739877281294,117.76488672775677,47.70824433167918,110.61443299913591
384.5994824957112,119.36763745671098,48.213681255657306,112.29607862294422
384.267367039071,114.50789382481591,48.87791216893764,114.58505282373561
382.767125440608,116.4710609645717,49.35670404644982,115.70210118305165
383.13444943768,113.6828733376775,51.1683710992522,116.18584634294734
381.69366158826324,117.87071578740058,51.46464871974642,118.15135375685898
381.6215343047043,120.37071968559555,51.60890328686421,121.00833988072137
381.3902984837434,115.39046788977853,52.07137492878611,122.98016992767886
380.86349333469286,118.65042318776443,53.12498522688713,124.55900911357662
380.1114352886245,119.35481923350949,54.62910131902389,125.89127474833835
374.3489065371289,123.54220315556893,55.00650441125149,125.87724771229203
376.5182949861225,111.7160868948429,56.25446381559507,124.38916687325586
375.0544771272856,109.48886626183716,56.38836426427093,126.04987287026955
374.08664419146766,109.72965849078358,55.50383385195289,128.38848469633075
374.2941786213344,106.90814933808508,55.08876499221935,131.19299549504512
373.90303113931725,107.4592902273945,55.87105995625375,132.96242807123915
372.35172202958427,108.19854198500198,56.06253554319326,134.39506718855063
371.07298078985673,106.05735389288074,55.68479017085169,135.7422155209964
372.34398471513305,116.3917721035787,56.09073644934484,135.70905800292147
369.63261635879667,112.68776465037081,58.55878017555923,134.2529939499624
368.8370434773177,108.01098752718536,60.14992593851713,134.67454306596613
368.7420921554582,109.27652727789778,60.33982858223624,135.15492591205444
368.0976288680234,111.7841625188939,61.62875515710582,133.16142628470013
367.52310915637617,112.64005627499628,62.777794580400304,131.44963877249535
369.09425849316403,112.52067628511207,62.646021197542154,131.68839875226377
370.06108026784693,111.60020843546242,63.724089521491564,130.51762257824785
369.5657506752065,113.65750538948916,64.71474870677244,129.41640117282986
367.88656764401287,115.24107947910952,65.0586796035356,129.26368815921336
369.4047901115024,117.51235563697195,65.04038144311184,127.73928261804386
370.95129469590245,120.59180894021125,64.94286192211877,127.57135530717919
372.29571356239194,120.28394583400828,65.24536854579193,128.18708151958515
370.9306815573701,120.49201721430943,64.969839244376,127.77093875898285
372.5191025807947,119.01773613942913,64.78773343900106,127.72476466726916
373.5752150524246,116.23772585675613,65.66642389328858,127.30295443752054
373.28172658514586,120.65114357222086,66.25340082784605,127.47576752090028
371.7426940016041,113.00614915374459,66.31893934953821,127.70312313089619
373.6335270510467,124.24035215219041,65.55426714328678,126.35367438244054
372.3452445178299,126.60087934096286,65.14681850554348,124.61663370907254
370.94820593688854,128.13382836755056,64.98941024767895,124.50222107564443
368.1944880765162,129.44974291801233,64.60265127499449,124.8174893214354
363.7069033761553,130.3284075832404,64.74260241350238,123.06015999097926
360.54462826594397,123.89060203116503,65.22383556829178,121.32747843104664
358.80467110058964,127.79413751908426,65.7993377532475,119.32923174671393
357.3932863983499,129.71889816259335,65.7373263326821,118.3644912847407
353.0362977260151,128.1002276159527,65.84288066392688,118.73235804021374
354.50106513343616,129.49167102291057,65.7900545233217,118.82617990053497
355.92096697503814,129.54876117125764,65.82744448232899,118.7119996038408
351.6058863865575,131.7972550889749,65.82917151778949,119.96730119607341
353.7440551357995,132.39583506800489,67.34225206228326,121.66485025950237
354.45748669176385,146.88042144363143,68.86098440726728,122.15163207737663
346.29896752628594,150.01125973274762,70.28471245674447,121.8472796117357
342.97516361081205,145.43874799592143,70.9356462519328,124.99562904962858
341.7116029039754,143.48688614202308,70.40673873220545,125.84332382402467
340.83039663628136,141.75313599710626,69.10958054880982,129.3108241138583
341.65951988826964,137.08746070680917,67.45133404483325,132.46504194597588
343.35925514233776,140.21150764751636,67.15825453503305,132.42973006123344
339.4438026041606,138.9191968192492,65.68671796111963,135.01435171776774
340.95770694079494,140.15169531991097,65.77205809532393,138.77565233139023
340.61154955411746,142.90607687114402,66.46437286867885,136.4364083540278
343.2834499979966,145.89614826246918,67.41542918256387,133.60369417219917
341.51129596752907,141.33147249784258,67.83727681076262,133.36566440324333
337.10522693889453,133.3661005297899,67.27064327109645,133.6651223444567
341.01521824807526,134.64702513125886,65.69237661128062,134.22413112079158
338.41491511108995,139.17826999757466,64.68958083424843,134.4667444646642
335.4828536514565,142.86567011664738,64.37806315415727,133.26758482587687
339.4743884465555,136.87049405673048,62.52479102230247,129.93344329985268
333.43607006135545,129.7348896207199,62.665427110878696,126.30065114913796
334.2730810098889,131.8851677801904,60.99140521381168,124.93345129458314
334.4858558976048,131.7202815240649,60.565855438379984,122.37888656662622
333.64612128774536,132.05209654989847,59.40571544631362,121.71525651495901
333.854631730779,132.60570918039053,58.9886945602464,120.60803125397489
330.165465997144,129.42513377862178,58.00792500740391,118.61008103740008
329.6740289864997,129.9635741542946,56.25065219504633,117.53320028605442
324.90678054480674,132.63968279481043,55.00963939281986,117.568737847829
324.33022892333963,130.62500570375403,53.48998637341837,116.25257950527035
325.0921493460026,129.51275066493102,51.96614552809244,115.85005769863523
321.4357316615008,129.23951734604572,51.495598487022434,113.802063533048
321.7247139906497,127.81261737179992,50.91763382872469,114.09939995200641
320.74725669925147,128.16494453226574,50.32191964146898,113.39474563107476
320.9687163962912,127.25959001493726,49.87900024738951,112.67552464997028
320.1139065421978,129.61521114295653,49.076913952521885,112.98769440004065
321.5514765598565,128.68723910668035,48.70386754441789,112.34154484537957
320.5450209065295,127.32584441767509,48.23062467667095,110.09202587458823
319.2284921360142,129.40950171742676,48.41845592737665,108.36993756540966
317.2959809739241,134.14689422379806,49.85991528335855,106.16584145726192
318.7744676078258,132.47652622953365,49.31971065273299,104.67304017143502
317.6581431374739,131.76724578676556,49.166765699540214,103.70600716307474
318.9259570145996,131.31950741597737,48.99997129416967,102.23265055577029
317.5928730121935,134.16805730800868,49.32169814294438,101.22443308378261
323.29243600607475,137.43812293741462,49.59914658598263,99.35493159729114
320.87346657605445,134.27823798052992,49.81151484330442,98.73634560698216
322.55136646406487,136.04718883660578,51.07051248581998,97.50584260409863
324.4538559591967,138.40899190102863,51.887614094344926,97.40431707404147
326.7409712094576,134.2014491281298,51.96053543514438,98.84867485785722
326.5782755252734,136.2790252522575,52.285926803512744,99.38567426839391
327.462953697902,136.95291739805043,52.876132130208674,100.3974516487612
332.4145622045249,136.34483600917758,52.51122570986749,101.61361442650693
336.02416827567254,135.86539734549584,52.48052588666283,102.5724917538704
339.6551665434225,139.45601596327725,52.44766888127418,102.62039404841892
340.58331292977425,129.47845522089932,53.00122521088231,100.88687361236961
341.7402488352801,130.96541654618784,53.081276313762835,100.30687387568477
349.78195623712804,129.67046842379182,53.70523644670927,98.12323442429332
349.79049054647805,127.31506948962212,53.68816782800921,98.10346990239451
351.12211870123974,130.01448863418446,53.389609495104494,97.43402756650721
360.84626337546507,129.9414183110093,52.73907900911513,97.58016821285753
359.3052253735674,128.0351320777365,53.48040227415302,96.71123520188819
358.39789652545664,130.7484878204721,52.95446051979764,95.96572261757085
360.5638123598171,122.65607717761154,50.943245904294145,98.22684158398755
362.1682410299211,131.07783638478935,52.37327649025494,95.29998694813825
369.5182714458066,129.11417326741477,53.779296038754985,94.62557593138142
362.0055503410552,119.57466244543329,52.60080074235225,95.18581185430952
363.8919703865299,112.79448552387727,51.131026781928185,97.23083504479436
367.0711538098401,115.55822200146541,49.38873478617454,100.93551179135139
367.6855755618494,111.10271483131514,50.49214824576119,100.5174982772306
367.18430242592655,110.38427394074178,49.14943881737422,101.95438005837732
368.48501936109324,110.22389956670104,48.89098570621532,102.27512880645881
369.0508731881668,108.47330695842612,47.759278052068176,103.43315047789491
372.7982030115824,109.20123332782966,47.28545572691915,104.31757684631523
371.89003823244974,109.19662073601681,46.756950789354256,104.32680202994092
373.3227297337214,110.51833049213536,46.22725774050731,104.01907247140018
372.22919828159627,110.82829278254091,46.09240777388625,103.39914789058909
371.42456211487166,110.0902294719618,45.39113154522046,102.5647259496323
374.00947929764186,113.49451301395456,44.79351576115464,102.61448673785856
375.3352765437562,113.61295175490139,44.41822298759905,102.3776092559649
373.08092525775027,112.81597106095506,44.39442500395163,101.70532036602786
376.4971430734909,115.99405249252933,44.33027288178299,102.11744101219197
377.719519548263,113.55052926269836,44.14645103741858,102.48262526149446
376.5914941122434,115.07287845505562,44.139530676259966,101.70089810997781
380.5202792577523,118.25056053286367,43.03656125811768,102.1001348272371
377.8933929987256,122.29637205757942,43.81472946960058,100.72191823766138
380.15640561741435,116.9146538525532,43.75195702075699,100.32722267637885
375.37708997625384,117.68242567490172,44.41137699187297,98.79167903168181
377.6020511165771,114.17209550822353,44.38973966974921,96.95576944799254
375.96102803566316,118.2800228479544,45.48469345272869,95.3011919050761
374.0764834996531,120.9235365210083,44.88953221424451,94.37841486947266
378.11973619293457,117.38174598530453,43.277928430456804,94.98709433810498
377.2121453543097,119.17018470257644,42.95411480573709,93.54921220553067
377.5635367005699,117.34404246722684,42.251332113216684,92.97665555791936
379.6304572565779,113.19566006343817,42.301057935299745,92.90628649729842
378.69341147582895,113.84191375813012,42.08351662575561,91.61377910791454
381.2232125846104,111.88127334809404,41.16198112672352,91.39699320945593
379.4211653941266,110.72253304146315,44.76607550769111,87.56529737094759
375.62548308887114,110.40602425058486,46.187851763030984,86.14178550098046
379.5806327214607,110.81532078284741,46.51774453784171,85.32319243645539
378.864637806647,112.7422872944279,47.94973436746912,83.52288767621073
379.96667609471547,115.09508664096688,49.84845832262778,80.86868924878051
381.6704877356896,119.62591517235452,52.57282167330356,77.93901881862939
377.4599699975511,115.04770524454673,54.857127596656916,76.86755608603886
382.45482622521354,113.13249687293458,53.13602312944416,78.63082083223514
384.65085413424924,114.72932680152717,52.8746378471457,79.56783151082286
388.38894162804974,125.35020724172719,53.69882610034771,79.0769787324304
392.1391447306692,128.0617622497806,50.3611941065074,81.97941713912095
396.49275852603836,132.71818844615274,47.86150783248075,85.08164737979988
397.5324206645454,140.82361288105855,45.78218355546666,87.52760629635698
408.4658234751195,130.56118174607175,44.650117952471405,91.4646765518081
408.07982370991846,131.07607346296834,43.31051042086281,96.7697143040472
407.1569426398883,150.79103032964233,42.99081814725738,96.3179800166804
411.17774239260086,141.66585320382163,45.71562003487144,95.18881176085135
408.6943332386336,146.53007417123632,48.497932642223475,94.19839262835193
405.02213220427706,131.51894070076267,49.18777160379594,93.16603173597609
405.52578378539425,120.78742057771024,48.180468441561544,96.90998665033351
404.8921135377005,104.28984618515238,47.19536701366144,98.37094850942218
398.07961808181017,121.90091646113939,49.536913365122075,96.99914163840829
395.987143821653,135.44964866551567,51.444669868633945,94.95078941448345
392.14722243306915,120.21343678332721,52.284971708618514,95.78520245106711
390.1109933189863,135.79005729699475,54.050909947404364,94.61672128567172
383.48789041076714,138.79708980266548,53.3811294884335,95.56064941203476
380.8146322266434,118.14337496155048,54.08383194432491,95.07375388306127
374.338705887469,133.46056187431537,55.4023914099901,92.35928376797254
366.88490458272474,127.32553575562139,54.14917623219922,93.0858947287324
363.0932171452043,127.92369817538831,54.837640238273586,94.1878735121874
356.9985500801139,132.0195752799385,55.39539964714896,92.97506413587023
352.2982866640823,138.40077490968898,55.525005530657964,91.80131606206204
346.9273542597633,131.50087116754491,54.75462513339917,94.08887834045346
341.67447112710994,143.4055239982022,55.966631104129426,95.8374134892242
333.49619014581947,149.74036817022835,55.733814557375844,97.3871924388873
328.43358893422976,142.42583827955002,53.91429033725619,100.07152557694478
325.19125977291793,132.81358897948684,53.206198743344885,102.51294103848963
319.69662746748685,144.57929848822778,52.0887546266209,103.19493947618004
320.0416185378703,139.56899289836636,51.39877248585405,105.97932442411117
325.45933770778345,111.08871030017562,52.767577526065885,106.80037007231688
309.857874633599,133.7048631272211,51.77467302753584,106.14690685239366
311.95497077978365,126.10933312346016,52.480132491022275,106.63901159234862
308.5449846729168,133.8516711897299,51.89232620714238,105.9698924550362
311.1526896804213,134.13150226994466,51.575478961523125,105.41023029460668
305.1847615137498,129.42906880200826,51.33331833991718,105.07268366652025
310.8405108367032,135.6899592833321,52.15415712807193,102.25677265112188
310.3952462927009,138.7405645914636,53.044686216076435,100.95446732002324
313.0905147681954,131.27671647048604,54.84113957429074,101.50818294357168
310.07429729680405,141.82255737742204,53.56971430148866,104.7627018483156
305.49352047803364,148.69813918763072,55.349391628816726,103.31466541158613
318.32750335472707,119.02691547660339,56.85074226359451,105.84854220384221
319.43233692222674,105.2545833017268,57.174054871202095,105.53042938491875
313.0385074739033,129.14975326546457,59.826407062163284,105.88279630945034
323.8239298977874,122.10036433046352,58.92974391949909,109.64448332690039
317.4176852119162,122.14729079784885,61.24420779945442,112.17513676507649
322.19778405285723,118.4878144298522,62.48964408050599,116.79268101033642
317.49378867120896,131.86244283530203,63.52530050997747,117.95120531218711
329.84999657574264,112.19385770866305,64.24313913822334,120.5557858226793
324.0092159769439,110.81115668544729,64.41973316651385,123.32118786911082
325.49321422642714,102.21973377836704,64.37168280719402,125.90430298503806
327.46833016097344,87.07264805724941,63.37849286399757,129.5850970942074
317.3134644885155,82.99504859938395,62.73199731585922,134.74654931093056
316.1909929534036,67.23408912519025,61.9191749751628,138.74857956103745
330.79975442178574,82.59652881028914,63.71842187935713,135.93879304770238
313.67651859389207,69.42428858968262,63.94897776452304,137.54442565573623
314.8115855141639,69.54731440073888,64.79860484608923,137.2983740336237
312.59583814645777,77.98396093373844,66.09908616380062,136.08014805612902
314.0082016930516,77.707047494792,66.41023882436014,133.49809518027473
309.505375609003,77.95192771356788,66.10531006399768,133.00833474272295
308.2202352123674,83.8922511846349,65.58451101400773,133.49200717363325
304.8566159951796,83.95526539880868,66.13349317318188,133.3659787452857
305.1974677536802,91.19512032956405,65.45178965618062,137.46707454557946
295.49629324690494,82.6442038376318,65.98498333063534,138.84461141353086
291.7573954669404,71.6715502584945,67.11430758749586,138.57026901106553
285.6035586790275,74.49520348524293,66.66243562341621,139.30273532752145
289.9728599445879,78.33984491418761,67.50198321747544,141.1916025948122
282.05558592022845,71.31988648419878,67.16209296603299,142.29196881466078
281.2443005464641,70.62042337344442,65.53965660107873,143.69089503616948
279.65037337281194,70.33094325081476,65.49051390680967,144.26985528142882
277.58259145880305,72.37342297638831,66.38152970731781,143.4294438577913
280.41573818510443,73.60748485377727,67.21110735545358,144.20925565338268
280.05935754852777,64.0626298707132,67.92386862860691,143.6562389205953
277.9489774701856,63.640827484410266,68.86645392902595,141.22166883693586
285.47251037641075,70.37890313941605,70.11464421635485,140.78172240674763
287.46454439143076,68.00437173634319,69.40483464008038,142.25652675912772
288.8263975855343,57.98986443984782,69.96464718675855,142.58442774280667
290.9323478700565,63.04549780992339,69.0507732446639,145.6652675104544
267.3237154632357,63.675023997517286,69.6885540967095,144.40621513526662
290.27746638639996,74.45078921630969,70.25886420427568,142.7737469636367
294.7623926105933,72.69549634413065,71.20670418151435,142.97843523278635
298.9500319141596,76.03822973082234,72.80736920279242,142.94359754501005
289.81796964082855,77.40136964591312,74.30913873937703,143.56978871684396
289.7348722149352,80.50451537581674,74.47533359116363,144.13859014816745
280.58971888712426,78.60228513233784,72.373082642428,144.544291034399
283.8903911615274,70.46927560201077,72.50858150381016,143.96820156958196
286.6542639094581,76.28058150393646,70.34316347937799,145.79489965144708
290.7934492268911,66.2538901933417,72.11928867120301,145.73929061925458
303.70111022427295,69.1475261411936,73.35609910278747,146.71505183013784
303.39872134329175,59.98189385270224,73.96087686474979,147.96025968581213
298.0494625550284,61.980590814950716,74.32167688476537,150.85467746565598
294.6552261911011,67.49294648884458,74.12114090734265,153.8079835284227
295.07575813266567,59.13366435857847,73.28007702421354,156.3898757666268
298.99222066190504,53.25904315728785,72.56146197863025,157.4676531498649
293.047657650687,52.44286612403553,70.20947275557769,159.10000721636953
298.3600329083748,45.455183285226255,70.21280143238789,158.90460063774034
303.99991398128225,44.04319118448032,69.55279559384434,161.7285848392322
