347.5,58.5,103,251
337.4814439698258,56.659352815272285,105.68219185366956,248.22965430056252
333.69183508503943,57.894295408448016,107.80218579310646,245.75976911421105
327.59734877396045,56.16306200740536,109.06933453033852,243.76132397383344
321.7645278044581,56.76177054683566,109.82651202011783,242.56390689497283
316.3842096220148,57.562177852052656,109.686861813113,240.96309228453885
311.1599171874853,60.91887062930168,109.2865717493474,239.67414419645306
305.99698499835847,61.78923991878142,108.81505691475746,237.93340561749358
300.89688296880644,65.30984703683433,108.28500903469624,236.25731735097037
290.9318164165233,75.68070421155817,106.88924308198429,231.51002729448138
275.56414594795007,74.65587529241225,106.19657358523033,228.32168339378978
271.45633497397387,81.28393321679772,104.05320655601791,225.42455652218365
275.57373207814123,80.22872172912776,100.91826701525184,222.435124829955
269.23819328485615,83.68192950204877,98.58491254523986,220.530186636307
271.29410859533647,82.05033052959027,99.40593212596264,218.86053437954064
256.46733683165286,85.3501572769917,104.44436627596426,217.1839027602109
235.1515065321589,91.76158406438859,112.16973285448621,214.33427604840745
220.95828597947158,95.33730606944577,120.24226621854093,212.26130897362302
228.04936577710828,93.08203768550952,126.80372565133305,211.58594098447915
222.2755443644084,98.8550318573334,133.0643773756649,210.6139348429671
231.817609250085,92.51441145748262,135.49104859267985,212.53977514848458
234.0134279691958,91.2979372520683,136.54653044944325,214.97272355931324
227.79576090855562,96.27730786436672,137.97949500095635,216.01635190448354
234.98665258867095,93.09915661904952,140.22002256943236,216.83188408554906
227.57223427692043,103.04666997302515,143.86803543175017,213.70809301937263
225.65237247315926,101.03058181563274,147.7077590392725,212.13606554927154
226.05210855679726,103.57850235715289,152.5523652435764,212.68430283781115
220.90276323767563,96.85343212093179,157.11881868309044,214.66996891279496
212.19597578021998,93.90716751605318,162.85763661946652,214.72511963328455
206.51156357598262,98.25847024377286,168.2943178451933,211.95465736059313
200.50293259682712,106.85150097916564,174.33328341283084,206.72518867115443
203.6047844961479,98.62682036012104,180.1205758960366,205.18805548647268
258.166592925911,85.02541929112849,180.16050223567166,208.1322924690886
255.1087013193429,73.7998306367926,180.16540616700797,212.2508319323608
254.23601546762453,71.76162421386341,175.73616097519783,216.32724477821918
256.38149321331224,69.95248676147511,171.44520548382243,219.94551968299578
252.80925178361144,75.17060280174867,166.286105802089,221.81287014358364
255.0150903509168,71.45707745630008,161.87442866747824,223.14378462033642
258.6899836042852,81.49141990963878,160.56869769045267,221.20726630279268
256.3332575090458,79.60576876198131,159.2889194079067,218.9853381250829
260.2731890797389,90.30821142222776,163.2860582640825,215.39595580093302
248.69819004103803,88.87726880903733,168.58796478881567,212.30847717642433
227.90770862331425,90.0419780950022,174.23803373195815,209.9790586044946
222.64776955872793,90.82165110364116,178.71379729138854,208.41971258721668
214.02117743307508,88.34763404384785,183.7827775442079,207.2756447075601
210.62504195462603,86.27983438758719,190.57504850110598,205.2556225169701
285.32962441821326,79.4114116289607,184.51296921051426,206.5275040658246
289.5214361563719,77.75717974264109,176.1293457341969,209.83596783846383
293.66094214429444,76.23249558803009,167.8503337583519,212.88533614768582
294.7408748350797,71.67713175880137,159.705126319441,216.0107217488028
299.25423490358884,73.5180244478355,150.6784061824227,218.2290876064443
306.1449942305179,72.7154036565048,142.68205427974678,219.8343291891057
309.1112439160238,69.36642435302224,136.74955490873506,220.85578298226045
314.48179158713003,71.82496696271215,131.60096478758766,221.53120298394566
319.64182928573905,71.4695484417539,126.79675889685278,222.24204002586217
330.1546016054142,71.36849462494425,122.10637712570191,222.44414765948147
329.4816007836595,71.1197022301987,118.08421352301775,222.94173244897257
336.4482516527536,73.89727770553684,114.76419341318095,222.69322231247193
342.52426626653426,73.59841356680522,113.10396269947108,223.29095058993516
343.12967732682534,70.66848428634734,111.89314057888885,223.92478166465492
348.714544309611,70.87616967750937,111.15216660810877,223.50941088233085
349.6667526818492,67.81304046627946,109.24774986363246,224.440195045017
347.6122027504497,64.63320694636907,108.18079206892178,225.62380442732805
345.4926854650685,61.622774948137874,107.24503946448017,226.4698812485866
344.1632809005308,62.85260169677568,104.73302357667697,229.18105276818966
340.1254794467518,61.38470103390367,102.47586394647752,232.11685409393368
325.3396784688999,55.158472552795075,101.03135404161222,234.2306071026278
315.6581594784433,50.300680017105606,99.6964147338413,238.7716978518357
309.3661158189142,42.996119760966536,96.6309943680242,242.94781324086364
302.4703670660396,44.005459752300965,94.75613260746684,246.15125301363025
294.63345104267614,40.70434928473247,94.7261722680442,247.51887648671737
286.31044113097056,43.03594025179018,95.6111153132822,248.10938681199303
265.2395634801132,46.7036483580646,100.80648916494816,246.0520250923083
259.5053877621496,50.82716865284499,106.9335697638097,243.14625533981314
253.92959738352818,52.258811375719816,112.67741752364267,240.28296989406348
239.3316791185194,56.44780121644311,120.00579896595367,237.37185398454352
233.20225807315632,58.41804470115254,126.71303914911891,233.43136701512466
236.86400422659977,59.843375145016765,130.60748739550743,230.5807061273962
226.10558883090886,61.667618305055896,135.22451389035055,226.93221980731795
224.35635725932892,62.643195760571516,138.7229770335104,224.9810648962867
244.47640469423214,71.74342088430075,132.6061395233809,223.8422433286667
253.06919904793278,69.19750861052395,126.5549522540638,223.3668671571782
259.74296487027186,63.262713293727586,124.12261937635891,224.32125902379772
262.17450416116793,61.96443206155644,119.25954079456676,226.91782148814002
269.806323752009,55.72578266784258,114.76650476683422,228.62451712161808
272.4390928704213,52.916973207351845,114.83386672198989,228.90923585061932
278.65192566303523,52.457913381496354,118.4229055209718,229.8273555023303
281.92398019845257,52.07377389177765,122.70609236569646,230.59563448176772
292.6878852073683,63.40578293085886,128.67112427626282,229.9258899463236
292.60563456340907,67.46888967010503,134.42625851726254,227.3903094209125
292.07348475990295,74.56915514033292,141.1412417197592,224.49114567142527
291.815547097426,75.65132656640004,147.3775825185249,222.32680281929103
291.26046097047293,82.93822682190142,154.2798838851388,219.3372605337039
288.45719842547004,87.7539298224391,159.88640897514463,215.56724678717498
291.3487501767537,92.4950155952533,165.8960623160407,211.98145366327827
288.6152052948532,93.77685878493787,171.36315207984174,209.41776728390914
280.010800132132,95.08283062407628,176.5938448358751,206.80582360563233
274.74143244796596,96.22197451958023,181.0994784084155,204.52753581462443
273.6409691474241,99.77724652805702,183.3004050094993,203.48705568923089
269.92016897556744,100.35984216917748,184.65293851512203,202.32186440698996
266.8610026017693,97.70733155353976,184.67876817066067,201.53438254620775
264.0334939794987,94.73775007552817,184.2531368254515,201.39289691248058
250.45800351710056,87.93213940201849,181.04578692791347,202.86078593056618
249.84738626848687,87.07735718373807,176.2236892927744,204.57035036712702
240.89973626429864,76.97760527189527,170.14858430720784,206.79205044535536
238.38791557277702,72.68839332665439,163.31411247587715,209.44141772865015
242.34276534820697,68.17576113895042,155.40441292501723,212.60776347910686
243.0020809006448,69.22893674073302,148.30784416946705,216.27934992621624
231.90585349366552,64.72599094241144,141.91764451825452,219.5687106298252
237.49777964508354,60.257739024780435,136.3935603091977,222.84544637130793
239.86231022951188,59.84890112849101,131.66449914034106,223.66312216388678
242.38139175440583,59.69133773393315,126.62633609055314,223.9782489530025
242.51572584272336,59.70595096339456,120.88980654752031,223.94902249407968
245.70312179928658,57.24657896795635,114.51501463439389,223.49820691190618
248.74631342085036,60.46769007147424,108.42863139126635,222.3094015892978
254.82819847046943,61.091814627547066,101.39556509573684,221.06115247715215
259.70907214901473,62.137960565524,96.62369207889165,218.9688606011983
266.744223306331,62.830259247471034,92.30479539769658,217.5842632373042
273.7227044681606,63.152493076547344,87.90664132604269,216.9397955791516
277.6183218596373,60.75597529131508,84.80739401634298,217.04084367636239
285.7588455457434,62.82902835215603,82.44058967984319,217.53281856658458
295.9204458400043,61.69782653543814,80.52807783570914,219.79522220002036
300.3284537100782,58.53047951771386,80.91329339867839,221.52930058391038
304.34401910013844,57.74592278696964,82.14694823399208,223.0984140453988
310.37820229416496,51.30673630338737,84.10999059970236,226.62251451005454
311.3620755372207,55.56755866618292,86.90526832296274,227.62691820320697
314.3923272644127,54.905104106352695,90.50023991259786,228.95182732286742
310.93060919306754,56.91725379311653,92.51247593708833,229.83872806753956
310.7068416381512,59.90350678812891,92.9600110469209,228.8261188822895
316.00000479758523,60.74411358686214,92.28025621226236,227.14490528482304
319.62919791082084,61.19512943817088,89.93882092852701,226.24287358220556
315.61801677908045,66.01515827773466,88.23679400518974,226.3272050898961
318.8630149762257,63.683501498408575,86.57975710341879,226.15755915602867
319.53491212323127,65.63003815859165,85.23596280940761,227.06528914214687
319.4274257687534,62.95166985597099,85.4509355183634,227.6323665584416
313.53410585503326,59.64368296198218,87.63425766179793,229.44668150441638
312.9745095166583,52.710034694432494,88.75345033854785,233.5800826454718
307.06302080357295,46.013377246373196,90.683694466134,237.0806642430057
303.07534604710634,41.76541955596461,88.59648528323717,240.54530027590786
295.9866729708918,41.97688839637895,87.64375218689088,245.16572234467097
291.1347879095616,41.542316381990545,87.16309349964634,246.03486637344778
291.3970176807487,44.352074676759855,86.63863395727213,245.51126338190568
294.15142244004187,44.61349306137022,86.20873980421285,244.98842661268495
296.8959402293897,47.599444723796466,85.78334694603478,244.08016600834998
291.05051606992834,48.95551485152859,87.38829886620675,241.36802575288573
285.14795361466406,49.35882493829392,89.12683258004347,240.56140557935507
283.94291606964936,46.76313250733763,91.53690767007285,240.69962951551994
282.41363387845786,43.425126668376805,94.59547205245593,242.27710230208197
278.6894894573909,38.65524928813511,96.8676949564416,241.46472518626888
280.4294237942849,40.9108507663442,98.5928246966306,242.15852064382779
277.55076055232274,44.06126410938354,99.10440879710885,241.1034363411952
275.6643889727141,47.36151664845073,97.63751783283033,239.74256538655658
281.3761693556282,46.39886284418232,96.60177976266053,236.47396164726425
286.4405536360282,45.77881686876901,96.72972685348674,232.5856957722777
288.9607511506645,50.71290264031276,96.76387532640119,227.7920677313772
289.1720007752926,52.6141501156239,96.34137607714501,223.9895727807549
291.74131186739965,54.59397157047704,96.14619119799096,220.02992987104864
294.35749684982125,56.467327531983955,95.79648676351853,216.2832179480348
301.67301871712993,57.71064303294415,95.63205063684558,213.79658694611442
302.55255291101827,56.31370131826425,93.87298224906894,211.8072312155953
303.7807313381405,54.42191585740957,91.41662539482442,210.86735679909037
302.98465556407615,51.36610864404288,88.34224201587723,212.31243629874777
303.76516460591483,44.282417072218166,86.78122393219982,217.21381456564845
306.7078594136673,35.392370623406705,85.57169559083073,220.96632364086426
309.4798603726299,36.91796035795582,84.73587132451638,222.623321823377
312.05138762354477,36.996293749202096,84.30977778468676,222.46665504088446
317.23088905290956,37.19154747437658,83.3648817190772,222.0761475905355
318.9545388538257,37.618780810712636,84.60203304477956,221.22168091786338
321.7803233077665,41.40363184589175,88.33935081116582,218.34642218463907
324.3081371407833,45.116558952197295,92.72365091504018,215.64053185698197
324.87199831780333,48.38723860426829,91.59592856100006,213.8578756282346
325.62364494004953,46.59184252206353,90.09263531650768,212.73568869176387
325.21788275570196,45.29895872824605,90.90415968520283,210.65130421133324
324.5203219609876,42.07988990347863,92.29928127463155,207.7807244610567
319.2786068648313,51.75157643927862,93.50798889417214,206.98679653500065
321.1628796576308,43.277308353824665,94.38652053081324,205.34702381694845
312.15190495850214,46.414940840404554,93.85387865822409,203.7104066615003
315.9578910323428,47.747825667285724,95.4529509833804,201.04463700773795
331.48750729506844,60.661560584982254,96.55614766064917,198.19033088857356
331.7320392913311,61.8535985410758,96.06708366812389,195.80625497638647
334.09656558596,60.8496292419924,95.86687225955171,193.28535239386775
332.7858572966926,57.01660617623709,93.99978438849952,191.97438962620456
332.74315386116837,46.09094763360545,94.08519125954791,191.64088953569518
335.7288856634672,54.56006617064743,96.9808687395961,192.43693463090293
335.0384683619985,52.613633976779724,98.36170334253347,191.8344407501941
335.10415956173074,55.62715963793593,98.230320943069,190.3177508469493
321.9958298820723,61.06528356188096,97.53194610758707,188.41318106399223
321.1936807064497,58.82654304529859,103.58209437849705,183.9989622578275
307.0169104153619,62.92201237929514,109.51387966536701,180.2923746488955
303.50281752611187,64.55111181910937,116.54206544386706,177.03417576926705
288.64403665006455,73.7509174151772,123.2663975881149,172.4305023418395
308.60978704488156,68.40941757536098,125.09962263917255,169.1919267412414
317.78513707975844,66.63855381697073,120.61339280762928,168.1121641786184
323.8319572525411,63.85994045896554,113.05120341340047,169.13793994329237
319.57703959130674,63.87588089684512,108.29526361098475,169.1060590675332
328.98475323002083,63.94428187840981,102.50644816906274,168.96925710440382
321.7823468494877,66.6431842099804,99.93903438431806,167.8145090777154
329.81247203641834,62.6669422219897,96.42653357032846,167.40182668044895
332.8146556473637,61.737979482486594,94.53918583978336,165.1427326681096
327.97598682917464,57.161920857456465,92.06197737820938,166.19181918620177
336.248772134516,58.16969469969028,87.59105970867901,168.20115581545164
331.06668453572473,59.47365478972108,86.02152620611618,169.57113853543854
335.9462444386759,60.9897692629452,84.20431688704014,170.50986483240342
341.3635957672113,66.2933344739947,81.2761394006122,171.76252216626872
343.59044547827193,68.00917075107921,80.743086861015,172.25149649462378
345.55467412653513,63.959565423782976,80.7330996833151,172.51376691156298
343.66718380504864,69.788301912586,80.5859651009587,172.62263960994525
346.5067579414302,68.52692539846852,78.82794733663965,175.1453926381802
348.87789347008913,67.53168758684303,78.01269336177478,177.13586826143117
349.66742505648136,66.4384772604481,76.43363018899035,179.32228891422105
350.06451614886623,61.10018227219503,75.6394480042206,182.1082148445993
348.70402499941275,59.180134344971094,74.38892918127634,185.94831069904717
343.4918520534356,53.87982358664294,72.79950921670333,188.5397549780186
342.4585088774933,56.075880352191746,70.85278695906081,188.16105005644806
347.4247265724774,59.26655515016398,68.86634452217469,189.72569341358576
349.6800697916482,56.57163139755066,68.3152185765795,191.15598042606612
349.2951647967829,58.688850228699266,69.08502856631,190.89157246418256
341.6677368323565,67.83710449336255,72.39930766032151,188.51583304797765
338.1695133743053,66.88125497982826,75.38987048017255,186.421647978795
336.66603677481777,74.43192025468633,78.3968236791477,183.40809152148893
329.25363897503945,76.23589570164101,81.10417931660427,179.80014062757957
319.5288394265093,79.95057335491546,84.41551525249804,176.40535111132226
314.0659245480361,81.8768398220083,87.25525654280929,172.5528181771366
318.80203430613994,85.93691112365826,89.8909267336388,168.4686388095157
316.11305911850127,83.18181971221648,91.2475423845756,165.93615218371804
318.7775178961375,86.55464679199078,93.93304890469396,163.19771006186485
323.71420881528485,87.64490220004767,96.09688650701536,161.01719924575107
330.4258400418942,88.88818517411497,98.74019661643197,158.53063329761648
333.5771349453133,87.49541290380249,100.48573261271899,157.29211493667887
339.472217141976,83.72329814755084,100.79989591773119,156.76679265029045
339.7984333775645,79.78614305631869,100.14746344655414,156.57678664733643
348.60912596548235,76.93126356740297,94.58131169912762,158.26813448236487
349.07642499946843,78.10405546018458,89.69653598642302,159.87272834153413
347.74351381544597,74.19716411311167,84.57998498968574,159.9041376708977
343.5167358277815,74.50988032568972,81.62098167473775,159.2787052457416
347.84761920137385,77.88423555483766,76.70330663874961,160.01817820983882
349.1157902043941,79.43625891552185,74.16696463270904,160.58385264313802
349.1559887898397,78.73912697369855,74.08656746181794,161.97811652678462
344.5734387775801,78.65254359433007,72.29395976489154,162.15128328552157
343.5102208559541,78.79187218735657,70.79677433627639,161.87262609946856
343.9324061368347,73.54816424151862,69.95240377451519,161.5803778328757
341.5287955016168,76.15228038120591,67.61144054229455,159.94623780482937
343.0302423161361,78.61762804681074,64.60854691325602,158.52460068915437
335.0906455504362,81.60317373922656,63.31167189835827,155.9887230135822
337.2576759265229,83.38072891490985,62.35318265999858,155.80918417602933
328.5614982399385,78.55482191832735,62.96606548355872,155.3933146394292
321.5108569710084,76.90430214472427,63.62400778255923,155.3335191269205
316.5797380724116,77.35138180014391,63.371182344767064,157.81104756107652
316.0701737667583,73.99689781052844,60.98742928853414,157.71425220522835
310.97099199547125,78.94781722712959,61.10923483305285,157.8889713700814
313.9027863615278,80.66856588425637,61.972738815994795,157.81102041335538
318.4551661039459,86.36875670657014,63.001662140729564,156.5443215782987
318.68082663503236,83.89002749151062,62.550341078556556,154.74568128801965
309.6954891654292,85.78257752772332,60.4564393778951,157.64877342888352
311.4311752184216,88.02185958885454,60.333451946874135,159.8669786565486
305.18554441097876,92.24272806803533,62.69071775815403,158.18123890059084
307.50324451191466,95.19131798202432,64.84743542233322,155.68011800563835
309.3121961795096,84.07086601445606,64.62796158093431,157.53044497802884
310.8721688182432,82.99353955361174,64.92924270162484,159.68509789971748
312.0570072707062,81.91573383783471,66.01721579890778,161.84070933127154
313.38622385560967,88.88674706591019,66.86687354267224,161.93104652940593
315.82394259801436,74.77249131537903,69.04044838925955,161.96350870488146
330.3382724756493,96.9613691259175,72.08344451486221,160.3479609249679
332.84284453856674,105.23428764653244,74.26180285683054,161.770880053246
331.5877758240674,104.06504534463159,76.77194028582909,160.45673893213575
337.6038907361759,103.32152017591619,79.44896669904202,158.26647521020908
337.65117408529943,109.41531251180562,83.04614910491024,153.46238874666076
326.84950483925604,103.64699106643792,82.55123185324453,153.94990376551993
329.7863401087259,102.94935617930471,80.3593131475745,155.34517353978634
334.30494550875954,106.75746838654706,78.65134416256521,155.05819094035962
328.9584331403321,113.38915971861589,78.45149060743863,152.68768656820347
329.2393094991655,118.44837390955284,77.88973788977187,149.7547497326406
321.9065653895954,117.66039061248973,78.39518075949104,147.79070498941158
316.25572239214375,108.40333480722578,79.1374025953004,145.18588828175155
317.18090379803374,109.45340890152531,80.7811989521192,143.08574009315248
308.1611408975151,111.68612939107804,84.85607332147961,142.11146197196624
306.6875970306004,106.67632554548975,87.80316105530902,141.4938315309739
305.3893542239795,109.69870298011217,90.39964666855077,142.62136291913552
304.2646683828615,116.4761018902375,92.64901835078687,140.00609957657795
298.5942534623294,100.78465881743783,93.05534253986353,142.23030398354402
303.0301492299586,101.52586314670644,91.55354839642283,144.43289402091565
298.14660662803203,101.49590781832123,86.54894047454653,148.18572795911848
250.13373297429263,109.62708598158169,87.29480288870582,150.2464264197744
288.0061474307583,106.99078565851033,85.70638840325343,151.81120634454317
291.81217451947543,108.30166981161241,85.50241620881343,152.89347902983616
253.37216250796047,119.15125044106678,91.76749740398034,149.77719746247035
252.4827442359881,111.48797198175863,97.322663247386,149.99843718324294
245.41980925832752,108.51454400220929,99.83051561550279,148.19994808420537
244.23412541170444,114.67783834106947,102.20188330874893,147.53549598931937
264.0606677087649,103.90149110031517,101.71519293002707,149.50499336312842
265.9205499572883,103.44368508143015,101.93371533529204,150.42060540089847
271.00987718745415,102.8034754704088,99.66646555929275,151.70102462294116
284.1382020225099,102.03466106867492,93.09622785491432,153.23865342640892
291.4661276157881,95.35909083227514,86.14092870878342,155.03896583857022
290.14177355297875,94.0618884383118,81.27130778792497,157.6333706264969
296.54959988707236,86.74221920843569,75.88349621389435,161.1309474450144
300.63280828155496,83.46653666432714,71.3887377644962,164.0106541936644
304.27183813476796,82.19374395913468,67.74530765462846,166.55623960404932
307.5847506403753,80.45936802146606,64.72630841316375,170.02499147938656
302.47865295885964,83.4813346070572,64.1304199562035,171.18644752153207
302.9610149500076,84.92112126370392,63.165695973907496,171.91550323457136
293.129698624811,96.61374842987983,64.81996398237317,170.1402864725325
291.45886801414133,103.1902196873377,68.1616252037125,167.8054397273168
289.0466706808624,109.13263520555837,72.98601987027044,163.18509442409535
286.5898270883304,111.06342383528953,77.8997070553344,159.32351716463305
280.0232029210549,117.50470693205597,83.67221031441206,153.8016960465735
275.72236269742035,123.36115460628562,88.5751370899618,149.486308041553
272.51819481710606,133.50713721586413,94.98347285059035,144.0671171297494
265.36665720066713,128.92249962420095,101.79717877430507,142.00233834933107
233.21219758713065,115.69696953571969,108.71177026035065,141.66937891381417
233.67855703740986,115.40736976713396,115.64797373573788,142.24857845098563
228.4082267276578,112.6699953494547,122.13267591965953,143.6673688507617
229.8782952630443,111.69748611205976,127.55732205975603,145.61238732555157
224.60807008585203,113.31847401848344,129.4987015272358,146.6699469561566
226.50183276289908,112.52326640703726,130.05818656488904,148.26036217904897
233.96459168255063,112.22991886055625,132.6551698274808,148.84705727201097
241.46597866989137,111.74766913074319,135.3774846221283,149.8115567316371
240.32269653099155,111.31794183581025,133.17432119853797,150.671011321503
240.3240376872341,111.24377815024688,133.1716388860529,150.8193386926297
229.9960727608242,115.98623526387615,135.9470104974743,150.27470358607036
230.09791257804886,118.66154239697775,140.24934736759323,149.43010582443537
233.84621283388867,116.05313592862169,141.87536356123906,150.0856104084848
239.15789936879196,107.25977058466226,140.44670269477126,153.88027279139547
237.62257550040295,105.758371638733,134.24962368479055,156.883070683254
240.935079551916,96.6866363879586,127.62461558176442,161.2826358457745
247.12939472576278,89.39554491973797,119.77798027778191,166.7808286947938
250.8882885877733,80.00335770006237,112.26019255376086,172.07259792526833
259.24356613742214,77.59234564082234,104.45532706093746,176.89462204374837
265.20111090384586,78.19573839135232,96.93407747725378,180.08167649185216
267.946930510701,74.46906361862038,91.44243826354352,183.22198125481876
274.14913630151403,73.62408227842113,87.56727872063378,184.91194393521727
276.4502870820834,73.28329100857094,87.18697508622648,185.59352647491764
279.5200683081601,72.05394893409053,85.27270778945285,188.05221062387847
290.16588064461695,79.36707455175512,85.11890801315177,186.10865432651687
291.7761539345022,77.3629378508033,86.09498751822943,185.92030164357234
298.7363273399976,84.32108467183922,89.01853309676142,184.63692729364269
294.54303734346297,79.236920150636,88.91859890656696,186.31874215278532
295.6682939499249,91.00114319326764,86.66808569364309,184.12058136738534
298.14969788195634,96.09770613399687,85.90005963886834,182.31701910450323
291.3440245353557,103.06629328582042,82.89099103279526,180.84515627531198
297.1570820268582,96.9465281377181,83.50811734951746,180.84144527178944
295.6895185074317,100.48604690895709,82.35141463125308,181.94606724354594
286.31352325022516,99.38964277812347,80.66530778353422,184.13887550521318
280.18564732654187,85.7149720421593,80.65172547955088,186.94954867444164
275.4674533591046,87.548126389665,81.82763603628193,187.41347866850205
271.0117130117564,94.1021894691048,82.42369767260709,186.77848109717925
269.3793865029293,96.40745692872544,81.52933961295273,186.32695725524647
270.25145470285497,96.35767969594338,79.78520321310145,186.4265117208106
269.4722180866197,98.10718334819038,81.34367644557204,187.03486108700645
269.1578971423366,100.8013120946416,86.11600766489899,185.79029292486481
269.4804404208877,105.54764475701589,93.88981907050294,184.7165255628223
232.54945910579795,110.41339803192074,102.81945173758149,183.6426630080927
252.79637353007067,109.15607778995836,111.45271934244003,181.69120381443528
241.3916025128339,109.83433176984987,120.5126877554268,180.33469585465227
209.06695207558082,122.64592470205466,128.5906291571087,178.28290977058612
200.9814690003824,123.31597794916755,135.1280190498637,176.94280327636034
197.59732153282533,127.81486393441124,141.89631398497784,172.8484908708356
228.08193399901697,114.6039498975426,145.28509231219147,174.51724076780482
212.78203404987326,107.62423622227348,145.69892472631517,178.41467895695519
200.22088250102232,105.98130709518236,145.33299531207587,181.70053721113743
213.0052770776371,95.28915359775274,140.33287467664587,187.658342817647
225.64274830064272,87.12966402456067,135.664958176588,193.67380899105444
241.3725255839597,79.56918078974128,130.03682805956635,198.46220568084826
252.8080782921116,82.97644660248545,122.60096243810325,201.93783391858705
260.90660942287377,75.85370555055351,116.54895003482363,206.03826616420616
230.35951032548093,79.26377048307049,112.24005045934345,209.28015134075156
233.92578058930425,83.03952112368066,110.11283402055444,211.73929823724643
234.58603606038696,77.62522613064131,108.792323078389,212.55794534658222
241.2889292619153,76.72419335492168,110.36925985925255,214.36001089802147
236.99556558523648,84.16963395726717,113.9081208460872,214.6127287928997
242.5289280876143,84.54216167258832,118.17867971323598,213.8676733622574
237.72289328941946,85.09760004921255,122.61624031260534,212.75679660900894
245.94643513901028,88.056026229109,127.10337865209742,212.07349975888445
244.95526014039223,85.33540692646534,129.08572864933353,212.21543861460134
252.2779039847317,84.67167508503272,130.44488611208413,213.54290229746658
254.3396380921664,81.09408974874331,131.6988870884513,215.32060377880876
260.42198369618967,79.77368934518876,130.38432120610142,217.96140458591788
267.9484411191274,73.25347267265423,126.21589655371402,220.1173477374988
279.17323724145655,69.11675820872446,119.9774560474957,222.98705941921168
281.79695231084486,70.55156490979623,114.73002590871911,225.45721115851322
288.2244195132111,72.74875204961282,112.44680633964174,226.3486942967076
287.8622843136507,75.69342202001882,113.17107673876248,225.71879564455256
299.06456177725295,75.73837581323326,111.81754393707497,225.62888805812366
299.1670223227778,78.56518309394457,111.61262284602529,225.21328370421327
303.24103085154985,76.14732083267393,108.6929857757216,224.82062823951418
306.48601217096916,73.37943930967683,107.37499708318211,225.18441733920918
300.78113845782815,72.9753337660414,103.32170119555555,225.99262842648002
307.13831498181423,69.49152482498836,100.79796192624885,227.86493941925337
303.41093186015155,63.47076079047771,98.0963930804489,229.75013239914935
305.09170832043577,62.19055537271038,94.73484015988052,232.31054323468402
295.15034948497936,58.74743021665361,94.47712071687504,234.16168426831797
295.20800244641276,60.6843781605605,94.36181479400821,235.3449793068325
290.9271571652282,61.37978379497754,97.85133095412114,233.95416803799841
297.5779649317003,62.63445366013222,99.89233192872473,231.44482830768905
292.4965580928181,70.28368851633213,104.94108787888872,226.37447405049002
300.6599658012139,60.4289631390634,109.13109749418243,225.56709977294213
320.5756315736558,54.3448626042875,105.63318734938386,227.35432329961242
324.8086565120205,52.73777156545489,102.32270419137708,230.56850537727763
321.8018823911661,40.69228836421793,103.19204733797702,234.08265139931606
336.33293324379747,48.048337417254416,100.18224675022691,235.0019339637507
355.75969384892437,49.74443213551916,97.52321485541601,236.78038585799874
355.30452898355463,46.2120993126498,93.28437757628481,238.6958844938668
368.74301709725694,47.51393200687686,91.91298625772494,241.19333608718162
371.64042900162417,46.7534003747605,91.23054364653876,242.71439935141433
376.1158046094732,45.57505658444535,92.52363624599238,245.07108693204464
269.26880254431524,34.93454002669155,93.87928717480304,245.6361831498444
266.0710307206905,38.82419090024452,95.06336924036401,243.06834298442695
265.60883602778597,39.990778867034535,95.98775862617316,240.7351670508469
264.0106996882918,47.15685687824856,94.00524198793127,236.76058966287906
265.4886776225761,48.654623734254926,91.04928611936268,233.76505595086633
265.4799384449573,58.48603206088998,91.0667644746003,229.07290879822284
266.6841021294732,63.2129152768169,93.58150414849743,224.5422094092979
256.07668886245955,63.307324130337975,100.08868782274361,219.45084408232873
250.8965200761997,70.29863290444437,105.5054556470063,215.35536603062988
207.3003977898654,71.91329481263641,113.04419654216251,212.1260422142458
193.57527718268446,73.9117601667763,120.25039320025815,208.12911150596602
196.85189482223768,66.3527669678175,123.94681267068155,207.87261577958884
198.05211705923395,60.008279679536514,126.72991710066657,210.19449254819568
198.5377193868627,51.02500571472736,125.75871244540905,212.36592766114322
202.11360171214886,51.6306218240607,123.88789629780821,216.43564394544794
198.91089950767264,49.142099879041965,119.67399585855381,221.4126878354854
201.0653048112572,49.79593487643187,115.3651852513847,225.4163887003314
200.55427793856026,50.14988846090789,111.09102207843064,230.00469844972727
202.584672236078,51.79937640170927,107.03023348339512,231.99507293876937
199.1625309783293,59.42853359025955,103.37946702012337,232.47933202982261
200.8246504932426,53.57613205358305,100.05522799029676,233.8031149639433
198.84616952909184,51.58873323750136,98.86113257667647,232.6268552541849
193.2931814556715,54.90394668691343,99.74126448846293,231.1093504728879
177.89607152287556,53.11928329638313,105.00281378247459,229.57214313963246
161.49974490700455,56.64270571004107,111.91150135011752,227.70209144513638
149.54081197480724,57.5826868725803,120.0194906601119,225.82212912005792
143.18543506183948,64.40330325432313,127.34801341677831,222.9453584951105
142.01406946721602,74.87017478225307,135.15557777725832,218.40611495294976
136.233835326617,76.27777058088145,141.18686740120708,215.590923355693
138.60947251352886,77.79700473472678,147.6114330263195,212.55245504800234
130.00007127068187,81.87836461792297,153.5326854271817,210.03851032402585
131.58774144572962,80.29077357926516,156.06556199854077,207.50547547988685
136.65628725730653,78.10083898470803,157.35083724895486,206.1741612322172
160.14042834764655,71.8472972030923,150.36571932454456,207.25748357937158
173.0672726877367,71.33600202629572,141.35408232444186,208.28007393296474
180.542194617118,73.46091072109778,131.88501207155818,209.51103014923956
184.66327941623422,67.32786597663406,123.6428424733258,211.09420441062053
190.29720290634657,72.8742350408106,117.60127711222393,210.45402952051322
196.63931648159047,82.38904580033098,115.1455085962892,206.76709595330206
202.9807343453898,88.77972445052413,112.49846206612654,204.02152785035173
207.11741706006438,90.0257862818647,109.15729326828978,201.5294041876706
209.72688604462,99.69593572157703,108.77669476007163,196.70412369092503
213.46268286274596,101.76283837572777,110.82638348406475,192.57031838262355
212.9707773544776,103.14709783458993,111.81019450060148,189.80179946489923
209.3037910398167,99.2293550674127,114.43423860653539,188.21742795247795
191.8678910785008,104.78905234753026,116.19165009156072,186.55928723155898
185.8588700976028,103.51911133283379,118.73883958257741,184.36374302556223
178.87755919991798,106.61075068555724,123.2110271105561,182.9256814538108
176.9600077872011,107.41368676951973,127.04612993598985,181.3198092858858
176.4686809544472,113.05535258846116,132.86609965604748,179.71110975710255
170.46940627808084,115.87658892027996,139.9560126483807,178.97727345386446
187.85648194843355,126.3576270343369,145.2871776893287,178.0678554165773
184.29869953956518,129.78501137472716,152.40274250706545,176.2987460456721
184.67843150453896,127.66765003237349,156.81625916372576,175.36048814377156
175.9712209113382,121.87834083928085,158.54340562956205,176.48092338291335
180.32209722393827,112.33715310362575,160.3898186279625,179.7410504188225
175.8516903108328,104.70228743836752,158.6221845389528,184.3023338341183
246.4353110038361,97.51602752112245,157.76652247741114,187.88165525903418
259.83323407948063,96.38953260482378,152.72312001335683,190.1346450916315
252.96303020642307,91.93054988144749,150.28964869762092,193.6613175177671
262.3397202753853,93.1813759620718,147.7535905205232,196.5654393434607
247.8554313947046,94.26234975444817,144.2699187933684,199.812200006794
239.00883343289195,95.41277147151887,140.35936213160664,202.9122947189994
241.5113947830708,94.24649793984881,135.3542394312489,205.2448417823395
243.62451098428176,95.87469435737529,131.128007028827,207.3239080490389
252.2935270621165,100.74754915853738,129.67820283231407,208.17035041948574
253.16730043382526,97.21976458522994,127.93065608889657,209.9414895376416
261.5789594906955,98.93001674023292,126.95180869381248,211.80247546718775
