446.5,181.5,29,26
441.90149988855205,171.7675027462894,28.53880468752596,26.282783883144308
439.96856285632805,169.91397033236132,28.08893210971229,26.537251397191085
437.1870667756375,165.67767155671223,27.63074764190975,26.40816804965549
434.9028662661095,163.04927188495225,27.944388179318448,25.708302718869493
439.8840794035411,160.5957634773913,27.274110644651167,25.546874766611893
439.2211168850964,156.70096976685133,26.10488962303598,26.682739365013116
439.90986090730223,150.06713325736916,25.558690370584642,26.649791712614444
437.87813178104346,148.4520286820673,25.511468965680933,26.591457137281225
435.20822822889596,146.3282993005551,25.10795489718101,26.736543634023537
436.45314558542435,150.59994011379672,24.250816350716864,27.989439007095775
434.30310613621214,147.23629124380784,24.440123604068354,28.961656443971503
431.675490112347,128.3260335604557,24.654041909755605,28.972318745353164
431.59614183946866,122.43373917509166,24.81273845551233,28.94335989109982
434.1061299941968,119.99755413376602,24.868328355384083,28.740163764423087
428.53983594816003,113.72106989792871,25.033108047760162,29.481646267192716
430.47082719011,110.38332815040076,25.460051465813226,29.294848319123773
428.25813763414413,107.39332355255254,25.576665388035423,29.242586249226818
424.43986616383063,103.42501599398838,25.44789505126606,29.413888088958853
423.0524065440881,98.70484709390945,25.632612712388998,29.356820101789012
421.69694732464217,97.24128239612064,25.747095137704704,29.687513483790536
417.51102114428625,91.32702359470518,26.267037697405872,29.30194917393805
413.1810373134935,91.79466454239373,27.054023064146577,29.24144308909925
406.356216227347,92.20639043567735,28.294408989355826,29.304366748752305
404.27942854767366,93.6995560127172,28.819854454213928,29.94616548916114
399.3639002529791,90.35642857499876,29.396844662788254,31.07998053610911
387.9108479081802,86.25664750194957,29.44777978609546,32.613451558706046
377.4324148393512,91.13859835169347,29.88713550686111,33.59681722044751
373.1205546802456,87.15021776417576,30.516292038242007,34.57833508200642
365.5470998389156,89.03992436967965,31.31861776079299,34.897374431029824
358.45594634130384,94.32582978461654,31.9498454876759,35.791861443598044
345.57885269054935,103.08609456047606,32.11116464106242,35.33324399062739
338.4246500438513,106.22400444058196,32.615992951735976,34.366492300693466
328.75193254253696,110.0921718868201,32.97588780645323,34.01342302129389
321.2724281554778,114.70712557754953,33.166042569813726,34.27777893246501
316.32226040459244,117.81825584477,32.44566456823945,35.4900178503657
300.6858781030392,126.68617260929456,32.7004734313781,34.86753921233325
305.560576685442,138.07262469082352,32.52641355763074,35.50101509408417
294.04833684134036,140.44307333366444,33.0590108843337,35.04428587725947
295.095824790891,149.31146463827346,32.03641391907124,35.537945143303276
294.59568553279547,150.71454519771854,30.90908061790783,35.923201750444875
282.75081610724646,164.25438222480432,31.460625221974773,35.13693024971783
277.2805046102325,171.37607618458574,30.869058981875128,35.570874082680874
274.71840226786264,174.0262231529995,30.76504887644078,35.498794936027444
270.72584803829193,177.62460850164945,30.407283729889173,35.60203864370896
266.9115224251993,184.07010271694918,30.764952175849874,35.17559212206595
265.1291547891981,194.32204543186768,29.14042315289855,37.50446959002544
265.5134383151703,196.18918508018913,28.371856100954172,39.00747774048282
262.70281862879824,205.6829621100489,29.761967537042686,38.00221741154951
258.1904153517899,210.1970896551368,31.330526737548915,37.495387868242815
252.82000549272044,213.5655895863829,30.16071011409518,38.337883859491335
252.49720163654328,220.95291684865362,28.652728408067368,38.63835526362485
253.04608597340683,226.33777490093436,27.5549597343403,38.43645042255425
249.98517430861088,230.44511020866275,26.426905866262533,38.507353747291305
248.4930291826799,236.30015057754758,25.33858404759146,37.99695620348757
246.08639006037376,240.43651087284604,24.19735781524441,37.663574915503084
243.24455454057653,250.61562061520883,23.10222705859337,37.641760819513976
242.6758649388615,255.7119806965009,22.340160577565833,37.89599192144652
240.62104701116158,258.0102110085249,21.746498394857884,37.062169727884815
240.40266581133233,262.5613611410108,21.265025366027114,36.223988319316746
238.27702211976376,266.13715788244923,21.02809334648093,35.35590200019651
235.4418364258716,272.7326649001152,21.414020345314086,34.49525820575059
233.64856203339662,273.8576330732743,22.377322870205404,33.119737279451954
229.21392918442262,273.3905895834097,23.417789589727533,31.44422459970586
227.4201322969025,272.910859987386,24.420421240555832,29.818721667541265
221.8648518848026,274.9044863490236,25.293764833330265,28.390773252122365
217.43943848911564,276.4955170369746,26.53892540991395,26.898859923951544
213.5326019109378,276.72571731379713,27.62031733326021,25.596924216180305
206.428832564005,278.5751839778223,28.42121057078292,24.411736911194343
206.10066661726697,277.9598258828827,29.077542464259025,23.148205899992078
206.40901486955184,277.12064980421843,29.281972474286633,22.363178513528297
203.24529248115806,276.14360789346375,29.11755474165337,21.882813894004787
202.75706157506397,275.09005941667584,28.49175136079766,21.58651305801482
200.807418172108,275.00749085745986,28.45725051659611,20.96489264642411
197.9349477499116,275.25351230083544,28.769754914350187,20.472849759672904
195.6767380666494,274.4522424690242,29.42258767208268,19.757237458020192
190.97778237545143,272.18303462712777,28.80091656356925,19.67123045370115
190.2485344051916,272.22323857337614,27.97956735742393,19.59082256120439
189.58522604049244,271.4052241533514,27.067517179781134,19.734406796559725
189.25014889547052,270.9916255666562,26.26812563237838,19.826831051226833
187.41788440405892,270.6102376700218,25.587869798753836,19.86547604175431
