302.5,135.5,67,81
299.4939691385733,136.67374323075745,67.355861194482,79.9806138026708
295.4746020120684,142.65849541643178,68.44020844894217,79.60175442890502
293.26414100151857,147.43891148228232,68.20170572614106,79.35977178500518
296.3005389172417,147.83683996691425,69.09533382594343,78.56391481574133
297.4634037450874,148.68731977562874,69.09375114788622,79.1871021759467
302.95153295685526,148.00174172307783,69.78638624533582,80.55825828104852
302.3049516988842,146.36882164113487,71.07954876127788,81.45798599049392
303.85481448739995,151.02487712338115,72.78137412701004,81.74897691152859
301.38382727606023,152.43042084019174,72.85830013726608,81.37041368411913
300.97478740342245,150.48096093618665,73.6763798825416,82.84145982124346
306.9340181781558,147.7810258511635,74.07687434589367,83.31374758616228
312.9093395104474,146.18997001616083,74.51385736106349,81.54080898426633
320.2350452343605,144.25012522820523,74.6040310578703,80.50663684529984
326.3385951027845,140.44941483707194,74.60815872458213,80.78132118543051
326.6917044520166,135.07062952612802,73.9019400261179,81.75250933741886
330.40181131558546,133.6691864145451,73.83314115069342,82.10492394334699
326.1726816274546,132.32745626634298,74.92683951737494,82.33353056989112
325.772833194995,128.36718106823213,75.72653638229419,82.82651756059482
330.2020052868027,126.33721882193419,76.85328240049365,81.89389695228323
337.41540408119545,123.04363587383129,77.42432779740454,80.98214135564083
344.0096828157094,118.82949503406073,76.7079341287369,81.9271247549658
348.67518862371105,116.28295564000959,77.36832995274813,82.0244998230608
353.3691299064485,116.14416706157377,78.01986955507505,82.30207697993247
359.2629691705427,122.65954283834799,78.85484052688035,81.89397492637777
367.5772517642187,129.10808445921285,79.94582543595196,84.18507748158261
371.10672140961566,130.08067489640513,80.64045538923385,84.82441968855659
368.638386041118,122.95151906491574,80.36605053496683,86.0550423733795
357.0689482210956,111.32545509088729,79.92113032321927,85.723374469644
346.7422062710627,99.90413109355876,79.70921611225967,85.09244958939757
343.36753113485736,93.50281258433075,78.67369943002794,84.92030835011613
337.3279040593369,89.92055335442339,77.87388347814695,84.35738474817778
332.73137639784926,88.13377236121227,79.40399976767273,85.37663372345021
331.0982271535935,92.80902894809884,80.0757538344576,86.40429823658378
337.55432015969825,97.21189666925989,80.26986528903683,88.0836007676927
343.6995880340863,108.59623767121417,81.23193803645925,89.16961405694131
358.3001776100507,124.74810838802799,81.54113041121488,89.05900519787859
366.37888083833235,133.23591732637135,81.49950843612064,90.88513588290583
369.016603610169,129.11566446102995,81.65148829179446,90.98450351456815
365.13329152133923,115.96829063803634,81.26506158855493,90.10241489089168
358.91578550240337,102.35673846624204,80.21105790566604,90.34748779295927
357.7343126443175,92.57098566382325,79.8892283925776,88.44079156371606
354.91949318606186,91.63197776151343,80.21884506533296,87.66879624645773
353.5917780644492,89.33333565602302,80.2310262908287,86.97958242197949
355.0891144905951,90.8792970174311,79.86905515670037,86.52036141732673
355.6576753790298,97.8201937981094,78.73193337983096,85.73747951432577
361.25365533192496,110.63227131058775,77.8979015786486,86.00814475088883
369.1726113722947,125.3952423650891,77.54243444908008,84.86668505236617
375.13000088825834,143.5230210091869,78.41252360989805,84.4087587038576
374.8211883345939,148.29484257716658,79.03014871722687,87.68351533029683
372.788416538022,138.20694266125219,77.84663688180572,89.48762116214812
367.59714694431034,123.82576215000238,77.69481395916878,89.280486381982
363.99487460073277,112.35276219215778,77.01551052138724,88.57494192286131
356.1649630164659,106.58581192303868,77.03852533974971,87.07816883595682
352.7204556682196,109.76842457272582,76.177623226519,85.87955474306484
352.83441027750007,115.29186802627896,75.94971400795805,85.03641952726316
354.56734484773204,127.83428137407313,75.01804974125555,85.29364156928956
354.67784291738167,144.8941894570449,74.79705360195639,86.49997912281775
358.97941514678274,168.86520637257968,73.8092253345869,86.7882811708223
355.65975046176607,175.29438123978593,72.867467944753,86.56507603618851
345.5052384837963,173.2112645345206,73.10904336871124,85.71444731372384
340.5221412700183,151.82395246263522,73.07848918669063,86.00288986679443
328.2682699463559,138.3573632138432,72.55472456147722,85.40141036458633
323.750046845824,131.16045494811772,71.64940842455383,84.88258338905652
315.3411468668439,127.18933611478491,71.22713567471857,85.43621846666696
311.8118541502329,126.20557721667407,70.89191737707091,84.9391350192654
307.265844999628,129.8057789003522,70.17778209924232,85.09334683618783
304.97194762178776,135.98310567518314,69.88079183963572,84.9506558247435
307.89997977884275,146.53426407246351,68.89553047979032,83.33155084724092
305.4213100437944,160.99655334466945,66.66912852355466,85.53651848360259
305.6704389077505,180.79209771659316,66.17087079564232,86.6150560261199
304.6596730767812,191.35137376720576,65.79171599441803,89.50336855652431
300.8284484841958,190.47136323290087,66.13880155321824,91.2633896251341
287.8101917790912,175.1690075099488,67.46663921514879,89.74682259827604
281.13220430899133,152.6927166090673,68.47471859690098,90.24698038962757
276.2026637608497,138.62067244523325,68.35912635091078,90.96071702604354
273.91676601693706,134.04978751010185,67.92561327797013,90.09186977477458
270.407530330875,131.66841935828438,67.49707711339512,89.88993438727672
266.9664355495031,129.53432489275994,66.96249884873285,89.21361143338821
263.12180457098935,135.6746184128906,67.29210745560019,86.74589552667375
262.36597919057493,145.72620018574256,66.38280406402451,86.0103652002061
261.73366075984205,162.101123086795,65.25252993068518,86.78927332537178
260.7791443093249,180.7323287298666,64.7732165563095,87.74040244578757
258.2089440664606,194.25510187774648,65.12367458803104,89.43451087407081
257.116925713376,192.3315214956329,64.88126318140839,90.85522352550616
254.49270232750823,181.46876460899017,65.24170853233437,90.58473090514826
246.920540491622,175.4691035364548,65.71103630860995,87.90905715472213
244.5674577663905,175.81024562376103,65.5914184963255,84.81388134873592
241.86228615241387,183.39307281108398,66.2742689297083,81.46695896051617
238.35337860429394,189.22611288005564,66.32141585100261,79.09510305583358
235.731503991954,194.64014140764152,66.98953695542095,77.41830224118478
234.40808073116347,202.58413992609016,67.36372731729952,75.16624216250217
232.11032530569275,203.60054676983623,67.47178721188001,73.13342847500999
299.6580927204045,160.56611868955997,71.84606528882384,72.86382902685891
302.93101097488176,172.92723780807665,72.13687442811919,75.48817338282493
302.3055224330343,180.67087144584082,73.38785151181418,76.27348505498296
304.5541716093829,181.3915248230911,73.60407699015843,77.18894021600313
306.42242185085433,183.66601916886947,76.99115274878517,77.38900235215935
298.2938711738942,186.83128651673658,78.66116494304487,78.3520122362554
299.88676364505625,182.69899953408094,80.4206745232596,79.19864441775849
310.3684634917558,175.4731050460199,82.08031963644241,78.56840352282597
324.0394296985121,168.28029914615328,82.56563742956713,77.77551520984791
312.4039632804372,168.15386388018555,80.58881218868014,80.55316154948704
316.13967309726297,151.81986180955815,80.7303991417495,80.23147048161775
330.7898541787797,121.01020176044359,79.31316200861879,81.0148814236957
335.969599050857,100.63823624040498,79.05293435349823,81.36176410763613
326.9753047017575,74.03502339080336,76.8323205864115,84.04518364362502
330.479293257044,58.700467936005005,77.42294549198101,81.78701914993802
326.18955553525814,40.04846886955808,78.48139678947751,81.4858965524559
324.75952534220147,40.94475942488775,78.8223982876217,82.21237432976562
326.0029177589682,38.66828298851884,78.87145364283067,81.69364682501853
319.3588755354424,44.72687960552105,79.51710503729595,82.2188866436004
314.43309438822826,43.13809686552044,79.1809287514,82.84951747852054
307.8845810939296,45.31526289148656,79.52047005101012,83.59817954218313
320.05993535896994,31.21623371398637,78.28713417448041,83.5416713206211
315.9298286790311,32.626718191008486,78.90289978240841,83.26885161722679
315.1907725215991,38.56400805494626,80.38101209727242,81.60888973728518
317.84562238200965,10.978729694346015,80.17331988580023,83.2083676103226
317.49789471660085,10.70180101989795,80.86877521661779,83.76222495921873
303.16092452171324,8.503086549285868,81.02506084867836,82.9746257626766
310.6203915382639,8.885408704352187,76.4366332487395,87.37523466912526
316.67103849129103,-0.725571467744409,77.22672034948172,85.97098540244406
320.87378501154416,1.0591939996604722,76.52858776443273,84.97057461945334
325.26690951009374,1.531465866935818,75.36961399636131,84.02603088490265
327.1680233314256,0.5123060056508422,76.58587045583366,83.55510855640459
338.98166823242457,3.9936044480143877,75.65035327710999,84.15643587943558
341.9700394387907,2.8189159693085912,74.70511274356208,83.99006189725499
348.5387460877918,3.2600848545529217,74.05803444900346,85.60579112745506
355.32710449265204,1.657824556367821,73.0450492807912,86.29756539552363
364.00756994142245,2.3108908115963374,73.2342514666022,84.9914328850666
364.0103109970124,3.9672467837349643,73.22876935542234,86.65876637096903
367.1163074241415,6.931711546759317,74.5638535575685,88.27691390132459
369.6593746451202,6.75509127391706,74.60201372356141,91.19230175098429
368.17051254377736,12.404542543053708,74.97207381522131,92.93171976783958
365.0756810334724,12.699416861311676,75.88099691817816,94.98234109015017
361.5554157825936,13.005401412604897,77.54841862156343,97.0569263867499
359.2728289102537,13.75789610871665,79.3681959337593,98.29733342701047
353.06780336071995,8.302447614676645,80.60260906252132,98.03259244478505
359.4308028113222,11.798076453557314,81.9256249453286,99.47074363743087
357.01120789031734,12.217556783662886,83.91152158518197,101.48507617937618
362.1858039321962,10.349585842625167,85.22773159824851,102.30466753724554
366.41356424091026,9.034315566226852,85.62282125099031,101.98500466665217
363.37770663384026,8.35563353376805,85.79124944407701,103.34236873156978
359.76892798737595,7.338930317864083,87.05825804175146,102.40050081575056
354.81930120317384,5.0882451478540105,88.01404414906173,100.93955951504148
340.33424586128774,3.3909864424666907,87.24509202105205,101.36017064463793
342.0738032107748,-2.188759873005786,86.73405875754099,100.64733753373041
332.2386112058486,-3.501361285001707,88.7113198828147,97.37483272952932
317.85179234965074,-2.0991210561271387,91.11768906440062,94.57035227178018
316.29968576051806,0.06502373630854663,91.29780749688115,93.16615743269367
300.010545119406,-1.7583992735941436,91.9221109202085,91.003189296336
294.3885387522676,2.131505325515775,91.64330644550508,91.86549300485136
291.45593823686454,0.683282761559731,91.72870382833295,91.87203630877431
290.37808645686783,-2.807019954122012,93.88440738832642,90.17859168580242
275.8898616734153,3.2683970281601873,93.87602664030496,89.62168984720861
272.9182740630977,2.0329014761371056,94.04013456516509,89.20314730336727
270.6984066963287,-1.6874951747673066,95.59439967331808,87.9875317290209
267.1959317314671,-1.9448037155067084,96.81848259290686,85.61171530543253
249.54301920363687,2.7884487180286612,97.66557574081224,84.75989341530058
241.5146296288643,-4.293081350972898,96.49608966778764,84.56773253449563
238.61560334328655,2.0174672176720776,96.594439354803,83.34604116548587
257.2593626337208,67.25534460567185,93.28837147082898,88.79608917706443
209.47458594872472,147.13246317092748,88.50404738149298,92.47530962317335
211.01353151007058,158.4965607708271,85.42615625880124,95.39618804877742
222.02196008342833,160.2198031528559,83.3348946133485,94.79621692775743
231.4290236011091,157.15572553436033,81.34334147194777,98.1206098490884
235.178037634713,157.2654171602826,79.49154302059023,100.72434140516903
251.99358857420697,160.68252487798955,79.85784147813922,99.55635935917792
257.1141721540755,164.8955516428515,78.0801538756422,99.59378538669412
262.4166946399836,161.98385565592284,78.64663761792104,97.03853082498011
272.4200963227954,172.54536506795873,77.98015410981111,92.49292902163432
277.3735265284782,177.34284281461396,78.80202281813862,90.94452036809359
277.30042963458885,176.50866380299135,78.94821660591728,87.26995131670725
282.90613783051555,178.18255946595485,78.2039549332462,83.92215999078023
288.8993563054621,181.30337852808896,76.42859847168262,82.78606211067681
292.13314897904877,179.73739724835087,77.48146630332286,78.39757149133945
290.79826850312406,186.3203467154642,77.69644985680324,77.50555954895815
300.68793501332544,185.00637814016247,77.47012219799163,75.24524535916389
305.9730212062223,185.0723082268491,76.51956025536683,72.70848257499841
308.380011359637,185.11563210693768,76.40529258249681,70.27197849784152
305.5415680707564,186.6789101780716,77.46343240468966,67.14542235557371
311.9177242852036,189.8562472105922,76.09039558268981,65.34245853329028
308.28289109863357,179.57483403121637,76.68302002094333,63.64847844242022
320.8024378058481,176.74968933962563,78.13465026041673,62.67608691212611
378.5499104680989,103.82788208798503,75.5612883174813,69.02833370876667
335.1483447719806,168.0156429536995,78.13685044623612,65.8559554771079
342.11053015224104,177.1659835735249,77.80572245752327,65.6795979332012
350.6947259712923,189.10533840659804,74.1828896138407,71.14959898829832
357.10085210940827,198.4529207398761,72.81351724027223,73.05161814653609
360.759437347344,208.85178970556808,72.38761070790699,72.92767204567099
352.1226899912862,203.0112873002766,73.64212552967174,73.16654836314618
350.9777264142427,173.67808229970086,71.30816350840368,76.3462882600371
346.5939998541382,169.90067579555085,70.77590249053023,76.92631566477527
344.698035573334,166.28390347812913,69.91680108988477,77.18331535623774
336.5911424418154,163.03505561280687,69.9197734610675,79.04934997492386
340.3247127973333,174.02102266594656,69.48723914624435,80.52610385601963
335.49158741893933,195.8308775504381,69.71022876691538,81.76188448359146
343.5973694888149,191.614902625595,67.79966054151816,83.04333637610074
343.27850085172736,200.67599391301405,68.43739781569325,83.90072100197654
347.9758643346086,196.32173348514874,66.230471888559,85.42144081907875
336.83957903325046,181.43805290393138,67.05213914021218,84.20416380775555
343.2965535773435,175.39498855504073,66.02897615656963,84.39950640099327
343.4696312994242,156.13643901425132,65.68282071240824,82.71955895987833
340.9298855590422,152.43855640064248,66.09592798259614,80.7825557659439
346.6014492903629,152.36685882495732,63.99341792487502,80.9259509173142
342.03932800380164,179.472193445041,64.00447274486714,79.11611125764611
334.89204255648093,166.39652622716633,64.79469753995855,80.50947784422043
331.5805652881027,194.89478728527087,66.84783872691291,78.35071592563588
329.7519804289493,182.54644373647994,65.93541473682696,77.9146376270577
317.64612415693153,181.70314914357323,65.24983106134206,79.60122681287115
307.6338033979184,168.73657990163943,64.76960785859434,80.47286397134827
307.1730524751476,159.82254840182776,63.407171248821626,77.74548087314295
306.65351227735204,158.561156382911,62.22624418651732,75.82824999518552
304.2754032920278,162.3169103299297,60.468121704320026,74.83108255399382
300.72261394504056,168.13885416373876,59.06293008759964,73.82565777474441
297.44057750271753,172.6540427612934,59.35849452967815,71.06378902220264
295.7451814337097,184.20787391043376,58.645636280726855,70.52620385224026
295.68805429214393,192.71201398828762,58.75989056385842,69.77432414790229
296.2839347544162,199.3685607777481,57.568129639313966,70.61734474044377
297.001094614487,196.52701575041712,58.149862143899,70.25227812092571
301.76548149624415,188.69283110054386,58.720259511057364,69.76197361159595
299.6578563212705,182.97666443917757,58.89256298755608,69.06546631398251
300.95051791446076,177.3956696124915,58.32073419049675,68.14648963142785
300.25597340975605,174.82477919915976,57.719716705315335,67.31795097431899
298.8375780103546,180.3780361174227,56.62121505094057,68.01731449732623
297.53882114473873,187.43227967143207,57.25796951139846,67.63414228472485
299.97417757240083,195.1258123432309,56.31747105924904,67.96793455382607
299.78883805082717,195.24496336506218,54.73305062455512,69.68473198800477
300.09915649777986,192.27530691186232,54.11241373064965,69.75665998302406
289.4557009908456,174.4007929664124,55.9313168609101,68.51647289506873
234.5118056727158,207.14271958366876,56.210264299952655,67.62354511605895
282.9892483784343,166.37741108302455,56.65872520094483,65.38728428865834
232.93911258395158,179.64308190778914,54.958973240358475,67.66727005881364
238.64217755539963,173.30111957856383,53.19548153041735,70.70855648430936
285.952094047235,171.5700791506265,53.94757405380254,68.33153986016018
287.5513161494464,179.47137912043712,54.59377326423872,65.98519187254522
290.69637855705435,186.53866519435985,53.99393354080637,65.12795160552778
289.0176143630162,187.61848426948745,53.60369088900095,64.84219897521339
293.8264867600149,172.68442732827413,53.30189269178124,63.03609442859579
297.1009773671413,176.73812013291965,52.244382320111114,62.250669942748154
297.4749821818048,183.13049330348213,51.49637269078407,60.27402007476711
300.5627153173701,187.16612846930133,50.59732497801763,59.23797448761423
300.7988072784799,186.50276752377258,50.125141055798,58.8363452368405
300.1478088394369,181.85273855579248,49.71258050779822,57.84905861628627
297.3398472370937,170.7600208898114,50.25048750873249,56.33708499740521
296.5317799076732,163.2466343281088,50.18876205155846,54.58525696065969
299.8260929125099,154.33708406529522,48.549000101536755,54.25852260089708
299.80420517404156,148.60621513769541,46.97438377490314,52.77312602753335
301.0777207552162,147.34002438577315,45.99751580528951,52.1651811459065
271.0291911455436,144.98861484656325,45.83543249859166,52.23268156847683
265.6879490458546,131.5309577781538,44.16945226359033,54.45106683653706
270.14950563278876,126.92097786894678,43.00117689465091,55.91618885002218
268.4553794230659,124.10749907467269,43.28056752470205,55.32542285978128
266.66117382538494,118.88780559088875,43.769076149038796,54.91515082876104
273.3671138178678,117.09119976344064,42.77001342720646,55.405158167873935
272.6322323400686,119.4588249305331,42.69691507830746,55.29849174718095
273.1661992704097,122.79533275045978,41.628981217625174,54.78564220913968
272.87390560875315,125.73055454341834,42.213568540938404,53.45960538995073
267.3306023394638,129.15992717476868,42.77175732860723,52.61709884205567
264.17062265122746,119.7528684860265,43.09097648772113,51.92881051312424
300.0200533224488,136.93130076678443,43.14038349890444,50.45656894702032
302.5324149096248,142.81673858832656,42.53418503319969,48.995584290779526
297.2609590792951,143.3464173358935,41.55297259659617,49.37674230780344
296.79921642261365,136.26015783204076,41.04581965190749,49.24287873499381
295.7613768998829,130.5847255440694,40.280691550892456,49.230514725030176
297.6907562957561,128.03122726845564,39.23765810479951,48.70606058495088
296.5367573469796,127.75783824315832,38.77979143306337,47.86990635090093
294.4738771084692,131.3773324219183,38.81750084630229,47.44433643301723
289.31848163606844,136.0376156046471,39.63100858918983,46.26429852634308
293.0361608139588,142.1727829053887,38.954016454982,47.51069636800575
289.614616010605,149.02586172610444,38.997200534680076,47.40434978059348
288.96044482710346,150.14113552637014,38.94649984033463,47.891888302759085
288.4737162790657,151.98773148357557,38.55423840960748,48.29585196875633
282.74213010397705,151.59470170508678,39.09288814271816,46.35078087146729
286.4089826964111,151.73145421082472,38.48096014595263,44.73292042237094
285.28693190495596,151.2211639276675,38.10600203862621,43.13444129844861
289.38793526699936,152.40286028062062,37.57658074426607,42.049812830830156
293.071687303509,154.75133775896757,36.47639756568147,41.113250410797136
294.5129869992254,159.2964663986576,36.03647541007119,40.57236345679547
296.7475158299951,162.47491996739953,35.18514662245282,40.24500444251346
296.4855186550609,165.15953040986614,34.52193290632119,39.62461582158055
295.0078720107819,165.1585175716299,33.976314040187404,39.62664149805308
295.84133311542774,156.2392841347651,33.46763931503456,40.0913961097
295.05150350454323,150.85184519838074,32.73282793590718,40.45115627843445
295.40613545786954,144.39711422426473,32.02356402925453,40.70071615410104
299.6198909777082,144.58511137516697,32.74184822904898,40.32472185229654
294.57634867218826,142.0180119230168,33.6360969820771,39.71339834533954
296.7718374797891,147.47722801456518,33.86159352025437,39.182033007345424
299.00083319962863,153.87431503923318,34.001722923580395,39.032691276273326
294.3586374451942,155.19633517200566,35.23985346584824,38.68758271547151
299.5990892955949,149.61910779240776,34.070110032530295,39.366982173748305
303.58229747220884,144.4722933039088,33.038117621480296,40.41471256117585
303.1420772126637,138.2698295147464,32.763279853406544,40.11157898069655
306.16174599546724,132.75663604767004,32.454822575455026,39.67620533953814
311.48083582697467,132.7461607123974,32.02712169928123,39.69715601008343
313.1360207520405,135.10993391061191,32.10045313795099,39.48121133205646
313.49882923708196,137.98173444765237,32.50060739273807,39.366466382324965
314.42397171867754,146.39725627877075,32.91126842216217,38.36204466839519
314.539144227126,149.68890877396598,32.6809234052653,39.629894104626175
312.87089116224416,143.69261872415356,32.60511634045735,40.24809688901259
312.28592015878627,138.49043780422963,32.629343123579616,40.34102171471807
311.72933381121277,131.18305712897995,32.59498164391355,41.18537296746172
313.38393807179125,127.26161761687578,32.76554748442161,40.90877848111832
315.70060062581797,125.69164345244484,32.766032197143005,40.57336944439911
315.12901753069076,128.23484623149963,32.75588442192168,40.100219748192615
317.56011238180724,131.00117804088893,32.477222351139105,40.296965668726884
318.2361925243872,136.4756266453374,32.269457043676596,40.79201823680492
317.3551830978985,146.08064522272915,31.734244378691645,41.10844898470277
317.0714437643743,150.1744914322135,32.30172304573995,40.934019230924484
320.598899752593,149.49338195441914,32.15469568931144,41.144924083178395
320.6958650322007,144.26227815763042,31.960765130096085,41.237762820706195
323.6783816835558,136.48478896819464,31.747811527209723,41.83733398003568
325.00815801660303,131.20466664841433,31.400448326479964,40.836631292773035
324.41014148103886,130.84525414438377,31.461318621708564,39.28513074903455
323.78023401311816,130.76689051916884,31.608720759563305,38.3294452014778
323.10300236916,134.97887749656283,31.863067659819166,38.706402347973814
321.4281510750799,140.60655576364854,31.8827008538849,39.661300258815544
322.355497125806,144.87611701994024,32.2780310253657,40.12226683796423
323.07378758794,142.13096690263438,31.979938038022354,41.05861532487742
323.2213063396907,135.65304946698382,31.68490053452089,41.38656155296658
322.6214054161705,128.2317699730905,31.736509094518915,40.15441452215985
321.38527434023536,121.55350268060558,31.948374131416227,38.81836785980547
320.45393382173205,120.43651171254001,31.58480868153216,37.71298006560056
319.99246755310054,117.27614234077187,31.417504770380837,37.492300118650206
318.97624348851514,120.21299052404206,31.281674747498162,37.0392991322433
316.81129843886544,125.48233106489198,31.311703726555546,37.25027085114856
314.72866889220364,129.2639444677044,31.1621503788946,38.31666892749275
310.3970861131131,136.70943866083942,31.083688606731453,38.723528369324995
308.8687028158089,135.67031279847978,30.847417860037336,38.60642186650919
308.9713263940273,130.59601917282623,30.642170703600534,38.92652639435424
308.3814909698408,125.78367456178582,30.728215201371597,38.708578461017076
307.2511185898011,122.74870341170602,30.805588274179005,39.320091542996884
306.0602245771576,121.31835159776185,30.982767353480952,39.9761862249003
307.5883079274836,122.22572682949061,31.27225407285351,40.391871374792345
307.5071860019355,124.1606117840592,31.43449792394958,39.90094778364862
307.600103487796,131.04469577678682,31.248662952228614,39.589736614515054
303.86583126058497,142.79639605080052,32.03542551709265,39.47257267994087
302.6437844289901,142.5772741419219,33.35493263335812,38.78622995077389
309.6204056880075,143.26505871029136,33.02500308874124,38.54593689515309
309.73721610538564,137.36855809615753,33.91764501042934,37.950047802531515
312.7957638717651,132.23203403416298,33.457195590771505,38.041132922938836
313.20421195515956,128.57223026133522,32.64029942398246,38.6084648996079
315.95665011933977,127.52811756111575,31.61959609336127,38.454603801177264
318.97433906485446,129.17359105803092,31.09530598292835,38.47030947570484
319.7841730567136,132.95209306465014,30.56961932239281,38.571174724744914
321.029896798482,136.19431676113686,30.25218588814231,38.60876947963069
323.338377730198,136.5496056289991,29.964929529980807,37.89819174390618
324.3306795429386,138.54429342962442,30.11409271933294,37.10946636490544
323.9439786957059,137.64044872859876,29.830289627624584,37.859950980782976
323.58196178282986,137.83404506546017,30.554323453376544,38.53686968145434
327.0927288903961,137.38395576653608,31.13642211041278,38.35081501184988
324.6136230380921,137.85316552252266,30.630575057730958,38.505207251334724
317.1023942648309,143.84370799014468,31.5222219273806,37.393976682915856
343.2595374661455,158.5163300272849,31.254777741570294,37.32508135559608
340.8429464307999,157.41912219617495,31.772201542496166,37.36161788293334
339.7212517490369,163.5906747674035,32.92775927097286,36.98466072601815
313.7073281470228,146.19763841246203,33.2311909773058,36.55411011832132
312.6011748015764,146.20955408306637,33.24615845103308,35.43160916852991
310.46231076170216,144.87183994933147,33.198275573601094,35.944231957409464
310.82244464449707,145.30983748555389,32.47800780801125,36.15688057661632
308.9750793903272,144.8343925510637,31.850833735373296,36.02729430035224
309.68655852248895,146.46734609707465,31.496316397817573,35.966709988633944
306.4085605798766,144.08881875756688,31.681352810291827,36.47645835248255
307.23524354304124,142.0935610408111,31.100673960509813,37.24891255635272
306.8991009047264,147.06194918005002,30.69767703100898,38.06495833917841
304.7945454804428,151.19630356775096,30.58150300012008,37.365498102824674
306.0194196732855,146.76398129564078,30.26914932152916,36.61186646511985
307.1112166372603,141.230762211912,30.189674570346508,37.15770874874269
307.04131106517985,139.04075502664497,30.32948571450744,37.30104876963099
303.57706930652614,143.06434019203527,29.812543966254182,37.76293588520551
302.84600899678253,143.8265869465176,30.212326695004776,38.36311815771417
304.80935586900944,142.64277544382765,29.519691468492777,39.65272165711349
307.23944037318904,144.54520934579574,29.00513605515002,40.193467448193815
307.17939807837627,142.70324492735716,29.12522064477563,40.61887137608343
307.4071300127342,143.14878677101717,28.66975677605972,41.91698211964776
308.4524263374844,146.11567840673686,28.792558880694376,42.623383110613574
309.06521411985375,147.97821151415735,28.686358650576324,43.37581823425549
287.6486778561562,162.285543955825,29.74910885107862,41.85541648187766
287.26899411175407,167.65348591534269,30.50847633988295,41.23187759201963
245.9633681882001,191.6457627426901,32.00383303242838,42.818148754001854
245.25686732781324,184.9928944677992,32.241616696988835,43.19648668543775
223.47947548727973,194.93064710141428,33.14122670968631,42.278836381927405
229.83824461235727,191.6820309025875,33.46458707883498,41.6628513508698
232.91300054270351,192.43504142440392,33.22180953818871,41.33817717124622
237.32798088455928,187.80030380465632,33.7713089471764,41.22819231804221
226.84786308053236,171.23284369853278,33.4981299654045,41.33335650167151
231.4199912168439,184.4897372439102,33.76853419499595,40.709885792006496
266.0504357183089,156.24912296943342,33.63289044824349,42.12524100129323
270.45044345629265,157.08182273713172,33.17103693791542,42.84217345607929
272.06979855137877,161.97388337179098,33.516228205291604,43.80975655940594
264.84929039063877,183.7544179961005,34.5918959729526,42.77479634566539
265.97875612095976,175.13778533352215,34.76630091261017,42.974706868725264
