122.5,51.5,51,61
120.64607451856206,51.19248239948648,50.18380884653479,60.615035201027034
120.73004219051595,53.00313372902536,50.01587350262701,60.47959141375027
119.85346567279338,52.26978299129249,50.03089215140259,60.20815850254644
120.79780610244009,55.84361190530871,49.876408810286144,59.997290747221896
120.02108261172424,55.14770332373657,49.701397467236845,59.660649585885196
120.05690261781587,56.121144830033224,49.6297574550536,59.43421725947003
120.9118585990924,57.82438673815439,49.6356525128765,59.459347483979656
120.1050725011074,57.18817736010422,49.53293542658991,59.01547695782342
119.28593762548348,57.27635778719565,49.463412795134204,58.839116103640556
120.93531903195142,58.05207628118964,49.572556281656475,58.99163226538164
120.25040598455628,57.54684839077434,49.23431954092851,58.294025210693945
119.40900603097019,59.292251592982716,49.22526294897917,58.18693180452023
119.4298976423452,59.11338880585582,49.18347972622918,58.54465737877401
119.2708326506942,59.88931066320901,49.50160970953116,58.68771772072195
119.25852657580714,59.11756393594044,49.526221859305295,58.52897830854488
118.44749484443116,60.02232016066379,49.448105795414726,58.41964538574068
117.59658435363056,59.167796758368,49.45269152356911,58.43145693688544
118.51321386360867,61.613825403815554,49.31692383675054,58.63187364540323
118.50237903028706,60.73140052917554,49.338593503393746,58.698325335086835
117.68236047448211,59.92449559047621,49.27885877712223,58.61236337460403
117.69411939790606,61.67303973330985,49.255340930274315,58.51024348261483
117.822511545841,61.766601838958785,48.99855663440446,58.32311927131697
116.94657706446903,62.28934428831093,49.06191601628867,58.9661439534724
118.72645861416707,62.252553963484935,48.90103466040794,59.039724603124384
117.868474544132,61.63888287618817,48.91902398413565,58.56908796137553
117.84218995320417,63.24927283396291,48.97159316599133,58.730347792206615
117.00524693513879,62.61061232678865,48.951127148111084,58.31331675254417
116.9577319632393,62.478806582201415,49.046157091910054,58.57692824171864
116.9990411237827,61.783456958273554,48.963538770823256,58.27443801587388
116.15768719428584,61.88357052130875,48.959051713432316,58.074210889803496
115.30521110283586,61.318058928921275,48.97996947882533,57.52119965707153
114.57706871082945,60.657742969465176,48.760419451881276,57.16599676502685
113.24877498810574,60.90053882021181,48.083368868299374,56.68040506353359
111.74181361087265,59.91666242281317,47.80042386067467,56.99972397728543
110.08172684210064,59.134887758062874,47.82298604437011,56.91446762986172
109.28425023171894,58.320052250997605,47.77008475072238,56.89628412958112
107.44428252503741,57.50275644777656,48.15657595259576,56.88415363027834
105.77990352182714,57.49897203719095,48.17982068973989,56.891722451449574
105.19023409722901,58.07180886107779,47.70591210608987,57.39929623652215
105.96989842693017,58.48218722781075,47.80002284325532,58.231978899623996
105.87021730339649,57.71242621673474,47.99938509032269,58.103727212093666
107.40158141542445,57.649238783611324,48.274696639065645,58.2301020783405
107.2880359102084,56.775976713873725,48.50178764949775,58.30121812391705
108.79597887269357,55.41903262464307,48.84623421073118,57.65477381617457
109.64629739584146,54.710188699498694,48.82134364334529,57.3967151875534
111.10423004368288,53.7783719278161,49.24820223484633,57.58898678732665
110.929086621084,53.11591323550077,49.598489080044075,57.232711064710834
111.70491517781733,53.12803388849842,49.72813881858853,57.20846975871552
111.81426196918233,55.586012123986094,49.50944523585856,57.341545480405564
111.25270143965835,54.69963453958092,48.951004000524165,57.4327383548336
112.81474687173713,56.2589974400683,49.17491880779788,57.66201822529009
112.19310279274629,56.178921563341206,48.73706323135116,57.822169978744284
111.52052611795833,59.55801042557448,48.40564388676727,57.77028303091699
113.73093579338428,61.864570716008465,48.99613000273865,58.1684679168723
113.0073211820698,64.90891951491551,48.7572738850136,58.824111680474246
113.58251757273305,66.18772285712501,49.29922081343694,59.65118441555488
112.0083843218423,66.35912676441171,49.01985310060138,59.308376600981504
112.44024725932378,70.52654931663835,49.86015897532409,59.493690244956625
111.67434955728675,72.94219825421975,49.67151793168649,59.82370171292882
110.0961504957854,73.5339753949788,49.38295558172045,60.3626276678951
112.41359062547531,76.6804934393913,49.92641488409385,60.97404432807431
109.63425480220907,79.30330694409976,50.252198030163555,62.70560198594111
109.42648883122706,81.600292175655,50.66772997212759,63.440106261546575
109.29887325559153,83.90540238581023,50.92296112339863,64.21235783638141
111.62804867268946,82.92036842928233,51.69500805456123,64.37229316098438
111.69281508062318,84.02803932917934,51.565475238693814,63.98205513563013
113.38741390676965,85.88673502618111,51.810313058525,63.89869921375072
115.38536337037326,86.42751257278105,51.453817021293624,64.63684556553875
115.25594622678176,87.15572263583503,51.712651308476616,65.00567554426013
120.81851126924158,87.08245703853481,51.598128852760915,65.15220673886057
120.72699556382783,87.03669325456416,51.78116026358842,65.24373430680188
123.77911334878881,90.3928132166663,51.19650620208464,65.89093639382185
123.81848159805016,87.85696444675843,51.11776970356194,65.44184509692298
124.65088313971927,85.5363264776378,51.28508268365387,64.58677284487375
123.76533064606832,83.41776520787096,51.234442402807815,63.35865957996366
122.58826656305345,82.04425101509062,51.786481697361125,62.50151022257148
122.4661514419279,78.03376077934308,52.03071193961222,61.53332928347056
122.39546160409265,77.1527602735203,52.17209161528275,61.5084861262586
122.42014236647583,74.55110951317099,52.12273009051638,61.345581843553276
121.46063205937142,72.173484264133,52.25632444427561,60.744553560280536
120.66118646034994,70.60931651573121,52.07692982920731,60.316317430861574
120.93402538288957,69.19196623408142,51.531251984128026,59.61345202019328
120.2555821391631,67.68112665933397,51.1389854839016,59.1368251943294
121.33750902913528,66.89675789529628,50.71061643822493,58.97007798813709
121.46437264716494,66.84392332852516,50.45688920216561,59.07574712167933
120.73127068502056,66.72368486431819,50.19950527039677,59.31622405009328
120.94810460138899,65.87018484777455,49.76583743765991,59.300061529040676
121.00943351677542,64.89410124543463,49.64317960688706,59.536296963817385
120.23526840446395,64.02592373574242,49.47391356453566,59.555055716227415
119.35481849174946,63.37316362677518,49.51965763541614,59.14542017961339
118.58250510155838,61.80501911152578,49.35470265340125,58.86254568531812
117.72472558881611,60.37904523558667,49.367698223867365,58.30936652715951
116.93196814318453,59.09821263412836,49.25897361142668,57.482552722668515
115.09279535848611,58.50163840495324,49.57787660363233,56.99597989242315
113.34794248823135,57.81835025613886,49.712958893925205,56.6852444649436
111.35596340576419,57.15828743020656,50.34759182434716,56.33070749955199
109.57066575923619,57.89146985451693,50.55956207014924,56.54365517455821
108.02688687875496,56.97430044256235,50.27510672791526,56.69198744686915
106.40007981437317,56.674512639220154,50.16119438967778,57.291563053553546
105.70025992340251,56.63012185834025,49.86959643339514,57.38034461531335
104.89536243374407,55.90491708513177,49.791451674647504,57.142814423665754
104.2101664785468,55.818615599497434,49.47883453281486,57.31541739493443
102.59087990241605,55.65634059313392,49.35607393784127,57.639967407661466
102.67835780512189,55.6954325120173,49.18111813242958,57.5617835698947
102.82765125882452,55.58723290113322,48.882531225024344,57.778182791662864
102.90483621030228,55.51046726851777,48.7281613220688,57.93171405689375
102.98384284235374,54.66352427553497,48.570148057965895,57.947481008238526
102.93835167986677,53.94298756275617,48.661130382939845,57.71273731953471
102.92085224196187,54.049985918150426,48.69612925874963,57.4987406087462
103.77985495445185,54.241968790783275,48.64904703661654,57.1147748634805
103.83485307888886,54.134405189392965,48.539050787742525,57.32990206626112
106.08656587812044,55.76450347847161,49.03299541237413,57.401285636833684
105.42397678096155,55.09404636773358,48.68333887157505,57.06736512319291
106.2592111394282,57.45010021046515,48.676926604002915,57.347426785813326
107.14838619639687,57.41050879613938,48.566854976309415,57.42660961446486
110.34363961217119,59.06702817391299,48.847268035659354,57.44903080436695
110.0752288505717,60.63484884018231,49.38408955885829,57.65856281595323
110.83121969552495,62.207793584442975,49.556559359639856,57.881576308807965
109.83171290319208,63.14470136759104,49.86490411409028,57.69842957272715
111.62047074215985,65.72361624365294,49.672963189426056,57.61896195051037
109.79932973317823,65.07609094644165,49.93828961040483,57.2255347464407
110.81151165436748,66.7263460375083,49.60056929507755,57.2983116184098
109.84123205600164,67.00398179313568,49.858773065744,56.74304010715506
111.43490152914816,68.6471827713259,50.02722076714997,56.81242479847357
112.21580941511525,67.9174685076416,50.147070623336944,56.59018769772103
112.20420171160862,68.08858034664864,50.17028603035021,56.24796401970695
112.16438842761974,68.97390640722705,50.24991259832798,56.15250643772198
112.15730613532568,68.06413693173151,50.26407718291609,56.29706143723775
112.19457028922433,67.44783798391848,50.189548875118795,55.852203660288794
112.27130473572748,67.47110034213682,50.036079982112476,55.80567894385207
112.36229761632072,67.47494493880261,49.854094220926015,55.79798975052051
113.23153630530295,67.52677895252265,49.778770794017284,55.69432172308045
111.44953789046258,66.58477118224445,50.022086930709456,55.91799691714256
112.96447008215864,66.64051109156894,50.32762601458547,55.806517098493565
112.13574035421867,68.21371928500268,50.31423849272275,56.001794667111454
112.07960213410098,67.28309268668494,50.42651493295813,56.189378679908785
112.25507118989972,68.01264761058916,50.07557682136063,56.408645986367084
111.45044250044955,67.10288243843203,50.00865891556619,56.55200104598656
111.55757674184841,67.20916944471281,49.794390432768466,56.33942703342499
109.75242660896774,66.26418287329574,50.06348272257391,56.558796188281185
108.94998662696977,65.41112770016068,49.99005077313943,56.58659462112089
108.19860767071008,66.83214700531235,49.815240234169465,57.099692913796325
106.56239841043559,65.66605025838454,49.722213840175336,57.74916395038039
104.95707687613051,64.50715842370278,49.550292787713246,58.37566555920783
104.13592097172398,65.9170121247104,49.4944044147485,58.95235852074832
102.5654085493812,65.022838970789,49.22303219010144,59.03450629392479
102.09561547622265,64.7019125916959,48.4595265479563,59.67635905211099
102.45394053942628,65.72234248756973,47.74287642154903,59.33613467364036
102.54859539927087,65.04362298650523,47.55356670185986,59.009762679844386
103.42768562392548,65.56092011245899,47.4711227376957,59.65090491308195
102.65991026803209,64.7734254712106,47.32244065742269,59.5416614035189
104.09057096771717,64.61598289915165,47.821412501470284,59.856546547636825
103.90545225136279,64.5298361377849,48.19164993417904,60.02884007037031
103.88793038533584,65.97582517616438,48.22669366623296,60.54028008403751
105.28040008248604,66.75656639836868,48.861993018633086,60.68891701297916
104.2580086296908,66.07200598620997,49.18407998946281,60.33534190253583
105.52163788677433,68.43255422349759,50.1017790247543,60.78168175214836
105.36755309767321,67.62050998396138,50.40994860295654,60.661600076391686
105.1736175125681,66.86436665377309,50.79781977316676,60.42659208916576
104.15291488229265,66.08545081037349,51.08930114636772,60.23449988861502
104.88132707863096,66.01827036890572,51.384127968832715,60.368860771550544
105.64632998289119,65.83872577585572,51.6125892115449,60.72794995765055
105.43719590088881,65.50143167822452,52.03085737554967,61.40253815291293
105.33832159139054,65.33180404456164,52.2286059945462,61.741793420238714
105.25657708723112,65.26680243545897,52.392095002865034,61.87179663844404
105.18088924978917,65.00881748379938,52.54347067774893,62.38776654176323
105.01713886891166,65.5828297558272,52.870971439503954,63.048022134575966
104.11952986181498,64.72304953227857,52.84245317689637,62.943846304872324
104.04778431882991,65.18506361675743,52.9859442628665,63.841488831929524
104.09477872185491,65.28965298368469,52.89195545681652,63.63231009807501
103.19198835260798,64.52692636660157,52.86445818177805,63.324685318708894
103.36718851432403,63.75581049682328,52.51405785834594,63.03902146461
102.5082478588309,63.91111116814352,52.414093720774,62.72842012196951
102.72483937159835,63.170940812457445,51.98091069523909,62.397312600903575
102.99302110694202,62.49233132551944,51.444547224551755,61.95516804230259
102.33826094713186,62.86479855433882,50.97016398900687,61.210233584663825
101.64785856978342,63.363125350363006,50.58618929967397,60.21357999261546
101.79994337940765,63.403541059959075,50.28201968042552,60.132748573423314
101.2074328377321,62.92085803872861,49.72995637617129,59.36103022827891
100.79462910579177,62.838406845501346,48.839270137326565,59.525932614733435
101.7226134111351,62.839817923815914,48.68776430802333,59.5231104581043
100.47251024387377,62.67330719318839,47.78402829992903,59.85613191935934
102.17002629121042,62.96967330511636,47.773902898859916,59.263399695503416
100.74529388021323,63.177673126777165,47.256973088366486,58.8474000521818
101.67609025829834,64.02438459159112,47.063821171858,58.82241796221564
101.04207925168484,66.49895600918393,46.666915782140805,58.86805733586259
101.88766803313126,65.30456325874623,46.63492720048106,57.93846487427182
101.31556631862851,64.57245485085068,46.13471247576087,57.75826353633724
101.42514605153875,64.81945580050422,45.915553009940396,57.264261637030145
103.8902076039315,65.75541346874523,45.852689738563384,57.01476624501762
102.53260172572728,65.11927619116925,45.332753597145,56.66946685125618
102.54621902021232,65.19732001114657,45.305519008174905,56.513379211301526
103.34605449998296,66.82846730863835,45.30686483774504,56.45311819454081
104.94448586147877,66.46373855315697,45.31023063994297,55.58246144290883
104.20322855774918,66.43516308498917,45.20594405217182,55.63961237924441
105.75045193916876,67.64701898522199,45.28348249249899,56.38788578194514
105.70196530194053,67.01939217510902,45.38045576695542,56.04440469076286
104.98494906913096,66.91830251841995,45.21945499300588,56.246584004141
104.96152072535001,69.2610338951566,45.26631168056778,56.347709947868566
105.67740202688967,69.12333554640824,45.432389243853954,56.62310664536528
106.51802462264358,68.32000115853747,45.35589984954052,56.62501962391243
105.98792948433062,68.95757933128935,44.81254457294514,56.95340883162996
107.49304306818199,69.19765421192903,45.00183673272651,56.47325907035059
106.86028156854717,72.81139110712121,44.67188153749206,57.22317625248662
106.813207199491,72.13863975755609,44.766030275604386,56.967078672143444
107.45682597603314,71.40952035844222,45.07800582964934,56.82610436324195
107.68411673329686,73.47711104991478,44.62342431512191,57.49728537487093
107.74010893271202,72.65811887239659,44.51143991629159,57.530267530608654
107.16548765908254,72.52070041469128,44.056999431882836,57.80510444601927
106.42977151790564,73.15065861988059,43.927960922895224,58.14565882698207
106.46933572265695,73.27717734115055,43.84883251339261,57.89262138444215
106.56861611458294,73.8059373339018,43.65027172954062,58.43350847690077
106.5343664845224,73.76922914138883,43.718770989661714,58.506924861926706
105.75683745892516,73.78066103284525,43.66819226849681,58.4840610790139
105.79672814843371,74.36755425591707,43.58841088947969,58.914735938356856
104.94428981239345,74.39770867747745,43.683582121848644,58.854427095236105
105.77608662497887,74.29139491363344,43.63033577351351,59.06705462292413
105.12177722133293,73.75302271089805,43.32624689795789,58.5310913455474
105.99249809916115,73.66599085045436,43.184383527013175,58.705155066434756
105.33494915111929,73.00640672628892,42.89958260371793,58.424424495386695
105.49026277029729,72.91127726707882,42.588955365361926,58.6146834138069
106.40495792452431,72.95243594862384,42.34831983198408,58.532366050716846
104.98767668108255,72.44625951051393,42.0157762973215,57.96116591616363
105.11333916547355,72.7649269003764,41.764451328539515,57.32383113643869
105.20771943292536,71.99524492072992,41.57569079363587,55.751938148206676
105.33194556742815,72.44724147581351,41.3272385246303,54.847945038039484
105.45332418613266,71.67527753760325,41.08448128722127,53.37022599441777
105.52711995636294,71.50037664891254,40.93688974676072,52.23570108791711
106.34633597034946,71.2181114285832,40.76304292724323,51.33564632012023
105.73577482039275,71.45637249681572,40.53618330737429,50.85912418365521
104.39358392703,71.66312506537298,40.34656678470675,50.44561904654069
105.13512876318869,71.20994691953437,40.29106229474393,49.92439015586331
105.17631710183421,72.1416983292794,40.208685617452886,49.47957675710723
105.15706563308851,73.66835858915664,40.24718855494429,49.24730799022542
105.2154846968966,73.52841543179076,40.130350427328125,49.52719430495715
105.21560540643475,74.05588808219248,40.130109008251836,49.88223879684788
105.2239430900819,75.5667263146652,40.1134336409575,51.106870046256596
104.37057277980252,74.61421184721505,40.386244442463436,51.577969162104054
104.24689498192308,75.63908009093619,40.633600038222326,52.41937618588898
104.27866180173652,75.21058301810962,40.570066398595415,53.27637033154213
104.23675846202339,75.00343532409548,40.65387307802168,53.6906657195704
104.05790652850543,74.02119344954903,41.01157694505762,54.17295912449705
104.00616218286245,74.62413842701336,41.11506563634356,54.4624515602643
103.2158938634411,73.6709308769662,41.19411822078989,54.86738260596222
104.50922373378032,73.56580050423555,41.625345495462525,55.07764335142352
103.61941790176431,73.35871968769392,41.885763654676055,55.49180498450679
104.24646971766113,73.35993016237238,42.16141814321707,55.48938403514987
103.41154586058941,73.25508005786888,42.297042995117714,55.69908424415687
103.27263046979107,73.31786837946801,42.5748737767144,55.57350760095861
103.26954538633237,74.0675134793751,42.58104394363182,55.61646865871164
102.80222665845942,72.91801271495567,41.97267396366718,56.37246275183996
103.35045447216136,71.344338602744,42.42080461604744,56.43063841669504
102.32654321964742,70.5831698866721,42.91582498405012,56.400173711813665
102.1085469016842,69.41001849700149,43.35181761997655,55.62562973494939
101.9217888647853,68.16625317407619,43.72533369377436,55.00175847123722
101.77201510093016,66.13386967743567,44.02488122148464,54.409865740992274
103.23012054224841,63.96460881257827,44.204660827293466,54.1044017380391
102.32439285631125,62.14418599003152,44.46990564376414,53.10661571692168
102.32817170001852,60.791403416973104,44.46234795634963,52.74191573620642
101.4776971248043,59.24061553439037,44.63391017625681,52.784717640329376
103.02253772508027,57.779953416075244,44.60984615419668,52.64042469846783
102.15893929473023,56.365761799939335,44.80684862986973,52.40841916068563
102.15180227647079,54.80455078584875,44.82112266638863,52.471284007483796
102.16272430926097,53.25315362707242,44.79927860080828,52.512119726981155
102.2196767026436,51.90180838896259,44.68537381404302,52.15229196931771
101.44681118845546,50.46872535535773,44.70723603107813,51.97072041384511
103.0215887592141,48.998143502828384,44.60050666947514,51.86905833898951
102.18160235809293,48.15363328653687,44.76235216334813,52.03995146320319
102.20237789343054,47.186906818992036,44.72080109267294,52.45003608032714
102.27044315992254,46.877612484300414,44.58467055968893,53.068624749710374
103.82130620384996,45.775975981993554,44.55573558505342,53.735502197714425
102.9622492528542,45.69942509168915,44.72764455892805,53.88860397832324
105.2720219550011,44.976279241940446,44.762106169667526,53.783560006142885
104.29364803528047,46.610364328743934,45.16858034954308,53.61593715166735
104.94960295743753,48.11693941738584,45.4109095821147,53.71126512815502
105.6528836739759,49.64214497560531,45.56395844895829,53.78007461155666
106.38657862008674,48.801772006100684,45.659703341755474,53.89768576554705
107.91245118740996,49.64235617196113,45.74093915299753,53.78300790677041
107.83178051042321,50.47852852363921,45.90228050697101,53.676689716746694
108.71332089427692,53.77756253805629,45.70617722050847,53.346531612891944
109.6127968057337,52.95102335293825,45.465950040325026,53.44088534039787
111.09129851284968,52.74522004370216,45.62158991859729,53.85249195887005
111.98411332683168,54.19664548723309,45.401140022991584,54.080000536524764
111.23529524991433,54.10983129811069,45.33363521384384,54.253628914769564
112.68055189956412,54.10862877235287,45.57658156627381,54.25603396628521
112.6319969784571,54.73648058918718,45.67369140848786,54.571011386625315
111.87822009447106,54.57877692349737,45.60414371476888,54.886418718004926
113.21251169432799,56.92252148545177,46.09724020619029,54.94144913079905
113.12379964606038,56.02525949067543,46.2746643027255,55.14633732427167
114.41594160809868,58.28635834534886,46.88168590318447,55.411097901728134
113.49376316047457,58.920061043934076,47.11653343077968,55.75320187221071
114.76911111925202,60.42541654736263,47.8029731473175,55.97962649944631
115.28817562025509,62.01773867548998,48.397947173448195,56.06118829946528
114.38365884052514,63.06071967143231,48.56306201152776,55.61914502896092
114.35592639590556,64.04791199355367,48.61852690076694,55.28448405160494
113.4550854131458,66.5300470301302,48.784783040987776,55.22649145434786
113.2161469239494,69.64238056260866,49.26266001938057,55.55057358074612
112.15310343251309,70.25420451349288,49.7388876283992,55.97678505283169
112.88701806056548,71.8560127419705,49.935147399212674,56.10134664971298
112.8947612322539,74.69913002396638,49.91966105583584,57.09175225727924
112.68800918947969,75.27360575595722,50.33316514138426,57.62707340243508
113.53874015003755,76.29787083043074,50.33089413268462,58.976925078320306
111.6512892271293,76.0480223805248,50.66572352881913,59.47662197813217
111.40109414746331,77.19129350272418,51.16611368815108,60.656353943124294
111.1327031428438,78.40874267664873,51.70289569739012,61.740250684669284
111.05595602639141,78.31981812529051,51.85638993029487,61.91809978738574
110.15811230867646,78.37404095201674,51.86210557536573,61.80965413393326
110.03235185424286,78.75513716635581,52.113626484232924,62.8358537111781
110.0194240090836,79.62403863969433,52.13948217455145,64.71456711103335
109.2009948017849,78.62475628016306,51.938785149721596,66.7131318300959
109.09989261893098,78.92554855234937,52.140989515429425,67.97645648187289
108.8505424731093,78.30436508185261,52.6396898070728,69.21882342286642
108.66751000597009,77.23071828614337,53.00575474135121,69.45153067441632
107.63526595211513,75.79499473872609,53.146134281729246,70.39886920191901
106.61785713529963,74.47239288151339,53.24010981875627,71.10323081974042
105.94980085568378,73.23664787915337,52.62311766008327,69.66851138865107
105.21590418959931,72.37450494461987,52.1697411109485,69.47162737641435
104.53508200230814,71.32844911433376,51.620623945673856,69.65297749712957
103.62484393380029,70.96153389175726,51.536564967393524,68.48227282698657
102.83108466579904,70.74550764583068,51.238738790179,67.02898060562269
100.96588182740771,70.63565744288591,51.252486185669376,65.39035187086611
99.18894424965427,70.38495808622878,51.13932383144018,64.05823182931235
98.26928078933966,69.02469183498646,51.16737023045832,63.15620328857483
96.6354441589355,68.80927043339474,50.839254187013914,61.789151439631894
95.0264547658888,68.13833916686595,50.514075294152,61.359435133211825
93.3519078898304,67.49844387642227,50.343735649309565,60.87950901561956
91.60832341708664,66.9439110266748,50.331741675500425,60.23899325546618
90.7128185309041,66.28436782426229,50.38322835013767,59.81855656256337
89.73313891378467,67.15734059001957,50.60871737027263,59.806481245152725
88.68691473959946,66.26545243660122,50.96385259305924,59.85294442640563
86.95888286865382,65.99363978128228,50.93243185896532,60.396569737043514
85.89670282550333,65.97436309780363,51.30516380032729,60.43512310400082
83.94109304032213,65.22090675046397,51.69994241604135,60.18381532135597
82.94523316574802,67.06103423142862,51.93098004092492,60.02492460795594
81.1565909229652,65.49203051909817,51.984398827639986,59.63906633376622
79.33913419828929,64.47366890323984,52.105679828046625,59.91897334101031
78.35077346806628,67.83613711380161,52.31930657970918,60.24641575502065
76.47666565133773,66.28499868402646,52.52434362165257,59.80551402305725
75.44130746620066,65.41678630402635,52.82701515926025,59.77389395039101
74.2784647596971,66.53745010578292,53.38030178230386,59.30496513684133
72.23186327070533,67.45951155949012,53.92558909114999,59.234800063995635
71.1322821433678,66.61263828591889,54.34318838586263,59.14698365117567
69.19221366121144,65.79666316824273,54.64963236125928,58.992087392069934
68.18528078226225,66.84616924559892,54.87419140686639,58.68238194964883
66.31762961876771,67.66160281210784,55.03341157705191,58.83955589503276
65.43073253242189,66.79854922150042,55.01418111881566,58.772638445319686
63.6353802446726,67.64017257010619,55.021537648635515,58.881065770947544
62.75600937343131,66.7534787230239,54.986795060512996,58.86096913450703
61.89573182061865,67.5635337331262,54.91473152815223,59.033477752288505
61.02981162822366,67.49784059751225,54.85240500976413,59.16486402351643
59.30243277864843,66.56150862046718,54.71670984216816,59.24230154423337
57.51945407083265,68.25840417785088,54.69411469468005,59.43706299258561
56.594851190784624,68.2576244488921,54.74636711312193,59.43862245050319
54.78654995217991,68.14114362943833,54.76735118408492,59.671584089410715
53.83868074530828,67.34730658284835,54.861315406488984,59.457483991251486
52.76963648013836,66.45155866581055,55.19947167638537,59.44904756488361
51.68179554238203,66.49018041865364,55.569975156016014,59.371804059197444
49.98620100916969,65.544405825166,55.34144581556674,59.453494042735755
49.942264447587846,65.45364951253109,55.42931893873043,59.635006668005566
50.86662248126018,65.39576963918012,55.39233686934563,59.750766414707485
49.9690238445106,65.39724089134285,55.37458171178281,59.74782391038205
51.82776721612652,65.20269071198905,55.282343395009434,60.13692426908963
51.98528347348987,65.09063825027916,54.96731088028272,60.36102919250942
53.83477878967979,64.10177399876869,54.89971564429057,60.52305999733651
54.659566810339,63.01927527619454,55.067281724501306,60.87091532095566
55.62695384542237,62.07545355336404,54.95773405707784,60.933332363873376
56.69105862975411,60.13824800747841,54.65397402612937,61.15884438021464
57.753290776863274,59.087867838109204,54.35261428992057,61.436500160943524
61.45199914545479,59.04781604830539,54.245586747045245,61.51660374055115
60.57467258813831,57.2130729353955,54.17811246197155,61.541835166957604
62.42725888066248,55.1568277328307,54.11581735440254,62.0114480946079
63.43005088596041,53.238278403484394,53.93795211365612,62.1931092136016
64.38884761815717,51.725559446892134,53.84803874515073,61.56318693500981
66.28618840504967,50.13539487469122,53.68632532026734,61.11054793051004
66.30447210489683,48.45977312965345,53.64975792057301,60.84803269626333
68.23024496964456,47.906759317301116,53.40265971159367,60.15183656070995
69.1610619904854,46.426868003646106,53.32849563125394,59.53667926533603
71.9152555668337,44.902025245368456,53.150304452132076,59.03290079950817
72.84192841349204,44.05725220614141,53.0630160833952,58.95638955338242
75.627843657113,42.17761999375975,52.781609647430045,59.18870461062792
76.59176953041163,41.428194108530676,52.61634809029162,58.92496619162722
80.0707972999126,41.52168935082621,52.68170701131319,58.73797570703615
79.29103336330125,40.56014542931269,52.48724234588642,58.90707101141372
82.85073536725746,39.6877751846203,52.38188908794385,58.898298813306056
83.74757609807499,40.72739866553127,52.339900204450146,58.57074442962548
85.45835209474919,40.61755217558506,52.410218469661864,58.79043740951789
88.02268865748886,42.22860548830466,52.53295736361563,59.06927213036742
88.76030679466817,43.126565814114855,52.81448277278405,59.03011316227409
92.23168015280581,42.27375582725748,52.91434451723182,58.97508102080808
91.28513484174923,43.490173215446376,53.04604330671824,58.30363807705703
94.78277331837346,45.48735257917296,53.062964532725424,57.815378439231665
94.7336957458706,48.16460622729373,53.161119677731136,57.69801498973746
95.63784628643886,47.306731201347915,53.098266206956744,57.668317431266985
96.59929591446272,48.289444893259564,52.91935139199633,57.44687448853101
99.13739985070694,51.72390312478939,53.05619896938909,57.528698625312934
99.02750979547724,51.71746619402426,53.275979079848476,57.54157248684318
100.8355739439151,54.77819998001458,53.14952088510923,58.399445119135464
100.02203493212895,55.50832595427116,53.02040872727976,58.695383352024066
101.08880445425814,59.544079932510556,52.64560592503999,59.41755660563814
102.17715417921025,59.41385958729657,52.23287493853804,59.6779972960661
101.45756095012524,62.69846081052981,51.910660732752085,60.15439750542347
104.05649162119448,63.2854858858649,52.00362912126393,60.74395726497008
102.35431619384545,65.65586617095293,51.859543457508494,61.32585147247432
101.494005967787,68.69193983888276,51.79927592858439,62.37725606077856
104.20006291037618,71.0234436373014,51.77553836518926,63.102624785724544
102.38486634686144,71.89315699026696,51.79212139298797,63.17010312940879
105.0119752703342,75.56495759368639,51.96253549611532,63.059344522667125
103.40937148089989,76.80945584768531,51.549224000410845,64.1888670892424
105.10127620920814,80.14422019111313,51.80527019438606,64.7990497035701
104.1515198830349,79.74943939582718,51.871346873515726,65.58861129414198
103.92102186762895,83.749163316026,52.33234290432762,64.97559149688283
103.01265593191643,87.6355512181311,52.304390097121235,64.58155440719831
104.88478907265215,91.44570364233493,52.236490463371645,64.3139828542344
104.87582712438736,91.6655016508341,52.25441435990123,63.87438683723606
104.86989364858628,95.3837764637675,52.26628131150338,63.74387637805208
103.85722034089294,96.49658186363516,52.46693301108909,63.34296049411775
104.67129536045749,101.08476656118421,52.66054908725623,63.27542167550102
103.67320274722982,102.91308692598881,52.83288514200086,63.26647928931327
103.6470886404392,103.07311328270836,52.88511335558211,62.94642657587416
102.6483665805539,106.35471829511044,53.06015990615087,63.672806827877324
103.54802359691946,108.97911052230506,53.09726004276999,65.76967905088914
102.59109959628425,112.09546780856994,53.14184910007494,67.01400025422123
103.5817420306849,109.33941717812701,53.04962702709268,68.74797592346904
102.60855409434792,114.10150333463449,53.081917512276874,68.79423054790298
103.53768623324703,116.35211092477644,53.13897102848354,68.12365095562882
102.5359386552818,119.02565021267125,53.2364671361238,66.58857047641953
102.52869469480265,119.72653215460491,53.25095505708208,65.18680659255222
102.45376510201541,122.31360186254848,53.40081424265657,63.738251682295505
101.39806358267789,122.95406370768984,53.66930426640849,62.45732799201279
102.3819202398784,127.35217555405131,53.5290472030001,60.97092930326018
101.4975032561069,127.72379345661658,53.495684316200965,60.22769349812964
102.31588242631481,131.82452366020416,53.64906067028827,59.186771868967085
101.50130158284273,133.7901480522642,53.50181518824438,58.808337422823115
100.54948467532887,137.8354678665547,53.63727880843143,57.79037857360483
100.44968026694771,139.97848981995557,53.836887625193754,57.013257708015786
99.66284981666499,141.98462014110729,53.665056123633924,56.491981869962906
99.57341896960136,145.17598093326288,53.843917817761174,55.3131013552251
99.5630317123858,146.754660861848,53.8646923321923,53.87471074784014
98.59638088023543,152.07340486327547,54.101310485255475,51.7206403011729
97.56400451986917,155.39954118040467,54.499681224097245,50.06751361258673
97.46091103706011,156.00197822819356,54.70586818971537,48.86263951700893
96.53406479073539,158.2578118710552,54.92920964478449,47.61167430644633
95.62260654818425,160.43871018390604,55.138337329830186,46.477455280857754
93.99220168485996,160.61326753384958,55.2015571977123,46.1283405809707
93.39617649182455,162.76268126119044,54.799461232254785,46.611952180874
92.63802973907279,162.57797094109594,54.72002636272313,46.981372821062976
92.63312884290413,162.06023298310373,54.72982815506047,48.016848737047404
90.16650925627263,163.2492482646926,54.811484431286885,48.87320677189405
89.5036267511249,162.3902872572926,54.505089283934886,50.591128786694
88.83627901844287,160.6362635716355,54.18501315592424,52.44440456463349
88.02528093163949,159.87581076050608,54.127861833940045,53.96531018689235
87.1779783467298,161.79582626524595,54.12021280746068,55.2320417663088
85.2357508518184,161.45612271461795,54.56054680476868,55.911448867564815
84.9339736228611,160.33906281502468,55.16410126268326,56.405884718372775
83.96700878057305,159.09476298872949,55.3410505012245,57.13750392492831
82.17601615534238,157.68204412622504,55.3805170790051,58.1916823135968
81.03388617610852,154.833145431165,55.8763754432467,58.5242749210385
79.99496434967224,152.04998484235065,56.15275470045631,58.686202911678365
79.82866186869754,147.36782027950127,56.48535966240574,59.00864454618115
79.73688733612279,145.37548451332833,56.66890872755521,59.35592669305382
79.4480327023624,141.2734798913169,57.24661799507601,60.25177489252989
78.26630157605068,137.32855760173413,57.75986316186274,60.74075112834865
78.76006336185507,133.41842229728908,58.63834338354727,61.09700656406538
78.31259606596664,127.34248087240745,59.533277975324125,61.935909354366196
77.99895196257205,124.04052804729992,60.160566182113314,62.80139389826299
78.39544632696769,120.51244963220049,61.30387462362886,64.04865921754134
78.66636159112085,117.04809297839721,62.73598143329552,65.05556051122895
78.33692280391847,114.24179782612933,63.39485900770029,66.64338612530146
78.87702978867742,112.85964809998569,64.3623316629864,67.35999895278474
79.53834877293335,107.39641721114378,65.11392681137914,67.91529514594549
80.90831479462328,106.10840803493467,64.46882701600771,70.49131349836372
83.24763173346766,101.82759564461598,64.03984802847182,72.67845594377175
84.45064580511571,98.14571446219313,63.78578929690721,73.58631007342295
84.86426660117951,96.50310672035562,62.958547704779605,74.70956222038559
89.32737265527462,95.64575752681,62.69644098444182,76.42426060747682
88.73192686681728,94.55246231222928,61.69912353290604,78.61085103663825
91.40643614973311,90.9762472617293,60.76128430487816,81.35210179983443
93.57359001293821,89.82221786951365,60.891227599120015,81.42803507393971
96.02119228064404,88.59950923854154,60.466837053301774,83.87345233588393
98.1800567700919,87.49262286958012,60.68029065521088,83.82163378340441
98.39931455250078,86.15154264735824,60.24177509039309,84.23548034512636
99.69615065245466,85.80623497492459,59.91547780270251,84.92609568999366
102.96945065658886,86.6976422454471,60.186234786845134,85.41573347975229
102.06080646732606,86.75625101028251,59.71920069486825,85.29851595008147
105.59703685665949,87.78644694769766,59.47127369626175,85.51296866860466
104.65903649681114,86.3964054857159,59.07328440231598,86.01906157892572
106.81922378925559,86.3256618766874,59.30300315504584,86.16054879698272
109.03249090372694,87.16608250076075,59.43843342903467,84.47970754883602
108.55827801884008,87.03382337717937,60.38685919880837,82.48639163396093
110.64409777630988,87.87508805288093,60.70168637594025,83.04709562859354
112.24523741601956,88.02846448523897,62.013231714774456,80.48343045475065
112.89835650520732,87.97372522296695,62.94631774764623,80.5929089792947
113.86134361081182,90.06604295372517,63.276529173431825,83.17683042876196
117.11336928031749,90.0606985980271,63.6755467308465,83.18751914015809
118.57061816533283,87.76823345780355,63.068744500042826,83.1570583421511
122.64565246501212,86.91850642679768,61.8106647959476,84.85651240416286
122.94337349121167,87.09704196639112,61.21522274354852,86.8020212717471
124.30289699260766,87.34997707941397,60.81843289364089,88.61840819858573
125.394499028106,84.4116694240971,60.97836232623133,87.46562299845803
131.88979388744391,83.69751061749935,61.9580432416486,86.565562172638
132.94831442282697,83.7306565890936,64.50283220882324,84.16835521047915
133.7274607376788,83.67353285366852,65.28069191365574,84.28260268132932
137.8068088645904,83.93464564641056,66.52427705337806,83.76037709584524
136.91602580822513,84.6059600028976,65.94305024791767,84.7805413010621
139.2862461539377,87.22443802131758,65.9405312603281,84.28150696805773
139.4554323148435,87.98118377683907,65.60215893851647,85.12930467183631
139.97836529809803,88.4916135801106,64.55629297200745,86.47718389008219
140.26223999659015,89.53824616052455,63.988543575023165,86.75612745474818
139.2054683546634,91.62465920942222,63.734933767542394,87.31760753962145
139.98190494074112,91.38406118946305,64.55358209675624,87.7988035795398
139.4964772125868,92.46343903201304,65.52443755306487,88.03230628397927
140.56106435757385,92.47490314906118,65.80697660062228,88.009378049883
140.57657234315477,96.44683720319037,65.7759606294605,87.31347379532485
144.56506715950005,94.12612151684576,65.01362667640664,87.14513471492296
138.30865143909625,96.78918037379222,65.57717865531538,86.59872878578959
144.38113884978463,93.70852880264175,65.38594276134828,85.58778857164475
140.2105866947988,97.65220711428933,66.61041162062796,84.81706739904166
101.84926363085827,95.3509792698552,67.16116478405706,84.65877977763165
102.00647818672817,97.80577569739891,66.84673567231727,84.52297132076129
103.76113064253106,98.70496260256124,65.71713892378713,85.10430567351227
101.45011321119162,100.08722852118999,65.59871364055594,84.71000390920979
101.6132679297943,99.02500871974104,65.27240420335059,84.47216528660961
100.67567377216257,98.96482903072648,64.79426123808943,84.59252466463872
155.96773205272757,99.96746775146418,64.53686518523503,82.5872472231633
157.75167358887285,96.10307692627586,63.28153377502471,81.06582222521916
158.22480903535984,93.52059093870434,62.335262882050706,79.4241859989044
160.47283106772636,90.51778716831197,60.06759218037321,78.74467345052255
160.44916001352235,88.51028409373511,57.93386679149661,78.39754460510702
163.38680248006864,86.24576872329432,56.340374399831234,78.64478280456134
165.06176964714223,84.76865355601998,55.10892324608911,79.48052995870502
165.2736206266919,80.82131595478091,54.68522128698974,81.04276437501636
164.37304862297918,78.22297608982291,54.359016296907576,81.98474610991714
165.13312329493039,72.76542209916305,54.97496574538259,82.21936012934972
164.423591846232,70.9512704887151,54.24416457609734,83.69779928356363
165.45683835067837,69.53827257041992,54.33757056457961,84.36389612277895
164.59310403839544,62.675500039084135,53.893597392122594,85.06079040331325
167.18804475968395,57.27173252279879,53.05262241511482,84.99605927196093
168.09856790466037,55.223487921400746,53.39097194854045,82.61436100462163
168.80066924627363,52.50450055836927,54.11618900190584,79.53465678431678
167.38669592287133,51.967137457654914,54.84893572504284,76.41898313841028
170.30548071637142,51.40644899610117,55.19203311859643,75.48013773466651
168.31619819562124,50.31269516284229,55.06735924481183,73.56440648589927
167.1839343554465,49.33770317705412,55.31143252973427,71.47348166662154
167.97112542426757,48.97558037618619,55.72960342650327,70.20517423394622
166.17666409040126,48.691974523952005,55.358632587226495,68.7924391849099
164.33695068582944,48.4243411399959,55.13351648477388,67.37543449702395
162.38425804105646,50.31959466132276,55.18517126758596,65.51179270773717
160.94792963204063,51.8424756255382,54.25982895368232,64.36503034527394
159.4253694352577,53.07790864099756,53.572123914667884,63.76057703064535
157.61717903893054,54.24248263953861,53.49647129244303,63.27744574100285
155.74615835081016,56.10339820104285,53.563820845674506,63.230306441003584
154.84856301063343,56.509505088925664,53.521309504042115,62.41809266523796
153.62948968386507,60.08116054616271,52.31051026005904,62.572673545803404
152.29149597174586,60.40841667541939,51.37174049852352,61.918161287290054
151.14250242148054,64.02211396417965,50.105409130297815,61.81940364728233
149.7374122367544,62.84540461942922,49.39522855094021,60.65246138797331
148.18849183248741,63.7408894674961,49.03153701084419,60.59225786615454
146.39883652990304,65.45370732658697,49.16293289808559,60.61453686590018
145.60761033605564,65.5140193937343,49.018959393994194,60.4939127316055
143.96084419655764,64.84942933608664,48.868004331239966,60.100849176025676
141.41888987056635,66.41598287185153,48.81062080722744,60.395270221826
139.4365115590053,65.74101505478998,49.3406634394071,60.027848860477846
137.1589284138757,65.7727488768974,50.455266137085445,59.96438121626302
134.3021339671076,67.31570234114926,50.95701707819312,60.35303292271166
131.42448198917765,69.57429104543044,51.45826453485225,61.08991201335009
125.25092099395077,70.12147782123495,51.40986399847853,61.76632739414502
123.57934616351613,70.94547788392853,51.19214223727751,61.89876297979298
121.98780814511437,72.64758967459335,50.81729288570307,62.05246478684131
121.24568085688038,71.7616876365289,50.52627382562107,62.048995226420246
122.86371761495968,71.89808253712033,50.83123165914371,61.77620542523738
126.25226915756258,71.40232696115714,51.139129061856465,60.996466455184134
127.10039484882134,70.57360418652812,51.20708600789834,60.88970367588279
132.05272227086726,69.82268412863702,51.8843709523116,60.62788716024746
135.9445109899647,69.11399506596959,52.953336180851636,60.27475675223535
138.39400170364237,69.33179608711977,53.400917021311855,59.839154709935
136.90456741157533,69.61596808443836,52.81461058427885,59.27081071529782
139.41620885461816,72.33553850238201,53.084505325288816,59.124847506506185
137.34448497593175,71.41983840199055,53.695080617874225,59.18981147489539
138.01098895533602,71.25395554752299,54.13926092332021,59.52157718383052
138.6229588301229,70.50847468483595,54.70475383896429,59.22310624398673
140.1758124437711,71.7088583991085,55.18662010080034,60.40991230457408
137.17123673490602,71.56069343631239,55.73591199992188,60.70624223016628
136.48865231629335,70.94359821850952,55.267763807101915,61.940432665772036
134.73386725960793,69.52672523053103,55.087233056655556,62.92912820982042
133.08947004896484,69.5546984453688,54.66102877033249,62.873181780144876
132.31087054256946,72.24141476419193,54.368425177888476,63.04915695820296
131.35175662074226,75.11303646462974,54.43882099887805,62.8494096253217
129.28728259689092,76.29101664143185,54.87602676897316,64.18519154932505
128.2316005366606,79.7082557481606,55.11384442730243,64.84489918439297
126.23764243658579,79.7582663281118,55.32664156962419,64.74487802449056
123.77383230050158,80.6281789003507,54.58595601737957,64.89448815481711
120.91960795152173,83.6942603295962,54.6549141259129,64.4018158857525
117.63930943759729,83.26526431840061,55.59549806891948,63.38647021319624
111.56589427263353,85.50848324422104,56.50596476343446,62.6454869066929
108.76555058929364,85.78799411992388,56.47931821622787,62.086465155287215
107.5454781888044,91.37270664421978,57.05280738762242,62.116973884198984
106.48699161008963,93.31268006464232,57.29351475343275,61.9895586265923
105.49619128825576,97.04626270149072,57.397005769094704,62.034831864918644
106.42456642356036,98.83773622020807,57.420717282206596,62.21280839492615
107.28652465114763,101.91881494711461,57.580415457218706,61.701494831672974
108.26470302554223,103.77738389473069,57.50223369310927,61.740706905800366
108.18117164731242,103.9882375628103,57.6692964495689,61.31899956964116
108.3612467291963,107.42489041058239,57.30914628580115,61.94013808661479
111.75243506883129,114.18365270680192,56.15953190315254,63.44331295183268
110.71546212210075,115.9305511005383,56.350841820892754,63.71478811580167
108.93359128624378,114.85859218780972,56.134767418863284,63.968797904387124
107.06081705970837,115.9912615113988,56.099538730083964,63.59384782813398
105.63640008375562,114.069846389279,55.180350085241834,65.55266677399979
105.37234020421837,109.40259233587292,53.808917432102874,67.28896523195823
107.50598720627356,113.23612484602629,53.34981776574981,69.14238605604481
106.66117475900063,107.52934380521461,53.11444380125487,70.9309538424642
105.73638341577308,110.75346862719184,53.01559950609986,72.27641212495018
104.90903839239814,104.05013053732812,52.7030242132024,73.87949626679361
104.98778809665028,105.23318236176671,52.54552480469815,75.48627156478258
103.98956053696084,105.65650916041149,52.53383904842687,76.64775884314318
104.86759377158108,106.62213082970496,52.80324830433426,76.74199122970411
102.74453960766431,104.1159007987364,52.98664490007171,77.69173955954514
101.66653466187583,106.06649261921355,53.093942130041675,77.8879812418048
102.60169530788923,107.49576781092551,53.27706862553295,77.08287864589892
102.37756400007373,108.8330152781329,53.72533124116392,76.45272063612481
101.14579805634607,111.57177351927834,54.14664084237713,75.05964872631823
100.15568234855562,109.88292209494614,54.09880172912614,74.38121051731883
100.21241551542954,105.15132998353627,53.9853353953783,73.75942203620382
100.04334752831598,107.4022967927194,54.323471369605414,73.2688764385477
98.9725187919152,102.84124993561016,54.461345754966075,72.37205471556177
98.60398472358597,102.38511806288128,55.19841389162458,71.29192713693017
98.3484156637787,102.20755861134748,55.709552011239126,71.64704603999776
97.21052238535432,97.46000759437304,55.98365274264789,71.13371894674694
98.021770324045,97.00862516942279,56.359447725200596,72.03648379664745
97.96843092268071,93.87694551764575,56.46612652792916,72.2452081851188
97.80299473432913,93.57930701826848,56.796998904632304,72.84048518387334
96.55737887690577,90.74726411578072,57.250607623086125,72.39170199967012
96.14625148716905,86.77417757298232,58.072862402559565,70.1472390743205
97.00927584314078,85.72402225086684,58.36378838994901,70.23057501921858
95.6786892980443,84.42448599275238,59.00201020527878,68.78374498572107
97.4276833894678,81.64957768534755,59.525821217627325,68.30086280773739
96.44508753929925,78.92473680129433,59.47918042596419,67.7150470998431
95.58300701199634,77.38093585935852,59.2013328085045,66.79863163958375
95.69018909487681,74.67198970328265,58.98696864274356,66.2664755791887
96.80125578871342,72.13727593364679,58.73649744494268,65.42091654884345
96.07238211345224,70.25827750013482,58.23971847806479,65.26986078106688
96.16582491014967,68.27467666299943,58.052832884669925,65.34857269699648
95.32516081391394,66.40665220914445,57.791681133168474,65.19966171676064
94.55717257153992,63.700519213546805,57.391664613698595,64.8039486953022
94.59252500409549,62.06274202409329,57.32095974858745,64.23259291653896
93.76348282561364,61.116497017580066,57.065588710214875,64.21162753422912
92.15891828878841,59.050788353025766,56.45662104670555,64.52494812617795
91.35814475332523,57.80471986439742,56.15400606531729,65.11292305112
89.43734595764826,57.8625757805701,56.17877947093204,64.99721121877465
87.57309701161662,57.81958291857784,56.09323814026577,65.08319694275917
84.77379124994397,56.85080346354827,55.97091878762625,65.11377889415671
83.03941789794317,55.85888358793906,55.62869314343931,65.19213247128084
81.33267950959775,54.7980937929968,55.239771003751294,65.41251260297592
81.31851815917597,53.697251804589975,55.268093704594875,65.7158497738556
79.62175928305,52.02608302277322,54.85464730434873,65.25122318499103
78.75919723347421,52.109913685841065,54.690112749699146,65.08356185885535
77.94238753666805,53.14115010882203,54.43930877168779,64.9055123845171
78.93556254719533,53.1861103961117,54.330597079667704,64.81559180993776
78.09509888848632,53.085985606420515,54.137023662627925,65.01584138932013
76.43960283853451,54.26664184437787,53.699082094718506,64.52899574731191
75.70382085514231,55.25034746579049,53.31074042856614,64.42149013742345
75.03823033338378,57.36825523423959,52.78993583258148,63.889645879528686
74.47604679045524,58.409764833374545,52.078908937850315,63.64202066184701
72.90084151867724,58.73973949677661,51.589117508424664,62.98207133504289
73.00203892164396,60.47247894622821,51.38672270249124,63.12067076254056
71.74944660604216,60.28264792822236,50.290112288783114,63.50033279855225
71.22763872433745,61.00703260438193,49.544773999452914,63.84051749897274
69.62781003991103,61.81328249951851,49.18034430357176,62.22801770869958
71.1390085011087,65.2972379678236,49.66085090827423,62.265913826285015
69.9234747027737,66.989742452515,50.33208893172801,62.40056400333462
68.61842948633563,68.86030512168243,51.169407083345945,62.20498322751627
67.26256999086252,71.83055155601089,52.09781837625621,61.614413452967135
67.79985976826175,72.69298577004244,52.81241413701019,61.67872034045651
68.44675343090842,74.5792190009882,53.32028469121724,61.509569637565676
68.17747043165672,77.73958620899599,53.85885068972063,60.61041760054823
69.93802273865128,78.35479621723948,53.941509234353006,59.37999758406123
69.98761265556931,80.0448271941321,53.84232940051697,57.78401243111755
70.11037880534536,84.25005841070205,53.59679710096487,56.40403454471995
70.88246061054281,84.1336488279513,53.78478902036444,54.90469818042696
71.79406954859314,83.41652960647258,53.673193896758335,54.627313870889836
72.78551732012758,81.68548972028856,53.39580161425935,54.6783871221181
74.43330982814628,80.09198158361652,53.504068127728374,56.163477630708975
76.8983783029638,77.32417750312018,53.754694211798096,58.245243769231806
79.88815053273329,74.3001999515519,54.828846135701674,59.002926584786444
81.11082184997852,71.37878993206499,55.96815354121113,59.468771563760384
83.64548691528002,69.20673152138939,56.35190946592505,60.17749768156699
87.24691816239678,67.74959182476888,56.488493090027944,61.25691554522388
87.82934530555443,65.68832016165328,57.17751703003233,61.6717024188158
92.31774948996954,63.66961803265325,57.557242091120465,61.96649330484852
92.0815017345089,61.45048793368621,58.029737602041735,62.6408668441499
95.87376769548541,59.26107023101576,58.04511604674768,63.219747066161304
96.95308940401253,57.675730700478624,57.795720793466344,64.4811779634627
98.8418958751081,56.276143854905634,57.86790941084702,65.35545087482278
98.77888145623102,55.97874300489723,57.99393824860119,65.95025257483958
98.82447355053195,54.062931981641555,57.90275405999932,65.88013187508739
98.8589401078682,53.33667316061035,57.83382094532682,65.38432502971999
98.79122503684127,52.45107990572573,57.969251087380684,65.21597928968826
97.82584097687752,51.65734598652671,57.96093369357125,64.86436161434935
96.8585309385065,49.99457667713434,57.962061099350976,64.32291489120955
96.92139859167806,49.23992939762355,57.83632579300789,63.90711322641313
96.18837301668286,48.60178543741997,57.385753433660085,63.26677763748209
95.50982354247984,47.96435793780231,56.84337690095505,62.64215715560634
95.63767666412028,46.35423926860583,56.58767065767418,62.100178710299346
95.78670804364431,45.742568334763476,56.28960789862611,61.45492465354426
95.8198665284032,44.184489930499865,56.223290929108344,60.863484467303515
94.24804901761763,43.55433811259502,55.67987755509611,60.28026390532153
93.6030169886253,43.08892708832744,55.144156954458424,59.38530129523435
92.86639483088877,42.433644310049324,54.81409694203469,58.89256252389377
92.17443017864673,41.66447206762665,54.40765818293694,58.64053894515728
91.4179670575902,41.83526904752395,54.14060987635072,58.29894498536268
90.6609191971448,43.60447238686589,53.884306702232244,58.30133609669736
88.88216278150247,42.96069666651266,53.90909821051723,57.822526875903975
87.92408858363216,43.118991077128754,54.0659632965272,57.50593805467179
86.09200090549598,43.30285137557645,54.21648060745606,57.13821745777639
84.28286303567238,42.51465293532727,54.32782358974378,56.96114795959501
83.22185739959653,40.80187496176822,54.69737529421617,56.88178477135449
81.48469620457601,39.99502510386512,54.657561799057085,56.73841654456063
80.6333885286138,38.27260629624535,54.60598629281621,56.67487244346965
78.86397905445028,36.536912498921254,54.64004774030667,56.641502537281234
78.08408667824428,34.54407010309325,54.4474379960275,57.12239833555489
77.24308105827036,32.4760502112932,54.37257019185785,57.74468003092003
76.49370028341339,30.313437174673368,54.105905414162784,58.53905344934165
74.72310863880622,27.37254900795257,54.09990292679548,59.10005111791078
74.82250550403873,26.356525961691574,53.90110919633044,59.34985558802856
74.01279938345404,25.523258793348738,53.73755779678598,59.23342628400037
72.37855006237123,25.638098478367496,53.448967984819745,59.00374691396286
70.57510424271408,24.887974608136606,53.515122260823404,58.73362597276931
70.57812492730142,24.99693830117515,53.50908089164871,58.515698586692224
70.66524689804152,24.90799589671694,53.334836950168516,58.69358339560864
70.81198190733068,25.688568586252437,53.04136693159021,58.89616045123675
70.88150880766159,25.58888594455785,52.90231313092837,59.09552573462593
72.65513331753213,28.13384026968214,52.88120653482918,59.29483071984018
72.73267227995075,26.879717766221496,52.72612860999195,60.037245950276784
72.62641833694164,29.149538949890143,52.938636496010176,60.822207020992266
75.35126049520171,30.57932636573763,52.8602529068235,61.54349934085295
74.32391718232412,34.35624334507387,53.11460346567483,61.19100964979587
76.9285681839766,38.229675776547694,53.30219562479228,60.6400036700781
75.76193718260294,41.48943712159622,53.84202274279283,59.50078563422137
76.64708670534102,44.50431930070941,53.85609358531207,58.824130939981224
77.59030115737167,47.33598977545279,53.743725173976706,58.48297146867228
78.59045009507949,49.30337238422472,53.51038284213824,58.082117338282714
78.71114497829709,48.61885105396364,53.26899307570302,57.694166521555275
81.397286385267,52.231339045632126,53.13802198305848,57.45760616661199
83.24318398162264,52.41340001548601,52.92888937746446,57.09348422690421
82.53296247979657,51.7201581927045,52.61700691770488,56.74764240905551
85.25568368925795,51.82877486280144,52.33747691497401,56.530409068861644
87.07291556674794,51.056982769980884,52.131287122686295,56.35985627315661
90.52030061599713,51.10147238624421,52.06930693040123,56.27087704062995
90.73471880007554,49.3710377010098,51.64047056224441,56.32009871733132
95.15688787966482,47.779691003113754,51.29496792058099,56.10325790611737
96.17094427710023,46.201908786381765,50.95774195503831,55.877048680925014
100.37412648297376,45.32671083981755,50.96133601805803,55.94545287910008
102.95530456553254,43.82369449845142,50.84832186693721,55.58525755250117
103.92126574108698,42.39863913365984,50.59210382107483,55.0839596715914
108.23881571283833,40.78365979303143,50.27607431079011,54.98629017956102
108.37030221352798,39.210550149173514,50.01310130941081,54.81798931104808
112.66682449238783,37.58951473459603,49.67230543340827,54.759160667516184
114.43135890895387,36.6568623159388,49.43144097589183,54.98036331702282
116.27240567917038,34.8805785453018,49.03674699087939,55.24553130287626
119.89300220472384,34.048753780145816,48.36160499698103,55.26766806888608
120.81220860011118,33.13545635806038,48.15424303845463,55.46321208080866
125.00642015599487,32.172964392704046,47.91959867077476,55.75744026270382
126.06372970511052,31.400949486781094,47.4365220324231,55.669927614670044
128.54215139799442,32.07434861523682,47.34696527528203,55.9455582339675
131.07023132700982,31.993510690042623,47.16653821656129,56.1072340843559
132.74602714756819,31.904188845865068,47.06461505869411,56.28587777271101
135.9561597980427,31.785319123533476,47.14813544456548,56.523617217374195
136.9299199093212,30.255569337454915,46.83157136844841,56.32120449665143
139.56988817740708,32.52228703843613,46.4198360365055,56.65597029891784
140.47385986011872,30.948056330236113,46.23313146055273,56.5619541363768
143.86401510916514,30.616360879943834,45.91992483430294,57.22534503696136
146.34074858845977,30.571076041123128,45.83213942997944,57.31591471460277
148.01509620827758,30.448909472001922,45.72716434306308,57.56024785284518
148.89689966739087,30.1598145784654,45.587460044750465,58.13843763991822
152.17328741209485,29.78478043760142,45.556630252142774,58.888505921646185
153.0179187691096,31.55387052528832,45.5088195237129,58.633229717471714
153.85714034938064,31.601056045050377,45.467149506092255,58.5388586779476
156.9206677377674,34.06504056148943,45.878705426150134,58.51484766769302
157.6689894721038,34.38966518574283,46.023041290081515,57.86559841918623
158.40491424937755,36.25137267652693,46.18457373011843,57.40894742678691
158.2800699886721,37.38295188735306,46.434262251529326,56.77478725909876
159.89779100150412,38.3031345232449,46.445417576481155,56.557720662623
159.06531059731708,41.667683200836755,46.49023717472967,56.3091881479415
160.72199353772393,42.534824615333946,46.41095398681712,56.191946665397694
162.32049654741695,44.271638693268414,46.44186240256164,55.946232944659364
163.05576430816893,47.39747285535199,46.582000160132026,56.13725773678967
162.97000859946974,48.15200153594383,46.753511577530475,56.24407581424866
165.128972578225,49.03339467820672,47.296444290646846,56.101576419931824
165.62708815469324,50.919368877256886,47.92705172273889,55.58330519188856
166.19558428873177,54.45273680564845,48.41902866455721,55.03244617468697
166.87671767603197,54.753694967247505,48.685086515804194,54.430529851488856
166.7089971484655,57.52724592716569,49.020527570937155,53.75314097226955
165.77063467059773,57.755697381140486,49.27919861356384,53.29623806431995
164.80116872354156,60.20358956405916,49.60307900409827,53.245608209216265
164.0646033172839,59.898137118915166,49.45679941827292,53.856513099504255
162.4691547027524,60.77520255783355,49.39447179638661,53.72899464714215
161.04559066198203,61.931232500702635,48.9943340464561,54.664200592875204
160.34527591866666,61.602648523580875,48.763156266617116,55.32136854711872
158.27093652866088,62.629769826090396,47.99689682231694,56.54375142497415
157.46790196649516,62.78269495244415,47.95803261047118,57.882834508443906
155.83817802693244,60.55339888703418,47.887575896969324,59.01152204663661
156.35900793487886,59.53069062507204,48.52708623565361,59.3757684159838
154.48799127991737,58.58381264252535,48.87490140488234,59.57241531073005
153.3485412932739,57.79873588045324,49.44804810701496,59.43681556372003
151.33742966761633,56.75648131479463,50.04443636768668,59.808407199715525
148.68554445742623,58.22945127397809,50.163436262528954,60.31898096504055
148.58947419982698,58.3027809151782,50.355576777727435,60.172321682640344
144.29396938294505,57.43327514525271,50.25218813810235,60.17245356781354
142.4735836201273,57.64617774560243,50.41852866945435,59.7466483671141
139.23006716735324,57.65524658649501,49.972244934188495,59.728510685328935
136.65900341317376,59.47874716504114,49.93678618551506,59.53323369959156
134.14410364465823,60.418089045323235,49.7997441678329,59.376830457265115
131.67178592888408,59.77837313468632,49.59139487329532,58.93860070317697
130.3094973995084,61.49235587572189,50.608423589950014,58.92573190529917
127.25732457906156,60.5885696099819,51.54165828122005,59.0096007869046
123.47544140153911,61.439824146804646,52.14553916206019,59.04706308181029
118.03820711943568,63.88546041206386,52.518680762015926,59.40645403341743
116.13516356151194,64.25692320730732,52.80123594657339,60.42529440857548
113.27115410353065,65.80607900545068,53.1830024924148,60.89115105903622
110.23677930085046,66.50950794314713,53.865498774447005,61.27971095808603
107.44800100374044,66.39477197285672,54.00594423372631,61.50918289866688
105.73733848149027,66.59263922253791,53.7909168427049,61.11344839930446
102.15716949995735,69.72003010606491,53.71685985207118,62.09306158595001
99.51695625615841,69.70194628801818,53.52953035647832,62.12922922204346
97.85960910045719,71.76449112358331,53.20394737272335,63.4645554936493
96.21500335729236,71.91061273355928,52.822114765320684,63.172312273697386
94.61469751340528,73.10991628817618,52.372996504948574,62.598570138536715
93.20424059175284,74.92356806003119,51.57634097688537,62.588835966194736
91.4739527911223,74.33174866660586,51.44534760166999,61.97669026480719
88.92642579300525,75.12274689117231,51.18765791432162,62.178941710201755
87.26030276684801,75.46128292095497,50.953500316124554,61.501869650636465
86.5142392590206,75.38558909653001,50.67662541687686,61.65325729948637
88.04583762552664,77.88370314757069,51.147152338325085,61.95761467909553
87.79560517233251,78.73153878042976,51.64761724471333,62.04108571702075
87.61112445807132,81.33104994487957,52.01657867323573,62.20756900803078
88.99166673239324,84.0108420801865,52.84952363780779,62.2390290072408
88.65143846392925,87.76961929998419,53.529980174735755,61.96511282706501
90.09823143397328,92.22537366211421,54.271608732062354,62.14164034634159
88.97621179452057,97.92721929656733,54.68341613518865,61.73134033211018
91.39267569521019,99.91121630569573,55.347877676513285,61.42827254232262
92.62779504953483,105.53143710673231,54.71601012766101,63.05642905882838
91.75439573562417,108.09397342807719,54.60928774029325,65.3454404768949
92.5531280901911,113.12966963853032,54.898981377991646,66.59699813698211
92.42693431959816,115.61618900545378,55.15136891917753,67.35727157295544
94.59338457812896,115.41513409869853,54.672217448856365,67.75938138646592
94.38901012883679,117.66721064355849,55.080966347440715,67.10583008857442
96.1666442236376,119.38762666959474,55.36943926825471,65.58686859170975
92.98481626684017,125.31797297026294,56.02372319217507,63.241795973164166
93.78096842536378,125.30520056426396,56.308755898807874,61.39000376148206
93.50895711158806,128.98385728174202,56.852778526359316,59.591966030933335
93.56751619366881,127.69064739119395,56.735660362197805,58.51108849327794
94.8168517658732,125.93832765709831,56.051844806700835,58.386016783645644
94.00627513942706,122.90668556453825,55.87092073335799,59.0430689900604
94.53261658712401,119.05611660359287,54.818237837964084,61.31571666838084
92.98776050392422,114.16823732279376,54.25161912623561,63.77881347372292
90.2482326621132,107.52051311386265,54.15897719059095,64.07363411329612
89.01336497386477,100.95301037561588,54.76841904497656,64.18658493501104
88.2927228433391,96.00148264317835,54.33786459770796,64.73044685828637
88.23722352670804,89.95324782159274,54.44886323097008,63.71378110782595
88.18081632181888,83.7534117256737,54.5616776407484,63.0976639096472
87.33811778699393,81.76607564934572,54.39539113325664,63.3689689080199
86.51954993507535,77.63035217399636,54.1793165015714,64.22757451662893
85.63765097230953,74.65657054329517,54.08011830964858,64.58614942566795
87.53765887595247,71.85454564669935,54.013958966896254,64.58941452205923
87.41757877727763,69.28115117772859,54.25411916424597,64.13846600839173
88.99255794051932,67.5580474593004,54.82981083118605,63.85902345182464
92.60900202560006,66.14682115046438,55.06797408901538,62.945950355501296
94.26959814390497,65.23998014452556,55.46168483504299,62.90218087606023
97.82610271443312,63.549574379431846,55.800983501237255,62.55683850262239
99.44346709170965,64.41225470744928,56.29254165145189,62.69462129897136
103.21033278143473,63.570547235167915,56.251351836463954,62.504900852418515
107.79461160416805,64.48068489474016,56.43043848926712,62.554154392927984
108.24505161524621,63.92601465808896,57.402711075140644,61.790342258200525
110.90081167407715,64.12441538059977,57.7214049298193,61.3935408131789
110.72698386319095,64.50638739340596,58.069060551591704,60.62959678756651
113.92998730609045,67.24009390118567,59.13969950746264,60.76966815325956
114.98458003938728,66.26854338792555,60.807099805884874,60.82447629727186
113.62403866603178,67.04375976514451,61.61272466609429,61.189501429335536
116.31405329745235,68.53879367713719,62.03436676254789,62.06721451154666
116.3652903178375,66.32515622037083,61.93189272177759,62.58577823807755
119.233636796307,66.89621142085049,62.077904098852855,63.404569281789634
116.18239176012457,66.05630608848844,62.25217117459659,63.1083056143067
114.49277886345618,66.03638662803493,61.68305851350015,63.1481445352137
113.72006739872656,65.99378970159037,61.26266957444463,63.23333838810281
115.04169390534263,65.96070189861499,60.579922209155065,63.29951399405361
112.42939465703104,65.12432259658681,59.952301513839615,63.02153286746373
110.65825983855225,65.18905717345179,59.62168111562426,62.89206371373379
109.0825233199216,65.4196818818254,58.91479724290528,62.43081429698658
107.40140133541358,65.66845368232559,58.45553330023429,61.93327069598619
105.73055066162601,66.52076457037168,58.00585683906006,62.12433782426867
104.02529976697994,66.35589083711882,57.63328638001667,62.4540852907744
101.52291096858771,67.09817546338257,56.965787831574154,62.86027475332255
98.96489995182257,66.88008500157649,56.422448673857026,63.29645567693473
96.2962243910542,69.63596419591934,56.10611989896818,63.4383771846746
94.67583021621775,68.86683005676842,55.58349822048908,63.09494044890045
93.03313694800983,71.61131931636675,55.13285336666391,63.21000901506531
90.4347079533343,73.59684886143805,54.74196654208679,62.96411313420812
89.75702754760866,73.53469575751002,54.24481924550899,63.088419342064185
87.0477926208776,76.34829316323774,54.123924245937665,63.000589383642165
85.26776324624954,76.61111743329329,53.99767149837436,62.47494084353107
84.58407614405684,77.53587234763134,53.53204631284309,62.45843040477165
83.70837508010386,79.49594782198335,53.45817953631706,62.18881726493159
83.82537197639463,82.00604646551936,53.224185743735525,62.62836385554579
82.87944906600188,83.86096872975907,53.2930852842256,62.564411887657286
82.95232666003321,86.63359842319173,53.14733009616292,62.48835184638597
82.86722644546882,89.77560303687335,53.31753052529171,61.662987789063166
84.76320255604499,93.9851476057168,53.14462641921051,62.29151893905413
86.81149057777299,98.82620317230958,52.68097990202943,63.50819638469332
86.03840715950338,101.32504811564277,52.39938312437374,63.99379734061159
88.76648427770195,109.00781515224251,52.43529438898982,63.273771270114
88.9887401432931,109.74745776051236,51.9907826578075,65.43486686845186
89.04433937772119,110.69208363720375,51.879584188951334,65.39180550377614
89.58860678310253,113.5661339233083,52.634775600637724,65.1748835989143
90.2179214367824,112.55158234815192,53.22878706147864,65.35134598102638
92.57367444099228,111.48089987650708,54.11216857155701,65.62774841815005
93.6351649165203,114.84067498864543,53.872674280360144,66.44214483331004
96.23124386649911,112.61141182118803,54.356920933872615,67.11640146591145
96.34334896321414,113.94289522327904,54.13271074044256,68.27408586642993
98.50680350716308,106.17022921836153,53.65469648444931,70.34828596459873
99.6786840829628,106.57535523677126,53.25930930091431,71.48640789584368
101.74231510683462,107.1160160134394,53.05054701583393,72.36433622383902
103.87957785405739,104.4506060519912,52.71436930278069,73.75680836534315
107.61529952088031,105.98728911658205,53.18199899638791,74.65297874978798
108.49417392405641,105.04978906616802,53.430287997483155,74.52194104316855
108.43017119666885,103.77839465975757,53.55829345225827,75.05658978039969
108.54879056868292,102.54835214802304,53.32105470823015,75.49832977387457
110.15899101372568,95.5330277506757,54.1428978493728,75.3811244592708
109.57057465132537,92.46486547236569,55.3197305741734,75.41880425357527
108.05689977279218,87.83925305182075,56.29429731547965,74.40611401586446
106.8922617810107,85.97816529783518,56.57024569056162,74.0216343068737
105.8377730147133,83.56126066083036,56.627254031520955,72.69953600597685
105.90804031811635,82.36257777587694,56.48671942471488,71.0314884633001
104.10852086924174,79.7186615758975,56.0759735555481,70.30464371288501
103.23536810896343,77.77702843982104,55.835189076098985,70.21372998502642
102.03856762519598,77.10196090025602,56.24699901960524,69.58207404012785
99.9676746825519,76.79918253598775,56.43123226487691,70.18763076866438
98.01649726182404,75.60134597426168,56.35147983121975,68.60119661700365
96.21800576012645,74.42939278898666,56.017676258913106,68.97970969970277
94.26957482225073,72.5655213617984,55.98290805404437,68.77582247345913
92.22758507376489,71.01953606015498,56.142646685841335,67.94355221157124
90.48169664821413,69.18625250651078,55.730617786385075,67.70631356830184
89.64849245671687,67.4945025980656,55.45542597335648,67.20661299314602
88.81332235878352,66.07396440385182,55.196297890041414,66.18875282321007
88.86259243717231,64.61839616631173,55.09775773326384,65.28065924274657
89.80378227415187,62.70055334524513,55.10940477363171,65.32829145622581
91.62714919087867,62.255660909509544,55.25256908266928,66.21807632769699
91.54752355081806,61.331923101711176,55.41182036279051,66.15457798567262
94.36540210957041,61.19168185272082,55.513748626652784,66.43506048365333
93.501516501662,61.113975493723906,55.32299246580877,66.59047320164716
94.5063627099334,60.25025294927933,55.23114612448559,66.4000722153167
97.34099432533324,61.44782273824778,55.30217978074955,65.91836493306769
99.23342152673429,60.841278173195676,55.33163314671673,65.22430017878727
99.39358381078338,59.753403672911595,55.01130857861856,65.50312920895495
103.2460749234822,60.84348970980136,54.890591438154814,65.2190234064089
102.36029870501591,59.93874587080278,54.77240303196025,65.13877024127893
103.2905040517959,60.53848899997198,54.79859232017255,65.82588396471284
107.10445713870664,58.661691670248416,54.761136431889454,65.7842534813908
105.971170305469,58.865320857839755,55.13134278085806,65.37699510620813
109.5706804564338,58.81326072242824,55.516536817498974,65.48111537703116
111.41102173707735,57.72524991532006,55.643571782303546,65.75327822820168
110.31958713187976,58.56144920848955,55.91633761263553,65.99098302192596
111.53125485195127,59.132446578672706,55.41116284598651,66.76714895505366
114.36379232848509,59.87820332249878,55.5120550012286,67.19762450350476
112.10135355506695,59.08104602754027,56.176444379612605,66.86169500919564
112.31842304796999,60.72342843328884,55.74230539380653,67.44849207324644
114.14247056583233,60.355850301219455,55.96985355748937,68.18364833738521
114.54298296189651,60.20657530382047,57.12163533296831,68.48219833218317
114.02965453162602,61.198668725359596,58.14829219350928,68.47400087484772
116.0310971145046,60.037040192932935,58.13019427347923,68.8048643168375
114.33191701988375,61.021941604791664,59.53134505398809,68.83227090185284
116.60872399722444,60.961510786230306,61.038172732046576,68.95313253897555
116.36938898772269,60.97347423810268,61.51684275105008,68.9292056352308
118.10692650155019,61.667905904881394,62.14864610064761,69.59378149029965
113.34709574899969,61.22566413568203,63.37288562815452,70.47826502869837
113.92896353549332,61.82897881875995,64.31629957390494,71.3787851812802
117.39292036499278,61.70671892602941,63.79700620918246,71.62330496674127
114.03563286092773,61.18075868978096,64.11644287637493,72.67522543923818
118.88411261495264,62.907586799334894,63.03206375760523,73.52785941477035
111.43190477277578,60.81879365418761,65.04271098707241,73.4075228867694
116.30117442408789,61.175827600472715,66.20078954788418,74.87277856688638
115.63419199276869,62.22912185729852,67.5347544105226,74.9867714305953
119.0573972994552,64.96219043917289,67.41934279416274,76.25163326385973
112.55081822201151,64.49733088982386,69.12517114699966,77.18135236255779
115.90400813577999,64.93278628118719,69.32829033926956,78.61360791976674
120.29595822507467,65.83482296023561,67.53032873711274,81.46682694595826
116.9420633493109,67.38250216757895,67.2065851603216,85.40300185959029
115.04502228834313,72.97850215834374,68.6016414680686,86.20613094900338
109.81979233737162,74.62139004679126,69.31620684573087,87.78830243424872
109.48540278173907,78.55515549242995,69.98498595699598,89.80000205527041
107.5701380113607,82.68706754875015,71.30405827791756,91.58200682197067
106.99710256775026,83.5216495289134,72.45012916513843,92.47300356307403
106.60678487160237,86.30086269509755,73.2307645574342,92.09942721047992
106.06797280309121,89.03477609914168,74.30838869445653,91.8303655664605
104.65715330674172,92.1192861811764,74.5173096238464,90.88678152900931
104.17236305706936,91.66446368592744,75.48689012319115,89.1948286726908
102.96525977410047,94.84827951642231,75.30993089980831,88.00952859034224
101.67655831916643,95.59726721265665,75.31731847239783,86.5115531978736
101.70825847026393,95.31644832660066,75.25391817020284,84.52622955333955
100.51453335096498,97.48879837000402,75.12620506112339,82.69669281421018
99.80294126461365,97.9109805573559,74.06470421859478,81.85232843950641
99.2636850858911,99.28662658576849,72.6885960439082,81.55565691481291
99.99462049268065,95.6579270680079,71.2267252303291,81.52893679850939
99.02510277442391,97.6060695327925,70.76152780755945,82.44111758750635
99.25540115842405,94.1974917578495,70.30093103955917,82.02561310724352
100.52803852515316,92.14409702510764,70.15272237239128,83.73533650643691
101.91514352747325,84.75185942121684,69.79958529127371,86.41444709660543
99.26996558987341,85.30460916834573,70.17677637165916,87.76552999975473
97.8349110165104,76.23830915080603,70.56346383808129,86.03075659240322
97.82956191020561,76.52086202004885,70.57416205069089,87.92869234736852
96.42969159956577,75.48071576249919,70.88153799472346,87.51662018522075
98.45774089755685,72.9765969839429,71.80747495723392,87.54282218384071
96.96830351345315,69.1542933601778,72.27995678779062,87.66825061841887
98.91426872942118,65.59890458384402,73.41993314778065,89.74712137916035
99.42590297953805,64.68708618579352,74.96300646790529,91.57075817526135
98.59223637838596,60.77222244242057,76.63033967020947,91.54253569433683
97.8647510283684,62.83945685752506,78.08531037024461,92.6996419067272
90.50571138804762,53.24807323663414,79.36807002006746,90.38589773919915
86.98251616775241,53.68584270320245,81.0706949289137,86.83847604019046
84.1038366913605,54.54636870887798,81.54035614002171,85.1174240288394
84.03834768975621,54.20154864054357,81.6713341432303,83.1826833337003
80.04170460023528,53.70247894820666,81.87632336957117,81.58472373414045
85.54943048030499,56.153050279310534,81.15762638614333,81.83195846028849
86.19650432480155,53.58227755827544,79.86347869715021,81.83998465482337
84.1507917781405,48.69038438143647,81.40844011389245,78.89145262560203
75.83768149722275,51.858367231580075,82.88868090935122,75.07981688637761
72.7745579690669,53.39201773795362,84.04106218826841,72.01251587363052
65.6561738651694,49.67694210342307,83.54356514602982,69.61982364266922
59.34141342721668,47.085457869950645,81.71591264073459,67.57420541901374
58.97930226816104,51.41219467071349,80.09174795071435,65.9658928418826
56.70210577382511,50.91919247554965,77.75385262090492,64.65446779271653
57.60487941081868,52.55590820771427,75.94830534691778,63.621313853217536
55.70447704349976,52.92683162324562,73.1617024960248,62.87946702215484
54.32526740644357,54.506022004133015,71.63842126350326,61.861936513697
52.043138003751935,54.75786660504821,69.89980602437822,61.35824731186663
52.0183050311885,53.83062244941307,67.88351047066179,61.146774124293586
50.078711677768815,55.081187606833865,67.70013619952182,60.676924298441655
49.374915018421106,55.28180932569165,67.08680001346525,60.2756808607261
49.90901099135493,54.34681313087895,66.0186080675976,60.1406820391032
49.07559484170011,55.550354307582865,65.69921906092097,59.71982099168165
48.61564182647412,55.61168088879789,64.64458333950617,59.59716782925159
50.413900239246374,58.423629964051216,63.004225831096846,59.84174763015051
53.0830900666629,56.599477904021576,61.53469015753622,59.62120776893737
56.071559250504265,57.400665827570464,61.28147400786819,59.92673932784451
60.349458188518916,57.84240868532877,60.36071994919611,60.95201456666719
64.87469951515205,57.92131036613657,58.95196165870916,60.7942112050516
69.01917102773511,59.47626005203403,58.205861469596734,61.45573325128352
72.59760317908972,61.26698234659982,56.70177959348869,61.64281027988604
76.91945334657228,60.408088099557055,55.51123203380717,61.49731058015065
82.06124211681555,63.638796738523766,54.437910861797285,62.40409839699856
86.96072094649364,62.652135598422475,53.83376411172336,62.53845849534468
92.71043532774694,62.085092227145154,53.32244288425508,61.84119398205962
93.72420039401119,64.69348006985388,53.10727247633855,62.06149747047808
98.50146695742912,65.52705016837987,52.614291680031926,62.20666773953194
100.00864810145681,67.83664744558551,51.40655529536454,63.00735089528474
102.96397194091108,67.63411549307558,52.69381510171303,63.41241480030458
107.98388760497416,68.94644675723114,51.78646212685286,64.44074361329989
111.47032966156142,67.82329087491814,53.951756005297085,64.85941977960212
114.50011604569579,67.5219138096335,55.36846261833574,65.4621739101714
123.64107374538446,67.50915023099442,54.19720434608762,65.48770106744956
126.96626008024914,69.58820677249841,55.07764710348053,65.09499569800272
130.69865740657514,71.04213459828097,53.28536674331257,65.96881624142698
133.4317354109636,69.60765103195286,53.445294646285795,65.08706076624978
133.0364743956059,68.58155367143809,54.23581667700118,63.410457274031835
136.9933327952164,68.746611660859,53.72725291253911,63.080341295190024
140.3329371618489,70.30442395455717,54.40010344819176,61.802731525023134
145.287063692865,70.86140119345728,53.6370372008797,60.68877704722287
148.10687059586294,72.93370900768753,53.396073699431405,60.14326162179411
153.0855901796942,74.88445488693411,52.37479236326736,59.81623299590034
154.7339130569477,78.07794775042025,50.84396253185548,60.49251096130834
159.18862760425537,80.27240784746175,48.94126761564062,61.358641401025736
160.3942383977981,82.90911761770204,48.26429846261117,61.28797916271305
162.32951663691279,85.66931882996401,47.83810648537471,60.93412348967843
161.72957019615038,89.1443427625558,47.32815750183654,60.8234430847467
162.95540924412435,93.57464720792836,46.576336108532374,60.46211770722037
164.83525831750472,94.58325845201418,46.180828396819734,60.12699043657277
165.66287638112138,98.93446722654019,46.19612579093309,59.77724049425422
168.09016279442233,106.59351565918621,46.337879576612906,57.78268126171349
167.27916761992205,114.29867341054417,46.32265430151703,55.47009075176893
167.08154495661427,117.88366303655751,46.71789962813259,53.10436066841615
166.96467994700959,125.7105617103779,46.95162964734197,51.59135947110496
164.81099719726845,125.12295697080638,46.60471111819716,51.21514094070565
165.4764014607471,132.77496542399632,46.81394489093106,49.771504731546486
163.21583310350692,138.41839853221904,46.77252435510889,49.13060543247359
163.3892933042501,145.1782849501173,47.9357753222154,47.692203545420156
164.73823144831286,150.99820817048868,48.249801437809886,46.594015517697514
180.5837851944584,172.59324669826168,46.429624195048156,48.21033383644553
182.79963835725687,173.55371091253417,44.97857203619023,49.270059574639625
184.0252870772926,177.06325437910385,44.01112030540108,49.670201187911715
186.58338941571284,178.2532390965365,43.31878555819786,50.239478372804655
186.63331234860843,175.42072281552748,43.21893969240671,50.015109370307
167.44386493420276,160.21323591472287,44.91590389649872,48.149984222163226
181.9819473971976,171.49316595343464,43.682021459550135,49.03625676709004
181.49145300007538,172.10970113506784,43.20348866242119,49.26270799519701
180.75413809125968,174.15447249087146,43.22273971640581,49.5393015745302
181.59573097333504,175.01526722171548,42.99952655864758,49.277684719234664
180.66750027472443,175.89792405400175,43.40364459607657,48.964714414454356
179.74015596450067,174.51327558652685,43.80437260624667,48.82609012884928
158.62877688820384,139.3547220001777,43.7389989363497,49.14904807811485
155.1335608084941,138.04383408428006,43.418513640041226,48.84645692761891
156.68237848046914,132.98223361932716,43.22560416154184,48.80311732844717
155.45280307029324,129.0804550473005,42.78754371308013,47.91504066605995
156.75581678907946,125.54390600193484,43.0371491699863,46.421240073355385
157.84577693481995,122.8998220417214,43.67431189769565,44.66670044580643
159.15582876306684,114.10599770875423,43.83655844023104,44.16907281805132
156.011242402981,115.9327026983721,43.19616626162458,44.67340177808248
155.65554970447124,111.45323480911107,42.523827821910885,45.329994536205184
154.06970699682773,111.28529485515702,41.54546831304102,47.04922275216556
153.81327233354347,103.25513476278323,40.663818865756426,49.1643551983821
153.24982306027346,94.9678095454592,40.37768487897584,51.60868029982446
150.23668973165326,94.03537218469386,40.620342065020296,53.47355502135513
150.0268689412115,91.16537101887599,41.0399836459038,54.778557093626645
148.57489890431884,87.27148088285927,40.933782240278724,56.54605440683932
146.12939508482413,87.22499707758946,41.234233427311246,58.16920750136456
144.86901190822928,85.81984339973947,42.195281021584336,59.41979609814794
142.27025314245884,82.73295627160921,42.609359552168556,60.81013135345176
139.04731282774725,82.01805666060305,42.56589724449309,62.239930575464086
136.44221540141174,81.5123158951266,42.84649407536324,63.25141210641697
133.74784897740628,83.49568693949685,43.24595627927108,64.27394066177959
128.8124141155526,85.66559748042494,44.691267026870676,64.98945496558805
119.23238395471321,92.14585003642651,50.09256840569587,62.348019060725036
114.61664601300603,92.82955484070632,54.01978489055962,60.98060945216544
113.87982630501398,89.43496700439536,55.49342430654373,62.33918436565109
107.99566572832947,90.0912502549184,56.132654140389164,62.88146641785891
105.09128087432498,91.23475532197425,56.3209699733237,62.46794090877205
100.55847256722893,94.80703733255166,56.03626034303999,62.80363788319788
100.60867403783924,98.07377370336565,55.93585740181938,63.75310795344832
99.33563009246515,97.46530092299606,56.598085020473704,63.08619324209363
98.23633659850893,97.60245831837017,56.91257271733288,62.81187845134543
96.6398687497902,97.3980618979164,56.33580415224512,63.220671292252945
93.89443379730321,95.73710885182228,56.180678519880374,62.7785803595487
94.14584506781296,97.19586345765073,55.677855978860855,63.606378461458654
93.57550567259963,94.57715923651864,54.9410805546828,65.08887847451342
91.99489039006397,93.5129243253744,54.32521917305347,65.32880232345155
91.36826491681737,93.39585420353202,53.69614781892642,65.5629425671363
91.37005745511411,94.38425333672815,53.692562742332946,65.46191436793887
92.0146838361724,94.5395847677392,54.27746864650628,65.15125150591679
93.0210912072873,91.65044884875434,54.14347124326883,65.29307132690938
91.85309452446569,91.90096704610436,54.60062417718975,64.79203493220936
90.37912456258536,94.36797530548573,53.79159192392922,65.4934766789784
91.48669117440672,93.86697369312593,53.452702599324255,66.495479903698
90.51983278825418,88.97607535572975,53.50026547198122,66.84650708024981
89.48131327187939,89.8404151668085,53.68499551515227,67.01013644767083
87.99196472364441,90.67771854235109,54.765880025539765,67.2333422826681
88.48338959890106,85.01183340055715,55.70176818611189,67.05268509974357
88.55712073247479,89.91150763254007,55.55430591896442,68.83977911000527
87.79461308629459,87.8182560777424,57.07932121132482,69.11394852295594
86.49580953887909,89.02946583497749,57.69189326116235,70.66159909847268
84.69098586303095,87.56770657336705,59.282807237673495,69.5476508713233
84.68889017917763,114.46152006243916,59.28699860538011,70.4948420010501
83.59948747141951,89.47222307978944,59.423901709936366,71.46778050330921
82.35594773082819,90.43785434494355,59.851877521555984,71.595621642564
81.36703818795144,87.45416382612859,59.76172364823437,71.35908380296854
79.31632447612368,86.42226132820376,59.737402271008534,71.36001439837753
79.02236533912966,86.67325140905962,58.26282367716056,72.92053110450182
78.99438496338512,82.84627948581483,58.31878442864965,72.32386245796562
81.10430529245775,83.56313016160757,58.207757671440916,70.89016110638012
78.24733749065206,83.20118059886317,57.829941134487385,69.58347618501396
77.26357156744271,82.33996714225341,57.79309792141058,67.29715297924245
76.15462989975967,81.6453910968667,58.04247800608367,64.74929856862997
76.03788079745047,81.05902170509597,58.27597621070207,62.05602230748606
75.9079437507969,81.28530099088997,58.53585030400921,59.708705396446234
76.79775011718192,81.38773222712507,58.61833365806588,57.641746837149306
77.73312820014701,81.51379662765582,58.57842875311651,55.55876677510701
78.01418694156371,81.1611676268306,58.0163112702831,54.466745896295656
80.28716557828628,79.28098482506172,57.01268643265256,54.684779064018805
81.58520473583393,77.4772771044239,56.17552781502126,54.77435511036647
84.02545468632204,74.64766254652241,54.789442748633384,56.93916939158112
87.06108793525905,70.41774986839056,53.99644909000865,58.36129762884574
90.35020012515939,69.49709851564339,54.49454276609234,60.202600334340076
94.44862603582848,66.0083656647441,55.3261656657873,61.762981203518756
95.99106622189393,64.62922068778688,55.92773904551193,62.678044281505436
98.52538941302312,62.65585209592414,56.46024622615798,62.890679089961296
97.6069861475504,60.406616589102946,56.41819276019224,63.631430109781334
98.49082487055622,60.391432230210015,56.54020719292812,65.5514907063147
100.3891867423968,56.31107313353673,56.586271859661935,66.02663207883133
99.7828137623318,54.529375815383254,55.86953727167614,65.73106561890667
100.94612460326778,53.32260646900588,55.4563107609046,66.23120914056098
101.13510260246525,51.375893408932114,55.07835476250967,66.29571549279461
103.12985829179374,48.871258578727776,54.90756504680384,65.57690265877659
104.0489888989265,47.22977815154211,54.964836252812134,65.06879867260028
103.18391296092307,45.81837704175533,54.80636964390027,64.11436392233647
105.26841003091408,46.666503285984874,54.380041044437455,64.289444204137
107.08137799754016,45.743782692193456,54.48846748929617,64.2677042026644
107.10092755834145,44.766640969912764,54.449368367693566,64.35339760920861
110.0908134594205,44.64060351878165,54.07744764674784,64.60547251147084
109.22075008257389,44.32603513585038,53.95039134864277,65.23460927733338
111.2298790058703,43.44865626560809,53.68178325269995,65.11454214249295
110.77286125572932,42.51768790027765,52.72717761912738,65.10783773929933
113.63205080363,41.77046216461586,52.56811987771471,64.74918209249337
113.81260271958054,41.839203970621185,52.207016045813624,64.61169848048272
118.16479876733263,41.19450789178559,52.68797399854992,64.0640206285058
116.5330565932205,41.01563270073276,52.27859676173354,64.42177101061147
118.14525140522377,40.93793703407495,52.72483129740475,64.57716234392709
118.89850139777981,40.79655804609331,53.06324786853335,64.85992031989036
118.9637183518702,41.437416420358325,52.93281396035256,65.4329368459746
121.02379964810088,42.4782271079828,52.53550569134089,65.21274263245047
120.26961557916869,44.18543920418092,52.192259428754994,65.5015472409548
123.10240239277798,46.28329018511436,52.07812781441447,65.00680662100662
123.97133315831837,47.078481779786756,52.18131113272573,65.25746828105389
124.28003444648866,47.96454272898408,53.41046987093421,65.33190769720825
125.6408841973134,49.878079858000085,54.42397266468477,65.24003573457627
127.35475553176624,50.43855205214268,54.76132423472661,66.00163846576484
124.28571274367104,50.16350228235039,55.20025480584968,66.55173800534942
123.6959911702442,49.17864030611823,56.37969795270337,66.6061922387422
122.23458064778417,48.42805997441023,55.43229693991722,66.1722418733051
119.8354166513177,48.648613473845884,54.49113294154797,65.73113487443379
117.51866393798136,49.6934757891955,53.451055490958666,65.53260453615522
115.98214533989612,52.327229650831775,52.781408697154944,65.87912279784392
114.86816570663419,51.173953886056694,53.14354625577859,66.31985261949384
114.70093590812448,51.181084734734235,53.47800585279798,66.30559092213876
113.56540988863539,50.686597316212875,53.865408115399106,65.41091598280441
111.8219215485611,51.97570995656503,53.60005261036273,64.7088567946926
109.01388130442447,54.805734447125786,53.632899116917606,64.63204179528941
106.89954907096009,53.70161035648143,54.140713164144415,64.97986476672715
104.65281791179298,57.406012762161225,54.88623129177725,65.0669483367704
101.75100085476933,57.01097179419534,55.02789108175254,65.85703027270216
98.60154995456506,57.94165026525455,55.6214260387009,65.89746227840382
95.44672169495645,60.917699481807645,56.19516675607449,65.68127964714125
92.51234357318546,61.17298956415097,56.31034258163046,65.17069948245461
90.33393762331622,63.236648451623665,56.8435250271254,64.86701116175277
88.36259600246171,63.22455929469638,56.95488852093125,64.89118947560735
86.3986411208665,65.14631567012606,57.04716220061525,64.88331280825443
85.32932913679791,66.24565036668542,57.26661281987026,64.60381676401785
84.33886710204229,67.20946746072036,57.32918728208091,64.5945321832486
82.36323933776006,70.13710655065756,57.442030515246145,64.49687244647305
81.40249444208735,71.02655952681289,57.44402625830415,64.6374605424498
80.28449658573979,73.82824061934078,57.75831342359736,64.79922399959977
79.27986371034254,74.00657742805612,57.83833563749338,64.4425503821691
79.11555356856886,75.01030586352596,58.16695592104075,64.36007449345288
80.01466972596575,77.82382571821822,58.2976668398165,64.51986448477702
80.85989048976248,80.60833165872836,58.54073903315112,64.75139376654094
80.643638850059,81.71089657550765,58.97324231255806,64.48725637476554
80.52846061353762,82.63793197250422,59.20359878560082,64.57696056294341
83.41557305762554,82.72811065460931,59.27589665886336,64.39660319873323
83.33273475180141,83.79127848760342,59.44157327051161,64.2174485393398
85.20252090220131,83.93182237476427,59.59604705888214,63.93636076501811
86.27595558944223,84.74647674314508,59.394269719462606,64.25214406331881
87.394025509065,84.94235131132307,59.10494175729488,63.86039492696284
89.62416020099177,85.5495581993452,58.51687224773596,64.58208108806588
90.86692767682393,85.32966074479094,57.96931513546268,65.02187599717439
91.31251674697795,84.75820517209493,57.07813699515464,66.16478714256641
92.5636888916333,84.35322606115892,56.51530689943951,66.97474536443843
91.9003193384251,83.45397693398664,55.899065453848685,66.83026306677577
93.82386770280695,83.94198578393726,55.91362435591332,65.85424536687455
93.77656206832239,85.21047564997919,56.008235624882445,65.23327175417407
96.79328656320752,84.3855770717006,55.69858519446112,64.97513605761495
96.165549779394,83.12356541033105,55.055089490134,65.6001901083999
98.02858467922408,83.32334566242253,55.12555579091395,65.20062960421694
97.97515949987782,82.06203055199032,55.232406149606476,65.83002062495466
97.20977192307188,79.73365580067389,54.858513447007354,66.67743441516546
99.11355506014931,77.02310714398116,54.87432337939545,66.36346741873649
98.1849441578756,75.30035361886357,54.82443309415531,65.99475028939659
97.13099717931979,73.78807554921806,55.03169680530539,65.21804593676454
99.907236962746,71.98716371654093,55.15520938128394,65.03587484023146
99.00194157289118,69.49312213133021,55.07462681274864,64.35043796591812
101.029377140649,68.05958473587854,54.7783375235804,63.45893091047404
103.84186322948747,67.22589500829056,54.73561317191905,63.26556109031145
104.72770471438685,67.29680732593343,54.821002226647764,63.123736455025735
107.37522753910937,69.97667001802179,55.09469627996328,63.33275077360956
109.17797660987966,69.03137659677787,55.21693966267553,63.35946685397094
110.85316886299108,72.9798649492554,55.599043139836965,62.92746611578439
113.29536267058118,71.91301555147308,56.31165662938653,63.19549787643914
113.44259753442086,73.60333285598875,56.017186901707184,63.577306697836725
115.27058696349228,74.1309167525009,56.12608174166824,64.40457575386438
115.41858032067218,73.18941423131352,55.83009502730843,64.39057982291406
116.3976420414163,74.05060913847551,55.764010255050394,64.5602286778203
117.38903046692145,72.98672671637325,55.67483705601799,64.79438987004691
116.24827056246247,73.01657753816447,56.060563133873,64.73468822646447
118.39911580955294,74.05727280247068,55.56099442769671,64.55435859185437
118.45674205546379,73.06626179851617,55.44574193587499,64.64612620929715
119.5720743268382,74.43310099121868,55.104899900540566,63.80227033130656
122.74400478157783,76.52172166715421,54.374942456104264,63.3676312894641
124.59477797988883,77.58934423264978,52.52625730977886,64.93810865906617
129.78681228464214,81.41239887875282,53.22568297454768,64.68099554971033
134.17802925789073,83.25492354557096,53.71627876494991,64.70515811083384
139.92064890532322,84.8373859239846,53.4084162742531,65.26602562206261
145.7875634200148,89.48046459397915,52.87391815102702,65.31264403720438
150.69057144289422,90.60991864420687,52.36103652615728,64.91236282092677
154.89612426632738,97.17446488025512,53.170825671987906,64.69252305860599
160.8822517497423,98.74097454252231,54.17585163677664,63.41340101001707
166.27856055407398,97.4057706382239,54.48545520668184,62.383068425757735
170.6588840108019,101.96856526814753,54.92179983242531,60.615072397269905
173.9629034848987,102.92427097892813,55.58946474032087,58.70366097570869
178.87198794971263,103.67157188630566,56.5696440140487,57.209059160953636
187.22861311726527,104.00855977412382,55.98244542695265,56.53508338531732
188.712542738852,104.32782114564891,56.558434672648815,55.89656064226713
187.48394566104488,106.81860647249383,59.01562882826301,54.45686426783975
191.73117477022961,106.10757297324619,59.454209759855004,54.09232343634274
188.88822855197307,107.15385685916822,59.77719452910486,53.787391553586446
192.28982968697386,104.12924345446106,60.125178952437324,54.47322834300025
189.3472930632067,103.20228393516715,60.59780064161576,54.52299686213608
186.22753992200836,105.33663918593328,61.400422495691274,53.87887597948465
186.76380197629808,106.28144152488078,62.1423541039519,53.80372701842972
189.79282982113085,105.07574094385387,61.558523353657456,54.39038653402651
189.01148576339375,106.13688853302352,61.29611692553439,54.09318589928449
186.9116481336642,105.06771334920512,60.04698498749569,54.41526720108867
184.6139314669415,104.1948690599224,59.23638946396322,54.35894616066153
186.37163353616754,104.61599138525341,57.509475951616515,55.30519213610488
188.1976884067066,104.33501794105923,55.63389037237179,55.86713902449324
189.169414872795,103.19060085128751,53.69043744019502,56.40005244174797
191.7455791515967,101.95948308046134,52.00526331493654,57.12871076722783
190.6927715363395,101.73872532697425,50.67453511202263,57.57022627420202
190.12464229377605,103.52683397460713,50.10701664391964,57.40156288539609
192.35548687446507,103.56715678998395,49.02947532794335,57.32091725464244
193.56018304081297,103.6964260819003,48.29361934486435,57.06237867080976
195.47933602708446,103.90533179654477,47.77073796182229,56.644567241520804
193.12007554940757,104.78648798660906,47.560708028587136,56.52510515758852
195.7755719721765,104.76429728208656,47.162593655338014,56.56948656663352
195.76106270144945,104.93367947256002,47.191612196792114,56.2307221856866
197.59839884893395,105.93675452307106,46.77122446675213,55.851714367129
196.87499777567172,106.05638484695152,46.60349976507425,55.612453719368084
196.9493557894268,105.4179027800495,46.45478373756413,55.28128158437811
200.95795259414615,107.07359771058569,46.44076321588056,55.17116095840781
196.38875325636567,103.98621668369734,45.986898824078814,54.95108096727601
197.34501454544298,104.77548735026474,45.66238283478912,54.96054622300615
198.13007615941274,104.10205320763635,45.675180408528014,54.7244937065845
195.20744620247496,105.608396553471,45.202477034570364,54.8707886588318
196.03622982393574,104.79787862972007,45.119026921290896,54.91770737669149
196.1648753156432,104.71423421632004,44.861735937876006,55.08499620349155
197.0221972993773,103.89381454955497,44.718996428872714,55.153931078556745
197.14850009295915,105.47299179465524,44.46639084170905,55.136885293623855
197.99525666606235,106.2207033718212,44.33918135367009,55.20776579745937
200.9884491355682,106.3312707165433,44.61411967799501,54.98663110801519
197.1016209551018,105.5070698845461,44.555836369019126,55.06864483802788
197.13815425694725,107.22569526264869,44.48276976532823,54.76480242530909
197.79006668740465,106.6047133299953,44.7398005049333,54.44591069009593
197.71608812454213,106.69337071687468,44.887757630658356,54.26859591633719
196.1082098654909,106.70745797187055,44.98397539748536,54.24042140634545
195.39720112770954,106.61539199112838,44.84510470600205,54.42455336782978
191.4988516601434,106.45981923213188,44.834398953807195,54.7356988858228
196.9987149111255,106.40779225930115,44.79732812701278,54.83975283148425
197.12761485893566,106.40176157540223,44.539528231392495,54.85181419928207
196.35391623500288,107.25916282592368,44.52381509759139,54.700122079905796
197.14581740244884,105.80809991026308,44.50053862613123,54.48119618436346
196.36163419637896,106.63043786063649,44.512119890132894,54.393305431754726
197.2167143389443,107.3980059858615,44.35758086925865,54.41379044556115
197.2569070532568,108.20896822998195,44.27719544063363,54.34530385786335
197.35209608308958,108.20309733020481,44.0868173809681,54.357045657417615
196.5914408563388,105.86223551104796,44.05994136721381,54.39420989396373
196.66541789934953,105.82048216861853,43.91198728119235,54.4777165788226
196.73849129427913,105.85786807924853,43.765840491333186,54.40294475756258
196.8268912979751,105.14410478287522,43.58904048394122,54.28677676610619
194.63923873834256,105.14726088323434,43.347201443753804,54.28046456538793
196.32861354890673,105.91191944654969,43.03851464665108,54.28617885077005
