282.5,104.5,67,84
289.5444546041805,104.45293799883295,66.15618418709886,83.0941240023341
298.34779132644536,109.44503806490181,64.97579180932735,82.49637019405829
306.0784493344453,109.69050076270415,63.42424634325612,82.00544479845358
311.0577732892649,114.6584632087781,62.60781124735952,81.21173272004835
316.9220271309516,114.18808217512463,62.17996597294908,79.8923623055627
319.50846816967726,112.47016282594399,61.47310059871262,78.8621843007091
318.2800784097879,110.37901689749677,61.72412124251798,78.63295840565668
314.7374733105175,107.01511096918108,62.190328826131235,78.7417676473604
303.35702384685084,101.9833682785065,62.79549451774522,79.94295973442185
292.73793235206153,96.8474575509781,63.839558787062536,81.239617313807
279.9769805444655,92.12755961222207,64.27486554741948,81.5570143350154
266.22326986711647,89.19112878704925,64.27192839841777,82.84481623474441
254.09916651087585,83.5176951021075,63.08616755005804,82.6307892587911
242.82083141967985,82.80522709822235,62.74694731931923,81.76613622524832
231.6555932526425,81.54739961413921,62.36878466288482,82.0109272943637
221.9963500757727,78.20555182652794,63.53983193911365,79.62090333083084
212.67676919082962,80.26995387421894,64.1714647611971,77.74304035392419
210.56172607101607,83.78168507869785,63.936915486784514,77.41653121602593
221.1278864239719,86.85580654333187,62.81615522340719,77.93880843426933
232.52502708989056,99.62512372091196,62.15600310345664,78.9611291333733
244.6690007781386,103.62747934775219,62.27017032442434,79.82991409695242
259.15241648584714,107.5756748877334,62.33911244641367,80.86760718234578
271.46195410642576,109.9778925618347,62.47553664278945,80.56417173187651
278.8911466044149,109.85866658446132,63.353756683381995,78.55453725282743
290.5644882088808,112.4925034979182,64.55432964253094,75.51843216846645
296.8607843300221,111.50483862080904,65.18681879099408,75.28958169089383
303.5200291685145,109.37216665126087,65.1331054882576,75.13333350524074
304.616300715424,112.2785163353818,65.14807878003487,75.94318329378787
303.0352839022031,111.58087307600141,66.08982924800506,77.33846981254864
300.0914168249517,114.31715306910695,65.20663511439301,78.63683811445236
296.47881025121916,112.7355379679302,65.64350278751873,79.53728649202603
286.95599600971275,113.1716367621134,66.41958924089548,80.94878165736411
280.3550223783427,110.0984926801435,68.03183523838239,82.45918931520272
268.88001501293536,106.95938495767791,69.67693176958866,84.00297849355424
257.2369358123092,98.54841030549596,68.78783266294107,86.3197732931781
245.28237732248772,93.01505540409003,68.30959505470423,87.63154126083802
233.37056583096205,81.44526936811013,70.07378051465594,88.71167580969825
235.64024866858819,74.25078454281292,73.0231594505301,88.1231562380398
251.19772231583946,71.6410192563461,74.86256787496707,88.27278593113661
272.42548844099286,76.78233334377734,76.04416174697239,88.25771684387698
298.1079190774522,75.52528946961552,76.39216690423265,88.18616127069168
323.63191065494107,76.95928214559623,74.55647175330455,87.90829633999601
340.7626740482424,77.16688046069243,73.52735651140132,87.49309970980362
349.43636700500315,77.56028705498923,71.380188622468,86.70628652121
352.5289624257907,84.03212899568018,70.16824620421932,86.19572369814419
346.95931097591296,89.53073574628282,69.01160574671408,85.03526488274755
334.162443152356,92.17007119986711,67.95617220454494,84.60189746453952
314.0862418879791,101.18485045966574,67.32708142920178,83.36471854074689
291.90510658368976,108.42243671181664,66.66435052238641,83.10796756762218
266.57913303558684,109.98889907592311,65.50491935772492,82.33010548763048
242.06480472766063,108.00820450534655,65.72247556402858,81.64281839930275
223.11160240990523,108.30276285040777,64.23435286201877,81.05370170918033
206.37960326638859,112.04007333562677,63.43587963107535,82.71573981020282
195.7706841538162,107.58010419127645,63.98442335802882,82.44932498859626
187.69776273896923,120.14084903356581,66.32153437054514,80.34238833264699
183.81213878961222,98.9966673945675,67.17169816148535,78.79721892807638
186.66388581702762,82.97576115444842,68.35890333056972,76.38553528873871
196.01863760665572,73.26321933510737,70.15647227842956,75.30354640030478
211.43325189798003,68.2343931081963,71.39214939969884,76.19979722443605
233.56862436754562,58.21419192939247,71.27691669484645,79.97237928520417
257.7803552525332,52.531569443702075,72.85223728779246,81.8140466636476
281.2251147890514,50.41847736698161,74.65606032461781,83.60556371159545
301.938357000613,54.239507529762335,75.58189032614463,85.92875383889282
307.60429589292954,54.49939067983702,76.9608602938292,87.95115708920699
301.9806708183113,56.909569560267656,77.8257206403531,90.91759168038018
297.54199020347767,63.62909988494927,78.73695752285008,93.41077972535757
303.66327699160377,70.50631897045764,80.03700734427653,95.90748963155517
316.5106619960937,75.24618624859286,82.02183779898694,97.49959526076078
334.9527815951178,72.16393405852283,84.68033408201903,98.01513742931795
352.87014161718855,69.35963926168922,86.22292104293871,97.87337209912957
370.18115550000465,66.0278507128914,86.37332320506347,98.74154420876577
381.33293819668756,54.723204738306606,87.37829861840802,100.95586295206374
382.2112574504859,49.19901034394638,88.58562492930344,103.11235728530805
369.57624989031007,43.17907477215776,89.72205521143204,103.08543600977373
354.86632044992444,42.587414188289365,91.8312822285141,104.26875717751052
327.5933838783796,44.18269581627131,93.90433692094703,104.16483030099702
301.6425919456052,50.90719390643818,95.91547264173045,106.30659916590247
275.3120972062497,50.73794828950547,97.63968917275731,106.6450903997679
259.96113846658795,58.891121692421905,99.39489235509822,106.42025153670312
241.11759032978594,62.100275666227176,98.19345332545068,106.48336613963451
225.01463237882297,65.99324238758405,98.17340939464874,105.14262466346635
212.03679180528738,70.05812810876435,98.5182343853066,103.41556726020906
197.95930140982568,70.48652275863438,98.05478064741672,102.558777960469
184.652970101726,69.25885258263762,96.23581705614603,101.85504873385476
171.43898815929182,66.8122796937362,94.59073436412682,100.50973971679365
158.09544309842218,66.30045050231986,93.62897036990815,98.46130319785323
147.50964350849216,70.30097304533497,93.62693897569821,96.50986684727158
129.07380564797973,60.57433483707196,94.56828240018005,95.00378275748082
115.07378996972272,57.93494243162583,95.69984980561684,94.31179780146704
108.94111293882926,59.59882132422733,95.99604606441659,93.97632946701083
109.50611105974615,63.943538719310695,94.86604982258282,94.26184072731974
114.18714498573408,70.12737960446745,94.43914650283585,93.80771166664472
124.03758017837117,68.3181583959931,92.52535581052841,94.46164080143231
137.1320808411605,72.35818791286269,92.83809326357893,92.27085705183293
148.62097164841367,81.87735197930307,93.18109691394417,90.72311786760585
165.7435456188693,82.47138819680181,93.68872532743235,89.53504543260837
179.47387468290148,94.41863813012986,95.08035064818823,88.72237232500852
179.86297974958703,89.34017864336073,94.30214051481717,87.30289888524277
181.07408434914154,97.29255396761707,91.87993131570813,88.55449310654238
179.489840947223,99.71445830135991,89.36568542007612,89.3934171385258
181.59992147864304,106.99707096772613,87.96062832606806,88.9037116499535
176.41279987138708,120.14147063692849,87.19385035119836,90.46746528500277
185.04037311803353,104.97472329394594,83.92719011453417,92.82398745771053
193.36093052413685,103.70359816192995,81.19908246766116,92.58363628867576
203.08082584609556,101.66425501282104,78.1708951068947,91.19178815917658
220.678394404889,97.74461863795025,74.95764840233413,91.03558830566159
240.5005351588311,97.21604094783318,71.86735824612171,89.48174430363346
267.1783766417457,99.61401687430522,69.25452700479586,87.22293503691455
286.6019574902292,99.58161906649023,67.30957010640829,84.82758366597253
309.68210541582994,98.67356472526247,66.59512079834238,81.859919028098
326.3605119194645,96.60249598723938,65.92526765661218,78.99770796152868
342.4697355397961,95.38146084349282,65.62582927059714,76.87991984121493
358.30475638120896,93.9942194854555,65.34987478094455,75.16953295826485
366.74498615459675,93.29338191670493,63.950285122374865,74.35965525459376
367.3197900696173,95.58831146432085,62.800677292333845,74.1229293244622
365.1434139551401,94.85284638947697,62.844562543968024,73.43942598548986
363.44746581985896,101.47243410685748,61.94729369313862,73.06774591490384
363.7860498368444,104.5140209111951,61.270125659167626,73.35782425822116
362.84353720481494,103.18729413024339,61.03716323338391,73.89329013028188
366.81221397255814,100.78685393118981,61.58971523954244,74.44921775756657
370.78950585758963,93.09824628416854,62.194936193455334,74.8467747846514
370.91281810355696,84.92779105973639,64.10414838176712,76.09682847179069
360.8943213540617,79.15441046858086,66.49418910988416,78.82011326866495
346.94663250281735,72.23160099050196,69.23965980706143,81.23395631331762
332.2873671831664,70.53911117865758,72.51260524796366,84.61893593700637
312.52316047508737,68.35364611403051,74.95088360044211,86.51719039534852
285.22952348545635,70.40736471762361,78.71470062849549,87.49209888328322
260.65314213296284,70.50435977829181,80.77015223253669,87.29810876194678
240.7773041323175,70.78673237206252,80.82815172744355,89.37960867483095
225.81410565463406,72.96341110539234,81.27904440850155,90.38543380350022
213.8700184444366,78.08187372346882,80.84538021269836,88.25578810607995
200.0677613810746,81.88774678345086,79.16381121318759,88.63115556599806
180.5808482828574,85.81064401193805,81.15819558584742,86.06813851242002
163.07182801619228,87.49302917033236,81.94461298853102,85.33656997491192
150.96664369164446,87.1336810937101,82.44705614608382,86.05526612815646
135.6515538331317,85.89047301269125,81.23610251148372,85.888254510892
122.90112423153421,87.58880785341088,80.42071465913799,87.75483424056084
111.21547549931843,92.17880855043136,79.96177468997402,89.16604948367345
107.67459827726441,89.72777128255271,79.05619693584025,88.74323588726953
105.51789133513438,88.18291784515324,78.08679147136165,89.19153308769917
112.33177829401228,88.08852191735419,77.62328140233642,89.38032494329727
122.65893407679098,87.1457731446143,77.99575564910616,88.63747426223617
141.3013365429687,84.5749290463118,77.43025137813079,88.53354807864403
159.58799607880417,80.77029935290409,77.42689880703952,88.30638607247808
183.34447464685115,84.29913699672902,76.86814311838035,86.46584427898765
203.9974585436208,82.75709640846988,76.69942902491577,86.97884709925125
224.73371519311132,79.11733192677849,76.44834803445461,89.10569702406907
245.4969208724935,78.02200298717987,76.60585149764498,91.29635490326629
264.75839411009844,69.92560454830041,77.70687250696874,91.63956478721173
285.6773481015796,62.60622149462071,78.50281410695268,92.95525289990042
305.6931350533072,54.12562949678109,78.93715885858231,93.73006943354571
321.54441499541764,50.48657504125952,79.83467516686491,92.85815929646294
327.9545501542741,45.10337829312265,80.60259551154198,92.7540002628247
327.4859270901277,43.5993749074323,81.53984163983478,93.03365909410196
323.1682816911757,47.219190557758566,81.93203565918957,94.03712457199862
311.8382115789946,46.5605927887983,82.43595045631835,95.35432010991914
299.8029235421676,49.08853713137806,84.12253918335867,95.89442826141305
291.41053084766367,51.027950260497676,86.74033902139948,97.68239622356069
275.9626130183624,58.27503102681158,88.60600673510334,97.70331866338215
262.2245420222274,64.97487297457086,89.68397370206362,98.96928755970234
256.26110190424686,65.10337176587109,86.76076528096337,101.68230770851416
236.96982514327885,75.05071783475418,83.82938933023092,102.54458030708219
221.4696005704645,75.46072557220943,82.58530374658943,101.7245648321717
206.10145339105662,69.03951414603944,84.33557188441482,97.17537195191748
186.35825672197035,70.95663340769727,86.68549477327014,93.34113342860182
167.3669681373417,74.80941507720001,87.81852417256302,91.30473128497543
155.21913456236558,74.50175086583026,86.72784541287635,91.92005970771496
154.45157637402627,74.29022406528445,85.44990602828474,92.34311330880658
152.53731481055559,77.16920752783952,83.67970130769983,92.18387423122276
153.27694916040747,77.64452413407946,82.20043260799606,91.23324101874285
161.89098975521875,76.55792622227726,81.35422772510005,90.6761241245595
179.50830257982375,78.16998607696048,81.32548532828693,87.45200441519304
203.32246956208007,77.85288923269796,81.53170883147666,85.42872268884574
231.58064134038727,76.58023705473681,80.22686580803678,87.97402704476805
250.35304808810716,70.33073741143625,79.75587862827668,89.88050452688928
258.2822499109371,62.170514577480816,79.91897084412736,90.17945433328958
248.39921463296656,59.64059623208532,80.94256428228834,89.88429756185771
234.7915603701748,57.73389496576792,81.26521985601585,91.00843479930691
220.84151593871252,56.28146638807382,82.04644880221588,91.20140596302265
217.01766876488483,51.87263031510141,81.51206257607633,91.83699753517261
227.6938135879541,47.73142744776857,81.98933789954599,91.93331640623524
245.77055222549922,44.73160577369861,81.4275209848947,92.457319698923
254.95354912497595,44.22541220432142,79.4833253513871,93.46970683767738
262.5612165636822,58.95775072320727,77.87520251015204,93.94089627949609
264.630635880149,77.6954053564854,76.43917045807726,94.30487914496338
262.8528571628268,87.18510936403908,74.6243273123344,94.1218731612115
259.96806157960805,95.47277703241397,72.43497219534513,93.46443039131516
267.77576361166416,93.42249232670703,69.85624960559173,92.35032721298549
274.7574792606404,90.79755013341216,68.63425018606394,89.9553524725204
286.26863515936725,88.17595857632261,68.03836381931904,87.72306044312991
292.7526769237179,83.7849098123414,67.3104496662813,86.71302247056155
281.51220411202297,77.74712309296736,68.00464216602141,86.68484417394868
270.071914247246,72.47987199180781,69.00072938186635,87.49290525906378
266.3960420687558,68.27564048700513,71.4321508002798,88.52088386081863
267.63528219830584,58.85616941295952,73.98436850239261,89.75238314466466
252.2570305385114,53.81651470013964,76.40992454043078,89.52952992246777
231.60347311966584,53.925301074168935,78.54938307952595,89.31195717440919
220.22317609000396,61.43782329152973,80.17296150169727,90.13967446755193
222.36537017781973,73.20135815546287,78.56951369967793,90.74106810219587
231.9296037508269,77.21962016769686,78.09314419574083,90.69830021004671
240.91960679673542,72.2555587410285,76.05081394612367,92.65758514228352
245.83021037558763,65.42820478612494,74.19042283950375,90.39066094992154
244.01080087712944,62.71447594767148,72.6518675739874,88.05205723317933
236.7828378502735,61.228011949119384,71.94061146158559,85.96925784157897
224.4587982487698,66.53334919737587,71.74554027089785,82.81152846317454
211.4530936468713,68.94699204085443,73.43285513536225,80.41665221015069
201.46677144009516,87.18286638234558,74.0278775395345,80.27794479475583
209.24349367259572,99.74869213546562,73.05152044522671,81.87095346812006
225.26939175325663,100.36538625888936,72.70328533662153,83.07630068686618
249.78547604225102,113.30140658708427,72.70835221936811,84.17473953388082
267.02483750705653,95.40556173178902,72.79492350910738,87.87008461221751
282.46342232054803,78.86919042827664,74.77358504170276,90.61436768732375
298.3488571805532,59.71647368732482,76.82281741588307,92.498152760099
314.7852924465307,53.667852542263326,78.57692595939821,93.94093995007732
331.13069512171995,49.12012484871364,78.45558440342874,94.89402938857445
336.567519832727,51.59649883236613,78.48931453931961,95.39497120022197
322.6318490762999,60.613910162330995,79.00967800280429,96.50583317485086
298.72012693993275,77.06489338576742,79.90311933235398,96.73092762904948
275.6446989711678,86.53950957614188,78.81980017345137,97.23106146447863
262.14115225813043,89.9813341537645,78.1402766728442,95.88473569456984
249.3696107314217,86.31241562811256,76.31348555135799,95.01161049340257
248.7958165347313,77.6648341381597,74.76706101980784,93.44868299879192
257.46575683088275,73.57776702094506,73.2970577805769,91.04289899783991
268.3555529644109,75.6362851747239,72.19151299704714,89.51011862572307
268.10555793925687,83.45294010227437,70.14867458288418,89.1337795574478
266.07948929737717,88.35757893537297,69.1929584873722,89.3402086497934
253.3808073123496,88.26665627063022,67.18338232566632,89.5220539792789
236.18513584511967,88.529795647151,67.11336661689965,88.99577522623733
207.52351401414296,89.7794142084164,68.03218817260581,88.94890428223901
193.08526553625433,93.87426386810242,72.24217680182639,85.69250662817831
188.82846255872823,99.9670199505278,75.7859738376211,83.4466123018426
196.41785897837175,92.60430846832554,75.64842609031267,83.13079017426851
220.75214729630628,83.70128091413186,74.47540165073764,83.43848394717912
243.75539676764902,81.95632441439253,73.21386410930378,84.44256575769937
266.6246981555439,76.3933948516115,72.1369268082286,85.64361033332483
281.9813747099585,75.91396264646298,71.21304309298407,86.60247474362188
299.41809903472955,83.02390930253807,71.09218424638428,87.2765484898755
310.1805876312837,89.47183462452348,69.49310993386726,86.83438714627417
307.2308929116194,89.7496999989428,68.01831723726696,86.27865639743553
293.59816383783595,97.52791900504138,66.17638483267305,85.27591366131871
272.8440512211191,103.65381617998123,64.83867989181843,84.92576658207466
250.94835592317025,109.59441263256221,63.91954110122046,84.81050246283259
237.33863131914495,112.34248060337897,63.101927418544605,83.98721033632015
227.07727977333684,110.6280010449106,62.829956165179055,82.79513070992762
226.58339246604112,108.11272344735724,61.52981690223372,83.2498581499608
222.57594909461375,98.27207459441294,60.45041754903762,84.74258366374772
232.5704118570428,92.73123323519144,60.9678957225251,84.43181988310981
248.20571607942344,87.55137807783618,61.6493947805412,85.66235662559824
271.74507080229955,79.78736051548616,63.12587623355648,85.0053281173758
294.2813478821925,70.41624300090865,64.58141464938707,85.13632611628425
304.2523024648141,62.82787901336967,65.80928754874103,86.19986604829742
300.4676262314419,59.079049823012994,66.21327617211351,86.53216058563882
293.12059148811556,60.95008556773201,66.5066654763172,87.59031582368381
291.5180732882784,67.57250495592866,67.29066292222208,86.45067181613743
298.65264759565116,72.75622576243757,67.52002462272546,85.74890374661894
311.75477715378213,72.9651051074541,67.81930136594372,85.3311450565859
321.6514300685363,69.41709539709692,67.28898068840263,85.20354504531252
328.8250340276176,57.00696572043083,67.32563672248344,86.05069781157223
328.7571450955456,46.44263641052193,67.46141458662746,85.48151721832457
328.3887661551947,43.82033827752073,68.19817246732926,83.5130124758183
327.2827241087896,46.0995445741731,68.02414927402737,83.72681445473792
329.720455591163,53.00850607800363,67.92184285842679,84.22836109451576
330.9566812723228,57.60157685109618,67.84201500673446,84.61271359083958
328.4617595297705,64.14474323118853,68.03740345282816,83.51251842818198
320.59056977828163,66.6605564554328,67.09528097245666,83.24789254636468
318.637515220836,67.70537599236879,66.27300927793245,83.5224438772004
318.8132107665223,65.29848978127445,65.92161818655994,83.62607595413422
323.3855676019571,56.12820654021291,66.18071350470458,85.50997670548223
327.9572235316749,46.12396735469413,66.57330696696283,86.4466444331322
334.28189142655816,32.49791717323769,68.35203241564895,87.24729919221527
332.0164788378269,17.164334283880905,70.43699542792585,88.56411898870067
325.71440507068405,6.926512066528133,73.0416104573313,89.04069841364588
316.88868628960773,3.3935140467642313,75.39684829083242,88.45859458884789
307.3294697060117,2.716410057995404,76.46682992427809,89.81280256638554
300.72165073443495,13.413565570983565,76.60013075242098,91.96669834742815
296.8619337055803,22.599490095166075,76.364054455205,89.5058700089138
294.4559949380163,43.265011051539496,75.95578330734283,89.93601756008779
290.6390013822869,59.52518605569262,75.75932322787013,91.34760537915137
285.81323743709135,70.48017430389007,74.89588646402127,93.0962993547965
282.5785503397013,76.89319683414541,73.44027528469073,93.47856325113682
276.4743383059872,85.08936004132482,72.5291818382072,92.82965785347209
264.1681671296607,86.51391203551648,71.14986763072392,92.57971952110238
251.67454850211539,90.05936625543157,70.40819095396998,90.6345938676411
236.63950187395434,91.87422677231544,70.10506992939948,89.53597402394774
217.47432840107172,88.4149986619115,70.7948331684307,88.9263135034088
203.37180098069726,78.70031001551853,73.88750150194767,85.75454293968596
195.36375697418478,70.88280295396274,77.34203527854687,83.80338113180147
204.51209537532986,66.5687520684476,79.34306286596389,82.28263070797816
213.89374668277446,62.4330424066542,80.94121039416494,82.9185062279061
223.38557005200252,60.51401324807763,82.60093173008606,84.1761435357621
232.46930099745092,57.33643085580744,82.81813926640241,87.90492697355775
232.73087938573974,56.837447356210504,82.29498248982475,91.59114782682667
223.5551089880998,63.14166180233636,84.22220868650098,92.66964776674473
214.29448033099558,69.6755704213431,86.03404015626194,93.52635206577077
210.86567672648562,73.56437873129136,87.2374328747791,91.40294993637706
223.02548613082445,58.109469011481025,88.23520255629968,94.18233772022188
228.34721994188354,45.57524716290129,89.08107684112981,96.27209760348472
228.06804628750055,42.543962663177865,89.63942414989577,96.49786981483507
226.18170379629166,38.70464014398387,90.48131066215088,95.38411944273484
215.48531265691395,39.41927673956421,91.3867725606857,93.95484625157417
189.6786344870095,47.16731044031859,93.38230362298714,93.05225687286173
166.5671278971689,55.38956286239686,92.62969791504638,94.22360911156343
161.37296050036642,72.90072041678664,91.24785271147964,94.51183399429888
173.1025091403968,66.8767822349554,91.19064741823104,91.9335278662038
192.65818019083977,89.1493666333599,89.56921683732243,90.64594928475327
219.13955459952092,94.386886225042,87.69085409173965,91.52299589511787
248.49545403768792,92.63378811701298,85.42113610545279,92.20708806667358
276.43179615034427,92.7271042271609,82.68735735034464,92.02045584637776
286.16617631760425,92.9368896923284,79.72053203267224,91.60088491604272
283.84323632091605,98.65872680284826,76.27735352233064,90.94262203329379
269.8981214324942,105.14884426889301,72.59735413037683,91.1166492548699
253.69461656539426,111.55676961152682,68.96771760332275,91.17102937719301
238.18520885865908,122.65002366129498,69.79690068733584,86.59514013650679
233.36543946096958,129.70572675715792,69.59918982544345,82.32098360205237
241.15336567740644,125.34912935687242,68.36541137554732,81.47279574730499
263.6502006434464,111.13951127668483,68.1623158051573,83.96064675091236
284.8518640213851,81.6911299950852,68.82228467616713,85.4396818115953
302.2217034488311,56.5542120360911,70.46954598788014,87.19759750744359
306.66694914301854,34.53695849771282,71.49685851424225,89.08143794656766
293.3938751887355,24.25509747194731,72.79302064991192,91.97016995707116
272.29687860181434,35.01710032276732,76.13253858931834,93.7588493960927
253.07345684243717,35.70560736719858,77.17344534568588,95.05368793311493
240.74376969122528,41.012282922865076,77.45558394092097,95.27466380275469
249.03398739274496,31.109325933576073,77.17439087508447,96.06479505459603
253.86363284187482,37.78231133383605,75.6874549024919,96.33941579685472
251.1266012584686,56.017418820271935,75.7531186827002,95.02379683690906
242.03184151461232,76.89798319893276,75.14682430014135,96.22452835449363
235.95901638418928,90.69132118907555,73.82420755806798,95.57438638004699
235.39719914848513,97.89762624129668,72.28565064698012,94.47273318808588
247.9891890014054,93.69856029490909,70.68436070297182,92.38966963115789
263.8962541680815,92.76292148146278,69.61905019885543,89.13614395317788
273.6038004379144,92.28249080973299,70.16679047939559,85.10629709158599
264.8950950532503,85.98979590975851,70.48730103944959,83.03720099787137
234.7079180276068,80.10629832259013,70.46944580538602,82.725754315138
204.16554469661415,79.03674023352278,71.28939678342705,80.04368683855715
178.5342167258119,81.71916619043218,72.52583013936756,79.44323707575398
162.57195175737047,103.47693471368056,73.34664127982742,78.9943875935351
172.52628895672672,125.58123023528437,75.02589897646477,77.96166074102709
192.58941712003187,127.67650450247979,75.85505680074095,76.18025421551191
195.04580759276234,127.93499558100217,75.73078684955415,75.66327205846714
200.45264436667418,126.15522237315719,74.45374669665708,74.4545017766938
205.90672684354996,125.92683913255061,72.92562889080295,74.91126825790695
202.68381714418027,118.1841941631045,72.38718545173232,76.42803252117912
193.9632896300737,114.34027869912869,73.42492530195109,74.74254049027681
174.34526030161868,93.01542479651451,72.99449546647088,73.05911409812786
163.97040365695057,89.73893404032242,70.74364088321833,72.7119252487354
159.87008864795513,78.94744398177315,69.90791245348412,73.96309885845247
140.05221462684565,68.46330346065548,68.76537680137704,76.80769825876509
