146.5,54.5,68,101
144.16677561886462,55.44355021509102,69.01774643259155,98.11289956981796
143.6907260910495,57.74192392939128,69.96984548822181,96.13814125642108
146.028648622968,58.50868935563933,70.50949248080131,94.60461040392497
148.01298875984855,59.03324443359284,71.72739459907964,93.55550024801795
149.10381726581812,56.98355540290496,72.14293695344352,92.46047957678779
150.23526028782004,58.672454513388715,72.46728925256193,91.66991969894258
155.72606714207853,57.660735657038025,71.80732282957248,91.1129455902621
156.72999139913765,58.987543160194335,69.7994743154542,91.02049686487857
162.57010034956772,60.74332705863755,68.22757525177758,90.036008777288
161.60950366534712,60.29665037822375,67.66235142553948,88.4429449434363
161.84512636103386,62.326553420090875,67.19110603416604,86.83603847949581
163.5755528630089,63.262900007190694,66.15094013509496,84.96334530529617
162.92554802254224,67.01381072817719,65.07581195990343,84.58693743169785
169.1471219718669,66.99046386046913,64.39207031261128,84.63363116711396
170.80300129726547,66.30252823108282,63.42175478133864,83.6680593063621
174.46474520641686,71.38971058508481,63.030914904629284,82.73722518714945
175.81544400406656,71.50194156216199,62.619828305449076,80.22245223687591
181.89444608199506,72.99422961066537,61.687877194249566,79.48308674880064
187.04406819338882,72.29850689654043,60.26361184083262,78.65578745970788
185.43140334819546,67.65321851255851,59.123124615684446,77.03182193883451
190.1273978808962,67.0799350281633,58.28925726457139,76.03885847905276
191.5764900189654,65.74604643104408,57.50185447829973,74.48507269355792
193.2292940698423,68.44030811190284,56.2704744502071,73.24500547916281
195.6455064123567,71.28292416636587,55.508509345591825,71.63023295065034
196.03079235677328,76.16329748305387,54.73793745675871,69.86211291491131
196.04832150420654,79.97395630561563,54.70287916189218,68.11656048679674
194.4368724572079,82.48197048692879,54.06322035426499,66.96308902579487
193.83818080090336,82.34428133313303,53.357386078167664,67.23846733338638
192.04067634663497,86.74382373863803,53.16039604098694,66.0233804138114
189.48754412392555,84.9551729165931,52.6441351686228,65.85233184604593
185.94722643405805,82.45597161121505,52.27202770746005,65.26117732612869
183.48769396545322,82.33124923827421,51.64682659815149,65.51062207201036
179.2506996269209,80.55256438727386,50.911980801961874,65.38445798470934
175.4008100511525,78.71360098761446,51.30019506852442,65.40660234154105
170.58432830316355,79.15475137426847,51.76044428058035,64.524301568233
166.3529956608142,78.44913031313399,51.08063022901101,64.10704782324837
163.2574888918281,78.26806600364955,51.83841283071008,64.46917644221725
155.40472295457224,77.25083049227965,52.91263719600916,64.67473402630549
153.71326405296696,75.85555119151098,52.59665071833128,65.61584048739859
153.63721659655445,76.54717447975861,52.7487456311563,66.09138325791623
152.66648728809798,76.98536584792787,52.82165735853954,67.08354741110742
153.37622927232027,75.94324370008519,53.28710209667128,67.28286300021647
151.5354031591096,77.9705703977782,53.177676675778415,67.01928725214466
151.2013126440421,78.94591983968262,53.8458577059134,66.95831360361555
149.23580480710672,77.88393688517132,53.97762513309214,67.18265538929215
147.0859525640558,79.97612598564433,54.466928112055484,66.8086786954846
145.3387214707203,78.08259893396037,54.14663412505517,66.78097662518127
145.52520299711173,80.15128605590381,53.77367107227231,66.44714555574714
145.00108289195416,79.01319336035286,52.93130185815745,66.83272152241904
143.474844747107,77.55047850286279,52.2180409797461,65.99241406929349
144.7957244576348,76.71658090411452,51.43470130052997,65.80178952495055
147.9288449477335,76.13380959827035,50.69678481307716,65.12455730572403
147.05030906272452,78.51307428688236,50.633439783178055,64.00686152833408
150.10319420440524,79.13727772652405,49.934525787931854,62.7584546490507
149.39414004100496,81.635406545959,49.58081648090284,63.07764991166954
147.89491453684818,85.45286270320261,49.037341049992435,62.52659047563019
148.00595017592434,89.45773103424659,48.81526977184011,61.531648833148196
152.26511084186697,89.75079198933315,48.97124661849635,60.945526922975105
150.62125301142066,91.57708066486902,48.80215618886083,60.74975566243154
153.24078889890663,89.99010307127062,48.73106473262229,60.47839063713935
156.52270123339233,86.06875101084962,49.036618835580796,61.45171598605148
158.19285052227025,83.44597154289715,49.17077122282411,61.485598474457696
163.32664556341967,80.03817597955988,49.34270151024069,61.34150935465527
165.70111171239407,78.22568188893024,49.81525734251597,61.48550544909851
165.53005104718997,76.28476523730043,50.15737867292417,61.86662380448162
170.12372858615905,73.0234669031662,49.778756673398114,63.103980625702846
173.35443629828708,72.61830043886783,50.41566843209522,63.91431355429958
172.39695474684532,76.60582522117855,50.53329941918953,64.92592456862434
176.61955529405424,78.47119544199144,51.16169996323382,64.82462478238341
178.22613769435367,78.44837431100066,51.59530578580555,64.87026704436498
181.83124352478168,81.90940618648692,51.70958426190485,63.44157089610896
182.22804876961078,81.78480265630384,50.91597377224665,63.690777956475124
181.86435249549055,80.55433956525735,49.84134083886935,64.34967865695039
186.3729072271371,79.78308524627647,49.79748886846535,64.0975357963343
187.21862185589617,80.03471929245347,49.89614423273329,63.59426770398029
185.5512647497965,78.44074017528436,49.66287244379481,63.21423993718069
184.84842199552315,76.68640959116722,49.29417107683008,63.17412735439217
184.92519268277283,76.01929787287915,49.140629702330756,62.74057166046664
183.23919789165745,76.88587144895658,48.99531647601624,62.76607591258441
181.5364707257442,77.04062424020188,48.88741351614375,62.456570330093825
180.07329524059813,80.80007272891456,48.31338377542115,61.93843477469804
178.4824462878845,80.7700123799359,48.029218932496235,61.998555472655354
176.89327212394647,80.76018442503297,47.74911516917717,62.01821138246122
176.00790435996726,79.1633626039003,47.79488661837893,61.76192686721316
174.30593263032,78.55814504106036,47.755239199273056,62.972361992893035
172.53473365219082,78.24107486384075,47.81839672437454,63.60650234733225
172.69225251457152,77.07989293829479,47.50335899961314,64.17855258112405
170.5028134188154,76.00285658529678,48.37451260223399,64.57876299267437
168.72641626200436,74.74321557800653,48.3788874320264,65.32383526534004
166.927435937476,71.99555869440472,48.405615852391044,65.46230068950555
163.11283969120458,69.08467735887632,48.88217246298414,65.91958644910004
158.64585223161268,67.76000222023606,48.80155973189108,66.7660191963252
156.79249765228153,66.0953172238515,48.87935587043297,66.46647616897388
155.0043973057845,70.83688581205416,48.833189680062276,66.03925620098049
158.5214479241312,75.3772504172369,49.01482661537038,65.9781997056169
156.68918303974297,80.11795409545726,49.067394101455285,65.52669805590499
155.95616400427457,81.03785695880528,48.73346050076767,65.48686400083338
155.64618780202917,81.65201896723619,49.35341290525844,64.25853998397156
154.61507849958477,84.07920366000819,49.63032036404444,62.97479289063316
154.47454261658407,84.51393549362061,49.911392130045854,62.10532922340832
158.73122470792558,84.74415241931831,50.205167478606015,61.64489537201291
157.05665583590516,82.806363082676,50.036078010792174,60.24313322751546
157.94708006561632,83.21337081293177,49.99004934363889,59.42911776700391
159.8736664484946,82.3016712448027,49.57994230429395,59.53098404005622
160.7883425841894,82.37817874198765,49.46708489913137,59.3779690456863
164.40281675303345,81.5785430341725,49.08740843616809,59.26492249263539
168.1956480568581,80.88377248516724,48.31955801529467,58.95001054395198
172.47595769043136,82.68587690672675,48.194986183256475,58.72022067487629
171.68687033073317,85.09984283918766,48.09149776674904,58.93727821766575
175.7437105429629,83.50831509605065,48.3944555554725,60.43700606130318
179.97191468813367,82.25237818540083,48.49432802069934,61.23762373148914
178.36418190142558,81.46141802754815,48.25950040059034,61.09439745043192
177.3161760899357,82.40824196681936,48.636371377596014,62.639030863837725
178.12494814359633,79.92921254768103,48.76772373824572,62.35040029820148
182.54980747956512,79.67882364419683,48.651106855441256,62.85117810516991
185.23785329699874,81.30768243622843,48.53214926343548,63.09821654968102
187.52843702656693,79.58874134468377,49.21362107049016,63.027672555309614
186.5157645271848,80.58696993690864,49.474736585718425,62.795444854395825
187.40742157750708,78.06414543382667,49.45634290653535,62.54633259617538
187.30958581725602,79.60944954509333,49.652014427037436,62.97733949555631
188.82827090931434,78.37265693229742,50.15581319263034,63.680340246293355
188.74786023669472,82.97624198587135,50.316634537869554,63.42081777278261
188.80673303992745,86.74591079486234,50.19888893140407,63.03414609377497
193.00523374067072,89.33575601133658,50.70354304550943,63.195448970181616
192.33142382101246,88.10057979154423,50.26017695752238,63.8748154824628
191.73013391711007,85.55185251463763,49.668555062495116,63.589664927779694
190.19919434840466,82.73647622384439,49.16998919634676,63.87975000402746
187.7207231640458,79.57650516427802,48.79731413275813,64.87007469085387
185.35600818087133,77.88315997891581,48.17006960361395,64.68564873124956
183.78271890343652,75.51864056792733,47.77166558735275,64.09721369653025
182.30022453383185,72.54450961031208,48.979635840126775,64.77442015245484
180.2612168896445,70.08022778474279,49.48349093769832,64.34174351738866
178.47063398118362,72.83220302561529,49.4872541018154,64.20389701485068
175.1192969428235,77.50993473915764,49.04329646249853,63.781723232812396
170.6784530355181,76.68438376167316,49.06009444670548,63.659847221700616
166.4483672593737,77.58370276457191,48.663311746605665,63.632600066380824
163.77574731162557,77.86255894521607,48.71503017622728,63.074887705092515
161.1809112599733,78.93908669733112,48.634193285666896,62.6786685321507
159.49172050707614,78.26295226285993,48.51364124839005,62.28147062955753
161.04594223238192,77.0676727523181,48.88806550227688,61.189161946142775
159.48588069062595,79.38677630890828,48.54660551003558,61.743329446592256
159.29740524417343,80.35270420543786,48.923556402940605,61.54521186675055
160.84080403738028,81.105791012024,49.31040793109018,61.775862810859905
165.1647176042673,80.86187453618736,49.395752672635474,62.263695762533196
165.26950606563364,79.76175795506,49.186175749902795,62.70843400898607
167.80452375154758,81.41155522863923,49.39284063588152,62.92663963369868
166.80335404593023,81.34183653081368,49.629582367849466,63.06607702934977
170.4898406278339,81.26665558968571,49.342922912394364,63.21643891160572
171.63135755833298,80.38963931062924,48.8291081187525,63.20125240236233
175.4845997593078,80.59920662763338,48.165121440674874,62.782117768354055
178.78202851606773,79.99764574114269,48.54388653020983,62.24183389057174
180.47850888011425,79.2447493040666,48.633565480143844,62.00630692571039
184.82556712617367,76.37098759369992,48.63532668233124,62.53630372985997
183.1388319230208,73.35666496835725,48.514178373302826,63.32302090754413
184.83033575759578,75.47404803074308,48.645873611291194,64.36030914347995
184.81251199013263,79.46360417875704,48.681521146217506,65.2577873359425
184.87191454047291,82.06249414590705,48.56271604553693,65.42870641401376
183.98533446528103,81.83882711065931,48.54565475753494,65.87604048450925
185.5691799402393,82.20359938385013,48.97144772865617,65.14649593812761
185.2516565784919,84.27601844388715,49.60649445215101,64.58688622809261
184.53896347943567,85.0797852820628,49.23743235650815,64.77380084549671
182.5805765343359,86.1914741202034,49.57164619188927,64.34170319662472
181.46568186111293,85.53115880559707,50.01129836066743,63.87219664816952
181.01754409049025,87.29295808428643,50.907573901912755,63.928831825026606
180.07874504349414,87.12431899722003,50.97963344908326,64.2661099991594
178.9444129766284,84.30512116513114,51.43642179780875,64.46887830831909
182.68281632834214,80.57808104267923,51.24918883008442,64.63338481751974
180.4841070643231,77.16627897262745,50.180976739445356,65.99135833894613
177.83127997940775,75.32358125986781,50.01089577514197,66.02626367504269
175.28350499657688,75.90901152013912,49.63744451424722,66.67840356335225
172.35300847826053,76.60720519754463,50.01796417358436,67.10884066763971
170.37532047516277,77.74886767988667,50.294138410461976,66.66511658761459
168.5965719554733,80.03023288078654,50.17691200657525,67.61447135071329
166.6971552600043,81.0667906400603,50.275957578175586,67.39124974183461
164.21516614869464,81.33806539566929,49.695576439587455,66.84870023061666
159.2154135468901,79.69923245898383,48.71288279595658,66.46563315490758
157.37700445222288,77.51251431430293,48.77281997259921,65.41374792523162
154.70702687872563,76.8252591048676,48.7324749780468,64.99482496358665
153.6901634785577,77.24661338238482,48.97980414536382,64.15211640855222
154.6441283420994,78.9868393416495,48.84946947260595,64.22685459867405
154.83425402701175,79.1410291514481,48.46921810278124,63.918474979076834
159.2672934867567,82.90534861905894,48.43163637418423,63.452633796569444
161.0688712538944,82.07487684958608,48.3444463667894,63.355594572074885
162.5283998236553,86.01025438781852,48.93554956855685,62.50516017818849
165.04404249977082,91.11497898492026,49.15941285633549,61.054292050667925
165.97104205832537,94.3619435697325,49.03853370272522,59.75972277153977
169.4057352279534,95.6697971083921,49.014256995530836,58.855293102236004
171.23545060961882,98.54097747989336,48.74875586481979,58.20382680816322
174.47664645806012,97.05900695752132,48.99694986500303,57.80247500437437
175.20678654175993,98.68966480033889,49.2171206462207,57.90206121597373
179.71942448800328,97.74378759910603,48.61949252243721,58.1082860646988
183.771786721613,93.99916989862999,48.91022274094743,58.88115771706714
189.85430589438107,87.82219407140241,48.614982659903276,61.06099657338632
193.26876604042417,85.85366864714908,48.68365546592047,61.54925087284127
192.03130434889542,84.35485411114493,49.42558595533393,61.08089415756152
196.4657861759756,82.48533258150724,49.24581206148368,61.34426131271287
200.75848371397916,84.14396675374635,49.355259865292574,63.24389869612422
204.98020037717177,86.23517867267002,49.76102467340001,64.37099373897252
204.7354559860798,86.54548035678,50.25051345558394,65.54405969139333
210.0487564821363,84.61274586856635,50.54124891220201,65.77041651824362
214.39735881044896,86.63194685870168,50.982795873361695,65.38751518508698
216.2269666674269,86.15991441181966,50.98176012672551,66.33158007885103
215.41146602670207,84.7022384118766,50.76926509610259,65.55993945459186
217.31879283832555,84.01606605235975,50.61111215203535,65.10403383403572
217.43699461390162,83.11690461191228,50.374708600883174,65.083647666804
215.81792559970128,80.56581154591525,49.98374787061648,64.74218566079696
212.96576175360906,85.0615537376974,50.279176174586865,62.962567128184695
213.70918081052977,84.20549297808628,50.572873997240315,62.89415271091205
211.84815877340054,87.45374693156046,50.7264248825451,61.750384587394315
210.49128307222972,85.45381321114732,49.90185597998334,62.21193172331719
211.41762781207507,87.3564844243713,49.81207523513549,61.93240676655495
209.57727265450686,84.53051471999186,49.978453818550534,64.0700144435925
208.74955553379533,85.97017846734623,49.841279868012755,64.77590333280537
206.6689809196967,85.0130521611049,50.400108567677805,64.88899568102197
204.9433784100746,82.8396892386979,50.227336614358364,65.61174455327227
205.59262169171217,80.64381858907493,50.749061099794886,66.36306375509484
203.93106130863305,84.1486332052519,50.39181595964202,66.71416633536319
201.0901687150748,85.60818454371716,50.55448659797784,67.47447335761977
199.31274702037183,86.33842785709834,50.40144416311061,67.86792964299401
198.41536114439342,87.9049661751763,50.338790825733916,66.59227809617165
197.31282263954412,86.53526105858896,50.70688639392465,65.65772544633069
195.47090224523322,84.08420536648418,50.73327055017397,66.90238019816775
194.18033708009276,86.49496407290768,51.466251039726124,65.77716246677844
196.88332845690672,85.12884766467786,51.589001749908626,64.82357297403111
198.1084366335517,85.52356902662697,50.96909009068113,64.0341302501329
199.8165784875686,87.72515393455066,51.16910676984713,63.24726082148533
202.35491882461642,90.29465901306307,51.490388949859444,63.50621351856849
204.69462249944286,90.03454029378081,50.42797548270076,64.02645095713302
203.0699515492143,90.76960479856248,50.07882001516554,64.35557063156585
207.5956987738275,91.08130291896371,50.020359346890444,63.73217439076339
207.59748625882523,87.71545894294384,50.016784376894975,63.3113746751126
212.4981096502218,84.52411157079777,49.12365110579119,64.34920131239113
211.8407783268421,84.66160284367383,48.65536575476401,64.074218766639
216.53857617834177,82.77221970997272,48.11533358277618,64.31075962163665
222.25764462188363,80.37104647193507,47.272543502945155,65.5813238286277
226.4875505060772,82.12297751055985,47.66957939411615,63.84883128328978
230.53090991643205,83.19587041909811,48.340703881356504,63.45461412780325
234.74081207980663,88.87864517542174,48.703546349827114,62.62824076941977
236.50233185793303,92.76065477404549,48.680156304487234,61.863520593998075
234.33714319182548,94.45013701464049,49.535038455718336,61.96005129379206
233.42638536123692,98.81961804993225,49.6034537268211,61.98659117358005
234.08755664257322,97.6617971096214,50.03572758991418,62.547616628436074
233.9985511964059,101.03822321543032,50.21373848224882,61.105444594177115
239.32835279142847,99.32049422013213,50.05988913277159,61.038984637917494
240.87829815313145,100.7801593643023,50.454901333672915,59.86710581173083
239.67601393247895,100.8804343296996,51.123696778394674,59.66655588093626
239.32448499412348,103.97280101322113,51.826754655105624,58.7121161169046
235.7440584883527,101.37639322826548,52.02790704077398,58.685156217410935
235.31748303679592,99.7015625446862,52.881057943887555,58.54936832945204
234.61108108334736,100.20879843575227,52.53961967658119,59.28913872152326
232.74704887376456,101.7867184894742,52.74712267260584,59.65386003722039
230.7559679024718,103.8658095501634,53.190767445554464,59.0341950854789
226.27108334780792,102.24735417908585,53.32692053159317,60.50438262297622
223.37131031598736,101.48646111093842,53.7512830404001,60.234440907659675
221.38324106400913,99.02290008645733,54.138772036902374,61.57291344916769
219.31548746433737,97.2623766405986,54.63169758858882,61.45137869322808
215.71554772154497,93.75452327362427,54.522412670575015,61.157921023578126
215.73845755511476,86.15877650185826,54.47659300343541,61.78150947026893
217.54317531876174,80.3246563613904,54.527022484764885,62.47015472533438
223.6015553262312,73.88630700141081,53.45874266463414,64.2983732504854
228.39633927721587,73.77392354566494,53.13156258000694,64.52314016197712
232.2466594966172,79.78375754977485,52.833552206331184,63.60741725144768
235.07400591240432,86.1959160986431,52.67411737451864,63.60536881982162
239.9021195294425,90.91385143910364,52.163635136274884,63.315243134733116
244.46758096363394,93.34578963458678,52.11493180607084,62.08425455903836
248.9055918230731,97.78456737708666,52.22240199035717,62.19019097720327
253.42030806469484,98.37458117456993,52.19328371317307,62.810226223448566
257.7995773288306,93.35164615956114,52.48048748286133,62.00120549591439
256.721833057426,88.1403546926963,52.83467401109519,61.61597634219236
263.42965352630404,85.5318012351756,52.02635280641524,61.42994622877258
268.2542682626251,80.2980348887057,51.30301565406754,61.186408137359194
272.22722770955943,76.6984732416373,50.43620392402564,61.30642426766914
270.8199096747196,72.93988735014278,49.73555277203542,61.79302160731852
270.0616158033328,74.28093148664112,49.498352924159576,60.864720924971344
268.4358440248156,76.93628816269779,49.2785059940495,60.76109330357484
265.9136620822541,80.61561757599327,49.13122947842647,60.3246216779785
264.1866847737555,80.00620951182324,49.14226527997674,59.821978398595064
262.5209531408281,78.64155843446972,49.04590732913611,60.837369944954446
262.12304794078693,77.47844924383713,49.841717729218416,61.43563561682697
261.179227952644,76.60226798980517,49.97933793574587,61.43797835513256
261.61521625551643,79.63718128882904,50.8596434047012,60.62499798118509
263.9400956579803,77.9720022934668,51.471821627865395,60.44739795318161
261.1498756291074,76.29734343210022,51.76899207818373,60.274535937629715
260.3519764719529,75.03758752275817,51.601596866306,61.03085423012716
260.36972781482194,72.98920129891421,51.566094180567895,61.58325709903769
261.3490110629548,70.51944553763789,51.38766065962279,62.96250267094913
263.313628565649,68.81907899501354,51.05538989693124,64.56475363484934
262.582163140628,69.26310352303753,50.70064096494825,65.49438436082649
263.7541601283399,73.08764204952325,50.1827784412547,65.14983311477613
262.2391889719673,69.84498860029032,49.58785254654493,66.19783770205953
262.16968515712614,71.38140585170692,49.72686017622722,66.76240347973904
263.38820838403694,69.36992313623836,50.948945494121745,67.12623713895997
263.76039975899914,74.20351669142303,52.05964626743646,66.73446764478628
263.2996095479464,73.27534293521671,52.98122668954202,66.7236136305238
261.10967636985686,77.33618202679583,53.59707822800478,66.12996508279818
259.099774819086,79.52497691847927,53.851119444356556,65.51813718462125
251.04945306517013,80.63013065058672,54.93108499774526,65.18541446471173
243.04978328775164,84.41587092133118,55.81142949978205,65.17343144962291
237.06464438189926,82.16406286323036,56.35862656824203,65.86935398474294
233.60787137357528,81.41821592782196,55.57860155041908,65.43765509694202
224.82918512988687,80.9494408304593,55.99829957541297,64.47101924029147
222.45196186249325,81.42848600898417,55.06480237847717,63.51292888324173
216.17085536906305,80.17651633991363,54.56375084206621,64.15068757520118
214.81922458628742,81.55596205916322,53.53102427319269,65.12778427112676
213.18744357821632,80.2513085263003,53.06176575127432,65.87068106782229
211.53725415966622,79.01172703194752,52.62167583004145,66.47960967736135
208.76082455979633,83.22913895549117,52.557232931141996,67.40695599467278
205.9752093806205,80.25584152372666,52.4717295483707,69.5823950307865
204.29900021348433,79.87959157230591,51.989378933343794,70.33489493362801
198.34341949913812,79.64243091036356,52.374883430642164,70.8092162575127
193.96303122826524,77.6066706067179,51.46331496633569,71.01179886238312
189.03814043473412,77.94417005553753,51.700146196293026,70.33679996474388
183.12249454347054,78.66889412423805,52.03405200763563,68.88735182734283
175.48087066037647,76.69608863833841,52.120142920726806,69.03367358586787
167.0436037193769,71.29320776537568,51.86515297400925,70.32303320472846
159.16262649936786,72.11703298275549,52.27729270658519,70.59410960839911
150.76115429570808,71.20393865389408,51.713835849994624,70.49069812568749
144.2049555105597,70.1857436506443,51.39468142259961,68.68950184713226
142.23151590649178,68.22992658558346,51.569200843728055,66.94259629674282
139.37471799994768,73.75579335085274,51.69560355078582,65.20285127625502
135.83805200453259,71.89801844949284,51.41755275233359,65.24270968433362
134.2527810526753,71.0614361587573,50.92021170634162,65.08193279095141
135.07149534130636,73.46531189532037,51.10618206161485,63.920979182896076
134.46383976077502,75.50256844849534,50.51285439108967,63.46374373972184
132.98349962298346,80.0019921108616,49.889518852006375,63.42493595165544
131.27092123888622,80.4530427521085,49.75208747922845,62.522834669161625
135.72808060085163,80.59985589608453,49.66400485678861,62.229208381209574
139.3768114919417,81.60974281811482,49.40381524065423,61.96875257866043
142.53265370694817,80.72117951271338,50.09655482563866,61.99477318571398
140.84106788439695,83.7489281795559,49.95426675862943,61.22746542019641
140.92157367787084,85.21075571955468,49.79325517168168,60.052452236765305
146.27975414358127,82.46455738865487,49.44469302679019,60.36094950530027
150.837619660824,84.798280655055,48.96438754885978,59.14767319512205
155.19634007364252,84.3926507492916,48.750261388286496,58.25827007363608
159.86041399065473,88.45808579645794,49.52317285910931,58.544949400009436
164.9633287792167,90.28471529523935,49.519604986408204,59.99282125465806
168.41000737757298,89.25275620736095,49.51677716867964,60.33410708566885
167.45988046045724,88.15245311349733,49.68919396681099,60.80687623729597
171.79112834925252,81.04270046445855,49.71615916625032,61.1232439721257
169.22699761568407,78.0311910671913,49.6148508583453,61.91669299161819
167.5323653055105,76.30119635688493,49.4966570774325,61.86922401097108
171.87457678095248,72.11940986726258,49.567661437268455,61.47736967949592
169.41822783566158,68.18003615102216,49.24168610364574,62.371219479704116
167.37498974730207,71.68965937515259,49.818881099702594,62.37053539276759
169.52551072299718,77.24703378135551,50.809827121655445,61.83976252704795
172.76381503943168,88.16685105124441,51.42074673898873,61.26271273787691
176.87849286724145,99.54369955873575,52.05563962111697,61.5560619210386
181.5524937739948,104.16946150733929,53.433214443114046,61.24251855341799
185.03095462464,110.42592281805221,55.50064218915831,61.363685158260736
191.63034302971943,115.9852293768529,57.02029727899469,63.123699953155175
191.2217570384892,117.32164722554921,57.83746926145515,64.23370626569853
196.68962950853506,117.66542335400212,58.432049508768,65.46787487336013
201.47823014819932,117.54329552346225,58.6068145247917,65.71213053443986
203.40726894195603,120.68695437911083,58.66269512945462,65.29575011140724
207.32263749698126,118.56429426971185,58.63756874025802,65.63826496977825
205.07538656405424,119.3637135995214,59.2194240361102,65.99574959516005
199.29404124740478,115.85455453004815,58.955091782097895,67.100556290451
196.6717764940056,113.94846053000703,58.247345480926924,66.94456041855365
196.28961542551014,109.56952222415794,57.041331279224515,65.85075533678503
193.46090859502482,101.18527377038123,56.89655009821334,65.21266771839315
190.40852923310575,98.73162865548592,57.23571501516179,64.3543641412941
185.46161433190986,88.35657595777442,55.645641982487916,64.05064767243002
180.5686997990776,88.27233145858732,54.12855836503157,62.335317890284074
178.43628266421433,87.04846581283726,52.89457847049699,61.11717307227683
175.48376967449002,86.6553276014965,51.62243278794486,60.10915657945815
173.18882438915446,88.09766347787384,50.93747378128347,58.98276801914764
172.1120840281862,88.14043538478884,49.631218735242335,58.89722420531764
171.52256125219225,91.66003500991053,49.10271297958897,58.68823018563923
171.15909953681134,95.55032241080966,48.13382004613116,57.6909208407195
170.57343516965005,95.5838979373232,47.64031732627734,57.623769787692396
169.36706219288155,97.22541065423783,46.74138881605597,57.652418817621474
168.03248203253253,98.5295832345461,46.12704802427273,56.68582421324561
166.45683850775737,96.14083099535597,46.04440638605134,56.612435659968284
166.68026386820935,92.75733328965008,45.59755566514735,56.921430387019974
165.66343847847412,89.66076099519093,46.01919829673866,56.66654238442152
166.44608142884385,87.21679037247242,46.06883596696094,56.70971291697326
164.82517318997282,85.97483852865444,46.07787299622747,55.96083715613364
168.04942843575404,83.78954289459317,46.04945623987409,57.12138155665167
172.01293840622841,86.36594904515366,46.23442100803936,56.83576008099911
171.1645363058547,82.74581786240822,46.31022064121293,55.97099960862074
180.97219848194086,84.50811322113412,46.00206389664213,55.66427015910249
184.16835471337308,91.46150729935067,46.00669531407939,54.55136976327272
189.17145708038677,93.82925017655197,45.493460618947985,54.562369028318145
197.25502979778224,96.11857716300442,46.64101291769366,54.7059053463778
201.00890210466846,97.86181470123572,47.10702136758096,54.40893149537911
206.11629275985882,99.15306859903048,48.07573543633086,53.42406589680825
209.224550396052,97.900798381559,48.25068899930221,52.732871914072376
209.37734786110158,91.83891316701869,47.94509406920304,53.72733793517342
212.3740355317464,92.33706052490713,48.3536915293339,52.731043219396554
209.09173859681465,87.12516110265176,48.55223579392969,52.014255254688834
204.97375200942324,88.70200835270352,47.28727110744885,52.027540041673205
205.58224018724212,87.28175719054602,47.63386208492521,51.74090769975995
205.53376897775212,86.08987751416844,47.73080450390526,50.99542138065027
207.16477485046093,90.39142320551325,47.577855149810034,50.16498597626676
202.6022978103045,90.68596817599669,47.46807401881412,49.57589603529988
202.67394904687913,93.85301849117005,47.324771545664824,49.354440890012555
198.25158587191825,93.21248069958796,47.034957489348464,49.11309307213709
197.6047637346981,95.74392503287257,46.81454765642843,48.592366727648766
196.5122896687063,94.9056691794587,45.99468403113031,48.76647255583565
195.14695897366695,93.20506673458297,45.74106127623581,49.18339330061387
189.2639560388885,92.34921005273227,45.55004676896054,49.40047911721126
189.5396984989432,88.69583847853302,44.99856184885115,50.72731637300217
189.36485809987,80.88849264919486,45.348242646997576,52.780636015997075
187.28830105391486,80.33031619184294,44.868672352946,53.89698893070089
189.44422240413496,82.88453261977682,45.218047567309924,53.44977398963722
189.4556048459608,82.45745160771925,45.19528268365819,52.75146453472968
189.94181132733254,86.97795755606663,45.76419025818268,51.417055324374815
195.585854950012,95.0660449259734,46.714230220795464,49.00877369352938
191.80035686065304,95.6089719039913,46.748523371753606,47.92291973749358
191.94112208421632,97.80380556782293,46.46699292462708,48.00583297901973
190.68021646157285,98.9290820429032,46.01338077975342,48.73070341901981
191.0369782542103,97.83398395971639,45.29985719447848,49.429020185820946
190.52850624246298,93.51406665264703,44.82536222103107,50.61165981524945
193.72972743697704,94.74624419481611,45.934192227716736,51.1518136891968
191.76190681738404,95.33390710688398,46.81311067192001,51.50484926255243
194.0174988930222,90.85626094692915,46.94554713622324,52.72077388982953
196.1330459544466,89.19430856850573,47.42112141213398,52.90689971417
199.3917411258971,84.71109633469047,47.221244133929595,53.97643285092974
203.67145514397723,87.8093766664803,46.625697644126205,54.150977424435524
210.99317372084312,90.53495511552647,46.255609773032205,55.04353131862663
215.3391132606287,95.52778544158568,45.53253382758243,54.62043442745391
218.084083911144,99.89875473134288,44.76935640428356,53.7564356441591
221.37135183556302,102.35447763448789,44.39471149041433,53.49490803909565
219.94128131526153,104.23019538398401,44.175047375818835,52.8232776953019
218.5852744718478,104.674078094301,43.835032899656596,51.935512274667914
217.10368933403768,105.66549523248638,43.78450672355147,51.459526224159816
211.12037838269512,104.73197908760037,43.76162407938235,51.82787044557507
205.17796059236113,103.36962987270853,43.614412589564616,51.54455710773728
200.8699256447809,101.32054474925218,43.24689265121626,51.15093243789559
194.4135324667974,99.85463262835671,42.79218990463072,51.11220354578594
189.8034947045619,97.1623780802907,43.14812025325722,50.587282524688334
189.5315701530975,91.77132396017107,43.691969356186,51.04449284015977
191.60352531466077,90.99082473183776,44.020426264396015,51.11470221971421
191.59561118591262,95.88058452155954,44.03625452189233,50.31807815255878
196.0392307071621,100.29033137002861,44.059444465414174,50.40901344164148
199.8660215114097,102.99036472081204,43.84012235533122,50.9563543388045
204.31661944121768,104.07333984727856,43.889762167478914,50.28221003116538
207.26823886634875,107.15831356855082,43.91519835265285,50.04093762405695
207.39579850872698,104.6601364205008,43.660079067896405,50.60077855474877
207.497452202675,102.54414124493493,43.456771680000394,50.38251915836795
200.0985413770656,103.20389047456803,43.48681769522206,50.539798262701474
195.71237138961868,100.06933060485034,43.381003802714986,50.89014875720294
195.06006051409526,93.12846059408345,43.202218380449395,51.42122421892469
190.67254509508712,90.8049006733726,43.04488740967223,51.6021631559497
184.27385896366118,93.73017573332683,42.441431093907795,50.218555895579996
182.88670663919092,92.68470352945425,42.29988196435004,49.39364652482688
179.2100752523012,95.32162444536635,42.43858547122885,48.448540253143044
178.1602849216333,95.35393208656717,41.67714453419461,49.814435769926476
176.15723294953133,95.21845660234119,41.36508774469207,50.08538673837842
174.7114593416807,92.50736749672684,41.37958064957638,51.19198348338165
171.10920435442335,91.98147286313896,41.30523544348222,50.78800171443563
169.65853745280776,85.36139124412206,41.30984162242428,52.44125445531309
171.83225129763974,83.45987857069017,41.383787525670066,53.29669740690375
170.79465841742694,76.58270151825474,40.482817835243424,53.65835198293961
173.82266775251338,70.67205092780537,40.34241422608656,53.648423041806375
178.1997723722269,72.75459456358838,40.44695270161375,53.912709627717476
181.2667044403948,74.20269521438708,40.24185386130921,55.463082298143526
180.25637593747584,77.48573234979284,40.760119497772095,56.408964874207
179.02037514677113,78.89563242745626,41.70686838671442,56.63967010381437
178.92257148292384,81.15801212074281,41.90247571440899,56.747794509414405
174.9104443172407,81.88234377197219,42.18101150989598,56.84827491413151
167.10387417909496,81.93741164463066,42.24181062286952,56.73813916881456
159.88704287510012,79.65469991658969,42.68448332567516,56.639899323168486
152.86694789971173,76.30738460151511,42.68198298183694,57.0933342668221
145.6036053852679,70.07852101503782,43.10421048146907,57.013765858216196
142.37808158840664,66.56965032093942,43.2638486551821,57.7400978264035
135.31774895564146,59.60039139360606,43.105799318032396,57.39990107839009
133.664590495312,57.076392781684746,43.254596184606086,57.71161822110491
132.70983780859757,56.28788921021305,43.57816257742601,57.70268638343936
131.62554603870797,56.52458746725223,44.15565438532386,57.229289869361004
134.84808866470772,58.38114807598187,44.083734070297496,56.70275112038832
136.52886347365725,60.63573360555326,43.8903354791067,56.94580660130789
138.15991076891427,62.32720395206961,43.797520582313034,56.732145601995626
142.68781264320995,61.66225761085855,44.220906285746345,56.48217337574697
146.48681047924055,63.761395772345544,44.537579521161575,57.032698397258784
150.02775669868092,66.78619771733557,45.43820306770677,57.369107295619514
152.50489956981846,69.3672220556816,45.33277197457383,57.05591326806964
157.25351128610066,72.0621488406699,45.49420352948499,56.49538719183079
158.05316395435887,66.85532279773693,45.498695851769725,57.28625332489007
157.110666847115,67.71097746018992,45.76769269869788,57.1909413675436
160.52489363236703,67.97916134608164,47.03373408677144,58.27347258747567
159.4290213500021,71.28862282816023,47.56946064227486,58.27862166022439
159.4015911105434,77.31306464033301,47.62432112119226,57.88309092578716
162.74547757779098,76.84875919840205,47.574825497409265,58.81170180964906
161.18332642610358,80.50234914097412,47.35304702965897,58.196683466755154
165.36910441500646,81.42571376244786,47.281521452426894,58.00996030392241
168.53795113353428,79.3612210788703,47.567749225145135,57.17100476374713
171.10667792668832,82.72104544819302,47.3733806883012,57.04213609105395
172.8669235781382,79.64297494761163,47.13804032401619,56.62797521498726
172.06581908844043,77.14545294038032,47.1078481875297,56.72581588180394
176.35590999382046,70.02273662413299,46.694772039575845,56.27045832124742
172.9263141929524,68.71760721232329,47.07498073096092,55.64122568969128
170.67709541243775,70.3654186573782,46.724904868999765,55.577945081575066
168.97729025736984,73.56320711682866,46.905395808718346,55.62060690350863
166.82817282577105,78.19822668924058,46.364259502795974,56.029310096924775
165.1476951328287,77.25986726118535,46.503814287837464,56.29532865261366
164.43967739077266,77.75422570356045,46.302802562772506,56.92365897704044
165.95503598142966,76.65929446116888,46.51900742942624,57.490060437839745
165.09236149695568,75.93951057730153,46.60869794999341,57.29396975719371
168.8993387448305,73.8495108644936,47.165233110505994,56.57167538905226
175.06747288884992,69.67605820162294,47.88474263642213,56.75871958107174
179.56769357569385,66.33955237729671,47.116533822125476,56.845945182211224
184.48281100934474,69.03980718366206,47.09876507718209,56.35166863065971
188.28309928209097,71.45473535158474,47.635742165614644,58.03185520195436
191.55930312856904,76.13571853489125,47.73150248202845,58.642140849396306
193.36466169096002,73.99873804936671,47.46672754846233,59.57015962922961
191.28177811156567,73.1419572333706,48.2666467558539,59.60079728552327
188.97374454164816,71.05386768606499,47.79365210974454,60.38426852283821
184.97300953902624,69.07614350955387,47.291611041164785,60.93831244633107
184.52185762342472,67.20140245445354,46.49289722804422,61.28575926788454
185.52257957763715,64.42647683062816,46.1847535211139,61.75570991105171
185.38410699848683,64.78350380566897,46.461698679414546,61.041655960970104
189.57381907569248,61.88287887321471,46.5276207561495,61.775698087190875
192.85958584356072,62.88872547856147,46.761418718561245,61.46533775103441
197.00516496524438,60.25656526706149,46.97236712685858,61.6283941830356
198.42888644678519,63.87778373179865,47.537624775209636,61.21135847642667
194.22497765563742,67.9264816461515,47.399469185952825,61.65993581927326
192.26242868271865,75.79448803267223,47.89697436412023,61.3480905007475
185.42331989854856,81.72142639994121,47.83814092677966,61.51413339618023
177.01714308225604,84.9471886051118,47.46336562138217,61.93746056103202
165.79447326957572,80.20268605998595,47.56074460999752,62.831096175612466
155.30523198635674,75.88942385932668,47.72773424806275,62.78616519010902
145.61431351792598,69.73478722416675,48.009912309445845,62.94111008512439
142.88833513279474,66.39153699525531,48.231968261694306,62.65440945226193
140.1275994484412,61.842340965133346,48.525802747984734,63.04007337514479
137.30413652070465,58.309733311948754,48.91306270233868,63.09240081335504
138.94883227787537,61.141778089428286,49.144328165963024,62.70929672534473
139.57582907861385,65.27505535909883,49.64856763982924,63.23390756271954
141.35263192350362,69.94619494762271,49.64387270258247,62.763905267003715
142.06493549219263,74.96835311487257,49.98644976047678,63.32269410413798
143.35819948684275,80.36200400683843,49.18122520044736,63.2232128958314
142.64064495749216,84.58828080104988,48.84964210911594,63.60412005757144
145.61620103466245,84.64554816206174,48.19986155565838,63.48958533554769
148.98917677280616,80.84462144895924,48.47296544545773,64.0723833956659
153.40833201101407,76.28030281322884,48.475186674837715,64.36048896133096
155.28134803304457,71.69561975710742,48.274218620626804,64.6671950989485
157.95933543044592,70.96383587468463,48.23998868518341,64.35684791067432
157.25877796327651,72.5104653851605,47.87247212360215,64.80085188156261
157.1012002486864,73.62981496004133,48.187627552782395,64.33152206817138
158.88062026744106,77.01145935838223,48.163566782303704,64.63779180555079
158.08901542471074,81.54979253633984,47.975119671495314,64.41940943098078
154.3442309980424,84.94922205823848,48.40368802276087,64.68155088925457
152.64769780833979,87.93539779845256,48.2442513320718,65.81420554901497
150.8206337404782,90.60260992729411,48.31665862794159,65.85236255111201
146.69652020151022,87.71798801868361,49.39437544349877,66.2437236715489
142.7272427442481,85.85930191285986,50.0679976910334,66.32862954970159
139.80535645812597,83.0525916913594,50.426148451253106,66.45642818067796
135.9391396298567,78.6875360828175,50.81323177547128,66.00485148236135
135.15165649607775,70.46249572948551,50.5524362758815,65.93307628469621
137.58485760044252,66.46783701637976,51.17728034970475,66.60073200083735
136.37282964519216,65.01253961728567,51.75054458056874,67.66053511938881
136.89255809873117,66.81613521130944,52.587399639669464,67.80596786369888
139.21994184615676,70.41785231201138,53.60913577257248,68.17120516596727
137.35874078801675,72.35093368185159,53.502798176157874,68.1337821389815
136.4206020279052,77.02018554894394,53.467006466075816,68.35562455632243
135.29011644667486,82.92727952591493,53.81309627838132,68.03072470331145
134.61723018289808,81.74348490726697,53.24333704071722,68.48278217538966
133.92040610001598,82.81812224250075,52.72379783286385,68.24669487853971
137.0474330044082,80.33803499438613,52.173110131002154,69.40462530348711
136.07134344068635,80.7331386940161,52.2154929121452,68.61441790422717
142.12121193452816,78.76624400441946,51.506437868734,68.7513133019963
148.9921127211922,77.96675054446996,50.9872769277932,68.4613515601257
159.1664919251554,73.7855420829907,51.274980320203255,69.31960055568914
162.7695958944926,70.96570238146609,51.64399154453399,69.27786558648451
167.21902608933885,70.01600077357335,52.24119321774954,69.27805638968837
172.50960687611175,73.93338816654239,53.113919511920756,69.07920684889497
177.3328044566118,78.39268421818092,53.06847727455929,69.76156766925658
177.25828776040592,78.92580372423495,53.21751066697107,70.62518904575595
