139.5,90.5,45,59
137.43952804241908,88.83776027749582,46.48686272365306,58.05631706199087
136.98334788196274,87.60421360978853,47.39922304456577,57.23575644942998
135.83790426125483,86.2847332297549,48.044136642245476,56.58276992202499
134.67112227459953,84.86052048030983,48.73140510025156,56.13860439030609
132.79634778789318,84.18382992830954,49.180022081847184,55.84151949839814
131.74477818465132,82.61572078855049,49.63011071990659,55.671636641067664
130.84690791216147,81.04685732484691,49.76823850055142,55.49413803980505
129.84347146402354,80.18416382878883,50.11804941632482,55.56246305141875
128.2929810010359,83.5613159090135,49.8916147135526,55.46299014846436
127.33067974235526,82.6840643472177,50.157669669481294,55.5589457106234
127.20988704545337,86.8684202535784,50.39925506328507,55.511660235186646
123.888413446405,85.85745490549616,50.372591973789675,55.86618835945309
117.08963611772984,84.17778027841646,50.59020770401032,55.88055288183004
116.1676883637598,82.35931296623089,50.75791585732976,56.16511279695988
117.09987235386689,80.62000212821434,50.57683673250517,56.27715676221375
118.02885354696363,84.09579692720911,50.40101568478071,56.054132518100374
119.81603354914714,86.73169315484171,50.178391639810116,55.80994400192985
123.21158526398156,90.91988345796031,50.061362281850066,55.776155985328586
127.49146630140902,94.12461065749957,49.832225348423044,56.031201699392376
130.74369364632668,92.14264065960258,49.99347419483509,56.66228992706269
133.1843664526479,90.3779941704777,50.14852050979838,56.833988286908536
137.2490003818063,88.65685097706198,50.43895919970296,56.90839205445147
137.55418570540166,86.0599308009841,51.51833034856333,57.033007018453766
137.4408173630914,83.5841074348292,51.74506703318384,56.857898861965126
136.4014528205098,84.54099425715778,52.11398708113266,56.65393425452237
135.3762771496868,88.9514366256995,52.45183083669326,56.395587447865864
137.64509841903518,88.96581149499039,53.055742103931834,56.36683770928407
137.7161075721438,92.92246699154548,54.63671678979378,57.06849167656981
137.11840847424267,90.36703934827821,55.832114985596014,58.661281106972055
138.00052166541442,90.12423517006891,57.673704573842706,60.94979744868574
138.22055315650795,88.13909518807552,59.10155012343182,63.05216888089642
135.0635150834581,87.15681691780166,59.64533901409658,65.01672542144414
135.1525614135144,79.13202319113954,61.42997282759269,67.32722755950758
134.95197414531128,76.80022503822181,61.83114736399894,69.96368318543266
134.42610613437347,79.03164773020607,64.95740444574199,71.72440098106645
141.91724125166274,84.12516924513193,67.1896123843726,74.44821658112159
144.26456898530333,84.594526411163,69.18431076152086,77.96907147867904
146.81272392853106,85.51619687033248,73.35337495793944,80.7584176017771
150.92791579393008,94.02976265901358,77.25427546152721,83.14134079943226
147.76805316134363,98.93416816397249,81.0485108909801,85.95997896811485
143.42391533250986,102.19683443141216,84.47724531956192,89.9537288914069
136.45958157564763,96.7861068340129,87.41948888142718,95.28197211027586
132.197058348415,91.80134050029213,90.19149088713232,99.49846032895726
130.48600019926238,77.14882702979178,90.6272628886026,101.92638859844354
129.19061263946327,73.86740069604622,90.18700251233359,102.42717027420024
128.3610846612353,72.66678037255588,88.81429596361409,101.79664841600551
127.85446485706444,77.92608913519337,86.82752950634551,100.27804908756137
126.17354333486858,77.37329872021121,84.30009147053744,98.4389893774258
124.79895752167677,84.11664757902231,81.298010019722,96.45479781420173
124.75121995026707,89.91603362870292,78.59677360329741,93.24616039257253
124.49698748724651,91.55643287449696,76.40151005880399,89.96536190098445
125.69090862548508,94.38062270670761,74.01366778232685,86.93475518583871
127.96898701785302,96.03816082138943,71.9900890463775,83.61967895647508
131.4759902626401,97.63171210115705,69.87375458823367,80.43257639693982
134.9532432029204,99.14391547412251,67.65038522593117,77.4081696510089
137.0745365963312,98.2973765284458,65.69089266668149,74.53505908721853
140.54230854217272,93.16028238772665,63.16971754039048,71.56614107248072
140.58194332314142,89.27662647825889,60.96965369426673,68.7294814704847
145.6861824386844,85.9569068301251,58.927543267790455,67.20255296214262
152.3677677501012,84.6219535909359,57.47576310533094,65.90199595372965
162.40105042045926,83.52386109062596,56.82743447474231,66.1563572833368
173.83101470191525,86.55997786768867,57.191815398157516,65.89020110079318
183.58014998949446,91.50018388155348,57.06443483033001,65.69523407672901
186.78102353846958,94.07566175462532,58.39080082395361,66.34036314926573
183.37896207728363,91.62864836327479,59.305105661026886,67.30784454176765
172.80176531159356,89.90326625424645,60.5304115630608,68.76569999688971
166.12633076667237,88.30105400791595,61.67052206389653,69.93499805804959
161.09223664652433,85.42630205166495,63.45268632051628,71.54148997871346
160.25434716363893,82.59743770807721,65.12846528628711,72.94934219617079
163.29312653887354,81.55514505637439,65.57165095338709,75.03392749957644
166.53098977520642,74.67967212929841,65.73494614388513,77.71983724845539
173.24096578835702,73.34647047964397,65.85794556026887,80.38624054776429
178.56609894483503,73.41045917643213,66.70875520416813,82.55847834555902
186.6558920598772,71.12398492762368,66.96061761068795,84.78407703794676
187.16139246721488,69.73357308334363,68.33517242767914,85.17934509484034
194.64875315579548,72.2424053592822,70.2578246792778,87.40341209814598
206.23655453516955,71.01595266804989,71.87403174685508,89.85631748061061
202.82741431317092,77.9345238378838,76.14931641696108,91.27714978429059
201.85279690480107,82.00238516029496,80.73249642012676,93.6772078851723
187.6440348784908,79.85829903635725,84.44756199429851,97.96538013304772
173.47477103720746,77.26694645144896,86.9500404170627,100.27741316288623
158.46801753187657,73.12947726273916,87.49758978160989,102.65916001108293
145.02418019313538,74.32994662060385,87.45533945211109,103.25043518501815
131.81361974620552,74.41234546062316,86.87048250280203,103.08563750497953
127.91808297855667,75.04871437039063,85.6954291045903,101.81289968544459
118.35836588008492,72.83760138211358,84.16375272283804,100.3348083537999
116.57393411757147,72.15319786140202,81.92722083167729,98.80091768712917
114.78254724817359,73.90859682807384,79.82397553554385,95.29011975378555
111.83865217313672,72.35596807619672,77.44672954443955,92.88535316342112
107.61347919943567,72.51741412107793,75.17851950262215,89.88282207635383
104.37209174595758,73.90366496548731,73.87086035756496,87.11032038753505
96.10040691901673,72.09473831407848,72.68328317505116,85.66218887995399
94.10765633337493,73.06796313667788,71.68571543453216,83.7157392347552
91.93219572070969,74.91774311553166,71.14577046537775,82.46161237429007
87.32359594668424,75.01881766527522,70.69348046849551,82.25946327480295
76.80137550907094,81.05207279570794,70.07505170823363,82.22788058920892
70.70007698163033,82.24619360434639,70.29484018190676,82.23620068817365
61.18448396778606,84.31940949239184,70.12424506740955,82.89021419762918
55.490633396445574,88.6423164945403,69.47405105414381,83.8747163180896
51.9840719164557,94.84089080362014,69.25034100549131,83.53895604765033
49.18699930438255,89.68849753724581,70.03748860604995,86.6332461450175
45.66099425074764,91.18099413061374,72.16191330230158,88.57583836929982
41.97797541160432,88.85101244265604,74.47194786151059,90.70780018567638
41.687559079143384,89.03893625762123,77.65089305544996,92.9300650847635
44.16028173884582,83.60624622843612,80.756304438595,95.74458844058384
47.807545244238895,84.78369031121429,84.56991741504717,98.94377026864669
54.490104123173,86.06680975093332,88.53137319505194,102.15305590183296
61.38262757157155,80.50038249143782,92.75225599055062,107.28393385672535
59.15651084953862,84.2755486617016,97.20448943461648,112.32599138288941
65.2876575916986,85.91407545629585,101.42991440358526,118.94156886567418
73.79434843418797,88.90340535209161,105.22259294761736,123.36593918858804
78.1203705822193,87.10177095690811,107.36149922516294,126.96920797895504
84.90642256207889,84.10551629403376,108.53746027921756,129.27470105126028
88.89277843787815,86.37311562424458,108.04777270591502,128.48101447998664
92.68561330000668,85.57657082252628,107.9048757655346,126.35271769148491
91.82511397819512,83.04598822633214,105.93963934591298,124.04141275738371
94.80364687708615,83.08402623573613,103.60151661289994,120.34639367380669
94.17332246373465,79.38108216393319,101.3378921950711,117.17946208381696
97.07945137474641,74.29803939899209,98.96459108751787,113.58972075581804
103.71234837014714,66.27620675347337,95.73478858513442,109.56140307001942
106.58987966978934,63.22616353649008,93.21090325409162,105.96795769926123
107.6885344024588,60.286941005526074,91.01359378875269,102.44120426975087
108.4887688719705,57.42773017235677,89.4131248497293,99.02401652081927
106.60148879284027,55.751538932069934,87.25458711312731,96.4433011065305
101.45477190279145,52.57073866788637,85.98012004991679,94.12897600241651
96.55085239451728,49.38169556527524,84.44540761451181,92.00014861867379
90.34718880530446,50.63266683122775,82.96256799228519,89.49820608676876
88.24552208441548,50.01435372662109,81.73504122379542,88.01940219084823
86.07028675571101,51.79679560324377,80.73983125743523,87.12735874948741
84.65679876329733,56.161138345809874,80.92370793960129,86.32797117233912
82.25055433715555,56.216253320673175,80.4691149097047,86.21774122261252
79.57960616809243,60.21544951567123,80.5618121214224,86.09314752222922
76.09066682498677,60.10631584039322,82.2914385336806,86.31141487278524
80.6998848262627,62.347124489091385,83.69289998044084,87.13974630004498
79.69615253589467,65.89948422124716,85.70036456117691,88.10544980232919
81.79489314863079,63.2359943548209,86.9769511840842,90.69539561099194
79.2681230835881,68.77629568839187,89.232654798097,93.60397552421293
76.70725280912266,68.13213317527236,91.47528407180607,97.77141182567374
80.25794022311105,66.21564747299882,93.31346092200079,101.60438323022082
87.66672494351569,64.93145104695616,93.84028178675263,104.17277608230614
95.67541147503155,62.4857363711935,93.40918050120281,105.94695107833508
99.27088559323235,59.2774940481968,92.49406037760264,106.087607611527
109.01052180128075,56.1992955742765,91.76741650081507,105.99312837959788
117.40010797177801,56.823392787662335,90.54986537218676,104.7449339528262
118.14207419187628,58.96907714374157,89.06593293199025,103.52704217043618
118.89398834959857,59.85580634101063,87.56210461654564,101.75358377589806
122.32686454613288,62.315352976921034,86.65486132527198,99.81374505497473
121.64669702882023,67.32852612519629,85.08051141120762,98.5914536044933
126.6051110664356,72.92840178421285,83.83522772466107,96.0632466751444
128.33416088629744,79.11637440913832,83.20853831107688,95.0129423298514
130.8992548558689,85.51609819712293,83.68854632577518,93.43388666156457
134.95886405223655,85.80628262187014,83.93414980465887,92.85351781207017
138.60564801971225,91.22262743147951,84.99009721715018,93.15351532277504
142.16691068724703,92.51924795330412,86.28159607401454,93.36494900977047
144.66425517679554,96.34366719699335,86.94396631252067,94.2016993487967
146.68776664468453,97.81075354536,88.60117373008903,94.11964182873658
148.10539572085398,95.59377055080505,91.52024568872274,92.79927770687388
138.25779083334015,95.66770497148549,93.7995423338449,92.65140886551299
140.2865051503985,87.22457443545977,95.61455676888616,91.92034073009063
137.16926666124965,76.49669686880023,95.94270931201459,92.70396034031722
127.80827012929672,93.08816927477942,96.84047695539402,92.19876213265732
130.83671105801693,96.32408579067476,96.73713814767855,91.6804721505916
126.1709314109678,104.20428235385472,97.16787952182825,90.7547755574793
127.71676989243363,105.85789147695154,97.03518360067687,90.406538353066
119.02445775445895,117.7313200377112,96.71154791469598,90.27069451412032
133.76034401486987,105.94481347228594,96.68143010186165,90.29038387858076
130.88636824748363,104.61135478399518,96.54136573908423,90.01329330638733
130.84013034710887,97.35037197454798,96.63384153983375,89.84816424756436
129.37134258197472,98.87204119288475,96.63517866512903,89.7410642158638
132.10307850468263,93.44681097450484,97.04082062217635,88.85329704769737
132.13311774464623,90.51039252141871,96.98074214224913,88.87262101605803
122.01420973671779,94.74130017022829,96.73566063276682,89.18919037215565
118.05591137254612,95.6767742163687,95.87021519079582,90.2455896699796
128.64271534272433,89.34341872517244,95.21096773751609,91.18980894547113
119.8856154983103,86.31429345704723,95.11352021507174,91.37751041129742
125.61500145904415,91.99389811391583,95.40162545067678,91.76517825463294
155.09895310654176,81.60609452244711,95.38111490237907,91.90919797622625
131.729682672774,90.28792498969574,94.93042299622371,92.24149933186305
134.81615517214126,97.48042790574809,94.65250456787942,92.59405992573392
137.8326101137964,95.863507311279,94.5170351838667,92.87918086502334
143.90408663933206,95.70106710942898,94.1784554664684,93.20406126872336
143.77315994265163,91.38862736547449,94.44030885982926,92.97625335310933
148.16270837691218,98.84882307653896,94.51547022432975,92.81295898601634
145.02311015240883,106.29957372496065,94.89461958459526,92.66157541102594
143.43980441912967,101.94715496251243,95.1076425214211,92.50564734672484
150.46825663742464,100.95775034322139,95.82308288432004,91.52998762540915
154.36416141399573,104.1950010527502,96.88201852923454,90.955983005056
230.457771157794,135.72308750158655,92.58033469292694,92.96944579395044
233.3574326386804,127.30891816688528,89.7030539120619,95.18757355881448
250.3989387747765,130.85135573128144,84.733473141449,99.74807103065385
242.8138713107154,129.71753026475267,82.48672022137362,102.01572196371134
239.97446224419963,124.02823178484756,82.36258164268904,101.7884055000894
239.436035732969,118.72587578378955,83.43943466515029,100.80920200910658
238.4075692370694,112.21668367715328,85.49636765694953,99.3359457331442
237.61356024224432,113.36051850767356,87.08438564659971,97.04827607210365
232.54510473005183,114.40604271332128,88.52530046991046,94.9572276608082
232.02126080241405,116.78633434646594,89.57298832518605,93.08568915509157
249.10515849622232,99.6411320492704,89.92177244202664,92.85951424502554
252.50538330942686,102.34473573436638,88.87802783942274,93.2090118986388
249.83818183036192,100.12838574695812,88.47781150320728,94.77440222628263
175.27700080741525,68.95733415864171,90.44295225905127,93.63691974838434
117.7214146607766,71.28801506027264,92.50144993699755,91.87434447372071
111.50572794948971,63.87165106700351,93.31861688436696,92.18931436625351
112.17552464073299,74.32276391744222,94.90039471294347,91.73668714281743
112.04764441367237,75.84262453324922,98.09521624087633,91.63602698501504
117.23376130415664,71.24218556050825,99.67282524698345,91.87452284019022
122.6620680249826,81.68691873631958,100.87968634252815,92.09613692866168
121.40598084236487,87.91980241463476,103.39186070776361,94.82138078796984
146.36321529263023,89.1373984511088,103.40921266935524,98.62766632278709
151.45330506440493,92.13563684654088,102.77341421566244,102.1755706217795
164.84895620650343,85.04200473196022,101.80242901441419,106.68021594483508
179.59836615692268,72.84696283335816,101.85030850109608,111.37250015035897
184.39698550313005,66.34804237755239,102.32407671961657,114.29933415103532
184.0036914447982,63.83126883769602,103.11066483628029,115.92279235119774
176.31871015755493,61.6080231222095,104.68914658013973,116.92141357451399
165.55061838082835,58.79345365751959,105.29372580387958,119.06195178227492
160.39399396914757,61.87359669344675,108.54398133878226,119.96465899887947
155.21926905775564,66.5135107897383,111.6985562115793,121.47714323127667
149.07038341767068,71.08118749143654,112.98257471530933,123.35554260432002
152.76422130853754,65.42147305407869,113.036826533223,127.23304387938833
152.94002638673572,70.26470797192252,112.68521637682665,125.11082602901443
159.2806393155421,54.54688761413752,111.23461424120114,126.59813681928517
160.0100217022613,49.718180807019976,109.77584946776273,128.7686634393626
164.74357512877503,41.636636381931666,107.81599971617626,129.9172380866572
165.89206830628453,38.68505922828987,105.51901336115726,128.34082501003928
172.76958464626028,37.34255836459039,102.79931683165793,127.34738135395418
171.93462372197283,38.417565727667395,100.85003915547293,125.19736662780016
169.2406280384109,39.338926649377214,99.12875919541541,123.35464478438053
166.41594474956932,41.85626840071262,97.78116768798522,121.81844032426639
163.32680899024106,42.2972709173514,97.05328258458165,120.93643529098884
162.04649656921603,45.78058268203304,96.18615325943894,120.82532009601121
160.5834746326501,46.55823139086862,95.700204939351,119.27002267834006
157.03363709318444,46.748793267362295,96.03934604698253,118.8888989253527
153.4108458410513,46.65277599843947,96.52510552391625,119.08093346319835
153.01566789984173,44.370310633415514,97.31546140633537,120.25514175921535
153.7727274608577,46.02731533038068,99.22288654467931,120.36267662566088
156.26306916395328,45.118994627171126,101.15026679912292,122.17931803207999
153.03853392591887,47.46357902138011,104.08623598995644,124.5163518141326
149.29932537778546,46.073463129315165,107.96820828434036,127.2965835982625
153.47248957351695,44.29534376878297,110.72737039969324,130.8528223193269
145.79268821119757,44.15231060790582,114.68364116394386,134.9399992945439
145.73788410695101,40.93372180986671,118.72109325405049,137.44933300900863
150.35488503368762,35.31205618814289,121.58154273086535,140.62969669893087
147.98740796700417,32.953316762691315,126.31649686423225,141.22058948923
143.61668879129851,39.639602617596054,130.8463874894303,140.4826609580603
137.94083951243806,39.21185860565882,133.65363672608086,141.33814898193478
139.66636410807376,39.553452742830615,134.53274410018264,140.6549607075912
140.38775273578872,30.391998396452564,133.08996684475272,145.97767984884632
137.0330946594044,32.132700291140026,131.0120943260122,146.88987039522596
134.11151414722883,32.212956307041296,128.1060098204408,146.72935836342342
131.3016705275965,32.89721077757554,125.07443473348475,145.36084942235493
126.48725862794946,35.929366815265496,121.93577837198998,143.55236406723796
124.01112636579101,37.210182857137,118.53314390747559,140.99073198349495
119.48672408316051,34.56114299002013,115.33245975462586,138.12248590565488
118.36519133341089,34.52506113941253,113.58814472785727,134.2072690806023
116.11500479019979,32.25053591044163,110.29069559239971,130.9584973166643
113.41453734102376,38.41281546316675,108.10020481679855,126.22536388516727
109.4307922052115,42.553929445651264,105.00547832856073,121.63054150681901
107.27967585796179,50.03032179101169,102.1743716384507,117.3777658930124
103.3818815182381,55.179035810067305,99.6036375397538,113.99121970699733
99.6474532538293,58.269545530129776,96.9871233201445,111.17199051634802
97.70864954009419,57.859693122660026,94.31234487574326,108.71550239535178
97.10558756137735,59.44333309932137,92.32319192197615,105.54822244202909
97.81716290808862,61.06748817701547,90.9000412285536,102.29991228664089
95.47803668938761,65.39218981753535,89.49590458747952,99.73289808407729
91.00019833659017,72.3276949550959,89.5149089657659,97.77745091203417
84.85475569717185,69.24091968041945,90.01072080773568,98.05346474295362
72.1049760732535,67.46352274621262,91.82257155984854,98.6472950494018
62.286547895064594,69.90609989311409,93.46516362491893,99.76022885270133
53.86063884543886,70.67542147503852,95.1044025893921,101.26410151580815
