692.5,439.5,24,79
687.0121818561754,440.1672095408348,24.59664231542306,79.7919122424058
683.8919047007885,438.74041632976736,26.080924340087957,79.4746504738015
680.3614007825678,438.717504217492,28.31718887713533,79.52047469835225
673.9938335091448,438.1743027618761,31.154254886631612,78.95719952002574
671.0099794667462,438.25980677462957,33.73657541337286,78.78619149451879
667.998295618968,436.6397285080097,36.28765306341507,78.55405798224443
664.5042469679886,436.7583629567021,37.94281355223151,78.31678908485961
662.5727792346697,435.76489562326805,38.19965189146299,78.50067518802464
660.515978428052,435.0613557806034,36.882663885571375,78.09755833364497
658.731436332379,432.79553327424276,35.10756915088706,77.28502442033579
656.1022586347063,432.02071974241073,33.41182188638169,77.09612581903724
654.1037392809077,431.27411843819954,32.29100858033803,76.88337775624596
651.198295456969,432.4517470497265,31.36971262060053,76.21116643509572
648.7824032831226,431.7353496092885,31.23053886893288,75.98697528285146
645.9886462514036,430.1968775416251,31.864219412486438,75.7613637382553
640.747685918359,430.281870112215,34.049779376665356,75.5913785970755
634.1461569453336,429.0584746134698,37.08064183391866,76.3428036797663
631.1726172412966,430.54332247052787,39.509243243747186,75.13234696477281
628.5177426709184,428.7608947173984,41.25207989202762,75.13028997855582
625.9270623617673,429.2055197340553,42.806887648602896,74.2410399452421
624.1098680943081,428.2263917249156,42.788114260532424,74.37271500202709
622.8695787104231,428.3187466966426,41.61226419730719,74.18800505857297
620.4311307731124,426.4673153395233,39.26717185426049,74.27987366397771
618.2191306815934,424.58220290785965,36.62412384962927,74.51657443347024
616.6934047913068,423.6524173214168,34.501690360286126,74.65151718305047
615.6757120976197,425.95297630567114,33.157822569415124,75.11927898190962
612.9137658877353,423.78505342508015,31.990379626743568,76.10945706187141
610.0267029228703,421.93967724258323,31.098357628055524,76.46713546265619
607.2682697108754,421.364652425681,31.647680208057324,75.96133714846465
601.343527247186,423.3142155321295,33.54725125250053,75.37884889654629
598.7275310148965,422.62772417880166,35.41234188777917,75.06838068855173
595.3175260479118,423.03166843861317,37.09753819707963,74.26049216892872
593.0677540077459,422.26398261627986,38.1389150112514,74.0667801805154
591.614342319286,421.31002660459586,37.557285983897,74.23046600174636
590.5313389698152,421.27186890847133,36.250107844799025,74.30678139399544
588.1548306625593,418.7649542777314,34.14283708799441,74.17539512698788
587.4396869335636,417.2521657002849,32.22028202307145,73.84812975896645
584.9309322675593,417.3627029327158,30.686220030789155,73.62705529410461
583.887187383429,416.41271251286344,29.558598758198936,73.91948061338394
581.8964962140025,415.54612292315835,28.76488116039118,74.06095981390719
579.5686433390632,414.83499818989344,28.681973643070073,73.90367152470371
576.6313175505866,417.5565567116751,29.82924880410455,73.18793089705909
571.5547006635995,416.19048852486225,32.05254513966676,72.7480922953201
567.8720676355006,416.4640819228183,34.560819174711774,72.20090549940798
565.3504205779868,416.10198735256694,36.294197464948624,71.27013672751545
562.4020876661461,416.2779141540448,37.17669618896235,70.91828312455968
560.6520435686143,415.4711711616991,37.31393971158539,70.85034677303088
559.5009147070508,415.393193866614,36.25063416040864,71.00630136320103
556.2866844427049,412.81952786803106,34.34525296797877,71.1533283276939
555.6607254054961,411.88607779975825,32.32533157110095,71.38430872859189
554.0366311658522,411.07813162106714,30.761508164250515,71.39619712392798
551.4156837245839,411.032274471321,29.69682396414673,71.48791142342031
549.6525014163814,410.13200953593713,28.54584977973645,71.72932836058294
547.5802186211536,409.4223556534365,28.064133300786967,71.60654210244913
544.8259381124898,408.69641736461233,28.977551391034233,71.5267043710707
539.4469738483409,409.72150662910144,30.454210564660507,71.02340406787091
537.1958509542441,409.87970351406284,31.824816033592473,70.70701029794822
535.0945767978632,409.15795741336194,32.85659776593949,70.56511920914255
533.2657989889386,408.33985240829037,33.311363293369624,70.59993417407624
531.0098989650622,407.4834876694601,32.99363630504828,70.70282130637872
529.1612109206463,406.519380062915,31.873629662385145,71.02524227563727
526.6731561908854,404.19497965741425,30.48629785949972,70.90146213983334
525.8362866281296,403.63503090039137,29.03079074444765,70.45673653359731
524.1019649662315,404.47481137469447,27.902231460304534,70.30957645430415
522.3462523794261,402.1608623309151,26.883156490142976,70.40697439809048
520.4549605966633,402.8276280107278,26.185816737680867,70.56675081112772
517.472326987232,402.16416110298974,26.218896853829722,70.41063785092533
514.7161575783371,402.21694414221565,27.287015196569126,70.30507177247357
511.3638353802512,403.15028877951676,29.494384792391863,69.9374740979877
507.810678209028,402.53601624581273,32.00130183579142,69.63288673238003
505.43979582092953,402.8112231590239,33.59732500818322,69.08247290595773
503.4443250889953,403.0455557890392,34.40290377266037,68.6138076459271
501.92940761207825,402.3375637358133,34.23315937142352,68.43000207484346
499.84566953862765,400.8498067297715,33.61814948124665,68.21719206220835
496.56759794434623,400.1810575180559,32.27230952283237,67.9742938562441
495.0835551254071,398.62907310223216,30.580028389612533,67.97135150715954
494.2924638842616,397.1107989564675,29.114594997057104,67.96028392384251
491.888207367038,397.7205109298798,27.931803366748877,68.23868614320678
490.1708543020684,396.6903928765591,26.923905889692108,68.81805438084965
488.3061109762556,397.4027739192124,26.239736299685664,68.86451104275378
487.75707781505275,396.2612646491276,25.878188610543535,69.68791557137556
485.99852008902957,396.2370867879132,26.465483260165644,69.73627129380442
483.452571698413,395.5222888385928,27.128844697901037,69.6896887446127
481.01066487061166,396.43674078326563,27.550411223039827,69.34820056542158
478.5424258974933,394.79742708001544,28.016744629837255,69.64673161229577
475.45485042693537,394.86663036312876,28.181215217883057,69.50832504606915
472.81341105815994,393.3990946590329,27.449660731331804,69.43617984220981
471.79626633010844,392.08022039586854,26.504923884627193,69.09490206573085
470.9155211912577,391.65684399675604,25.331046963349586,68.47397126446634
468.53603638859977,391.6350317748085,24.339400054767275,68.51759570836133
467.4824656488246,391.74660854572426,23.605866683007797,68.29444216652979
465.6776803003124,389.82296913107496,23.003976906823507,67.93026052261976
464.32910404673146,390.9378917154629,22.92581994307912,67.08807008929696
461.9302372266755,390.6714640877697,23.60086695157164,66.24669646747691
459.05083065874186,390.9909486227506,25.236183162501206,65.60772739751513
456.6790827916336,392.0343826347527,27.189982667887897,64.91570748792581
453.75165524609815,392.3753027276834,28.78561806772365,64.23386730206452
451.11550038591724,391.9385494089268,29.743820148241163,63.669338059629624
449.44273535878847,391.3453440502939,30.19611785560938,63.4091326034508
447.4944962903944,390.7347534807395,29.740451436121443,63.17959889046749
445.20374020420434,389.38969996528596,28.56426564846106,62.99085694135428
444.46598284619154,388.51830387435155,27.207577930909267,63.31754790643441
441.49935454153183,387.6341455179553,26.156082840400256,63.688914279261255
439.8494506498368,388.95127332872795,25.304872431429946,63.822004119289474
438.7845422938752,386.46271347360494,24.69386059572717,64.68788100809643
437.6999866063008,386.4276545476262,24.119157718879244,64.7579988600538
436.42563927000987,386.66682285963594,23.94271114720475,64.27966223603437
434.21084431960855,386.1693048240061,24.314690688226662,63.92216152070053
431.85246234810063,385.7179453322811,24.969134374221632,63.47077375181027
430.42393553554734,386.5356213408371,25.107469571983344,63.19478094837075
428.26804717279066,385.9686604797665,25.345658221216098,62.97083997841845
426.23274551815365,385.8872937947813,25.339588825877332,63.13357334838884
425.09561194438163,385.0654846914786,24.891604020160162,63.416065578363614
422.7169436200451,383.0085760802758,24.22019936972972,63.45832682644152
421.80130984370686,381.7823946399361,23.359959937012963,63.21918272172776
420.70071694943147,381.89090174909194,22.90747231894952,63.00216850341609
418.87658186629795,383.2286141716716,22.609073017805475,62.95785663653079
417.073313751887,381.066088901474,22.287043801168352,63.354341731466945
415.0710159421099,382.41917922399773,22.363607271670634,63.266849185787294
412.8426119302104,379.800504803484,22.89195981428835,63.26625738523988
410.82805528924507,380.61794614548086,24.28296665507486,62.95042792181828
408.5185403082953,381.554447735792,26.22281775596317,62.41701417170157
405.84514583626867,381.8499278962309,27.47010542106996,61.82605385082372
403.9961611397444,382.887626742065,28.408127943778915,61.130629594325356
402.394335128177,382.4352767123048,28.83914260163269,60.64901097120514
399.61436249657424,381.2029825497556,28.85178697768986,60.33994885272939
397.8919149975823,379.8308341466853,28.149067611087045,60.319169415812354
396.52350910658754,379.15642744154144,26.775941825833897,60.29800363701906
395.2087911147511,378.29144380182885,25.36858077808003,60.68237190596867
393.6772295547614,378.15169860309464,24.452808476934802,60.961862303437066
392.14747932025557,376.61992195953184,23.570203770596066,61.3973454736624
390.498099750099,377.17024721217433,22.955462972460474,61.60119494786029
389.29054489992825,377.2658067319508,22.77784109178561,61.41007590830734
386.61961963372767,376.7662273969931,22.957990216763548,61.11880922636708
384.93638382487256,376.86550038678286,23.745465768026794,60.92026324678747
382.77199189947504,376.94022022722123,24.171877611328107,60.77082356591072
381.28031821094106,377.16121453421204,24.54268555547113,60.32883495192915
379.20850233127885,376.48438619261265,24.76676179738223,60.37597312932345
378.01066947388307,376.3059220550704,24.540055145226447,60.73290140440793
376.4160819825387,374.90482099181736,23.792349207200697,60.91051625043773
375.48921741262444,374.43109434065036,23.043097690185085,60.556479224349744
373.28309764611765,373.1654424517455,22.323478934723376,60.52185385792174
371.4673802486369,372.3869955470923,22.14639200798941,60.809240426663024
370.2271476157276,373.58916237920266,22.086014413946188,60.94574962230424
368.31102320430506,372.30723933837737,22.104416857345093,60.967031450990646
366.2415591453117,373.2300212577523,22.4275865972361,60.393387071606085
363.0856325085946,373.4287854026897,23.661257374310278,59.9958587817313
360.46209368068884,373.66288513474433,25.050351417950345,59.527659317622046
358.6138137123807,374.4825877542606,26.13895580219063,59.19223185477754
356.14292023347406,374.18084157497924,27.125680647616136,58.47737017587766
355.23098847442674,373.57102725686514,27.624260512051606,58.37171515844672
353.8090133220873,373.0037651947074,27.80330952542653,58.17378863711032
351.9714598144923,372.5474601716699,27.480362913699548,57.75371414087955
351.084906607657,372.1480861719015,26.611603117644997,57.231529035553734
349.76235728751703,370.78686416202265,25.36220743686577,57.35764350793879
348.2905828632984,370.8141520989918,24.47151255717679,57.303067634000406
346.80493700273354,370.9137252303666,23.658082194424782,57.103921371250905
345.27358396485505,370.2316952872768,22.987953112995157,57.22370287170155
343.64455840790333,370.3440353157096,22.543776561478456,56.99902281483592
342.43435388034936,369.75496583848104,22.51836555562009,56.954251738809916
340.4327214731871,370.40719832829416,22.85619513422321,56.87159850442428
339.0243858907491,369.8789528908465,23.21955565304382,56.70143405629188
337.5749138075941,370.05117483407656,23.657146365889012,56.35699016983176
336.9232412835558,369.47336403543767,23.72701312733969,56.27913348048357
334.67542989338557,368.7716105393696,23.28826788440759,56.44904846680157
332.9929609018616,368.38813355610023,22.968429899678384,55.987743777414515
332.0558273747504,367.0743913770228,22.410860539084027,56.18339172075266
331.24868764625234,366.3626699514269,21.60754058177029,56.39803486478953
329.08375254105084,365.7396565783095,21.147409352394586,56.446561251079615
328.1912804062754,365.5830347424145,20.552510447241417,56.759804922869705
326.5262522940233,367.60613021147446,20.331566498929497,56.26461415756566
325.94204219966605,366.59489300331603,20.3274001789991,55.941915556592676
323.1595932208458,366.2890227546925,21.22071522398455,55.38576032567596
320.64215192605684,368.27653808689263,22.72752362188149,54.93880385295678
318.1482224600371,367.86778444520456,24.125867541838193,54.5598061323053
316.5003604785173,366.92845314491154,24.990087468535435,54.00696469654893
314.95048999419834,367.1450598873657,25.64405430457218,53.57375121164071
313.5960797736707,367.3811932623569,25.896899942753663,53.101484461658345
311.9781030304656,366.9787616488652,25.456387817542918,52.680859151434646
310.5357573795037,365.09922214258745,24.706004033398298,52.80486307792167
309.19034209592405,363.0841924938544,23.79556132754186,53.233649102372105
307.8352226198614,362.2680080759489,22.93368151028608,53.67531168172279
305.868898357878,361.5646822465673,22.138698217077078,53.90005538619195
305.56162263321244,362.60343333259414,21.582195707425775,54.16466113210327
304.0786760604789,361.3387390870092,21.053244824779984,54.36415360453124
302.48394054895795,362.5654744901195,20.767663053807507,54.227384660986885
300.5799171641903,362.1278387320689,21.121921276009964,53.95139332797726
298.61983587229713,362.8599559572646,21.581132594666432,53.64080929929568
297.2294345640369,362.38324971436447,22.047159960224313,53.43683415961475
295.93994732638225,361.79512345146554,22.300644330447696,53.450341632869566
293.6432539149705,361.04968003178385,22.224263801653418,53.77378663432854
293.3002064211657,360.4156567353335,21.73960511608253,53.87107955404875
291.1691376646273,359.39999333740906,21.34762290035102,53.5753464854935
290.3299987410375,358.68188221862056,20.721345462171886,53.85929108039116
289.4100536366292,357.946124821038,20.270941136622792,54.18565860837336
287.94297342056836,357.2896223086797,19.779910182284755,54.356933170936706
286.38932844865377,358.99276431330077,19.481238744320134,54.35661054348846
284.6594422945612,357.9367859610175,19.55128263284281,54.20874830161339
282.77559648029313,357.47577421577074,19.931781179202133,54.00170743138129
280.4226478653912,360.16756237913484,21.238738888665367,53.1500504651075
278.4883731192067,360.4197984254557,22.81886389431388,52.64557837246567
276.64399584441213,359.63145671926964,24.177660313522573,51.89230365445742
275.1437519982798,359.3122805717947,24.82233217225653,51.352748032642026
273.7127688415651,361.2055334869239,25.32174163995315,51.11007747098283
270.6311718972748,358.1328274173607,25.552940628279686,51.323494709855034
269.7100609961155,356.9108401891587,25.0081107565985,51.38041749225928
267.843477250007,356.16121384535853,24.001635570877,51.6947595103751
266.5978292219544,354.8733048461065,22.977064030661314,51.92666577799838
264.09262673431783,354.83030791554705,22.200710844198078,52.01265963911733
263.2789912594505,355.257849818063,21.538186326691857,52.3024735677059
262.96727786853444,355.694490115427,21.024278901065472,52.56652718043637
261.4474115218354,355.0782626411864,20.668058765571296,52.666997852620064
260.23629696772497,355.0122370795723,20.836162481172387,52.79904897584828
259.0237868757915,354.9643785715022,20.997244903930262,52.8947659919885
256.5232438725556,353.8055401576061,21.453429895451762,52.93999231230566
255.05423426187596,354.4190905096948,22.101416669408938,52.85790783182934
252.5431309998105,354.97555338837094,22.50221159442502,52.90033497425578
250.74411927696144,353.2889302680995,22.61103154836383,52.784377723039356
249.73025694972458,351.0485319098486,22.31212430661602,52.61191064709822
248.2838058619728,349.0795623801931,21.738426300076377,50.77218273633711
246.8964721451134,349.94178722333123,21.156751206476482,49.047733050060856
246.01226642455438,350.5990356721892,20.75806118661199,47.73323615234497
243.71654399951277,353.2344197041995,20.062092562898375,47.74988156212107
242.9428001686353,351.4483386477927,19.518751518234097,48.18580061530588
241.25050566220506,351.9323005532642,19.777203242051083,48.25992256737732
239.28871682676632,350.91930929549017,20.557633698529727,48.19047360665956
237.18954823756883,351.98149270388006,21.57429636771283,48.187223129354386
235.1106768570402,351.9905014679729,22.4967299974194,48.16920560116881
233.74045180521188,351.9843815943823,23.04850840571826,48.181445348349925
232.02097073343847,351.5607344432533,23.17505970061128,47.92460270105665
230.49126303212458,351.9724846236804,22.92670452471562,48.20369253304363
229.58170118871976,350.8434439633675,22.54114837960219,48.2570940217463
227.68723960685733,350.1350576759313,21.944505778525517,48.57747515541841
225.3742761041786,349.99668004580485,21.117416200449846,48.854230415671296
224.10654661788425,350.42927421356296,20.412709080868716,49.06909744421169
222.80220675582535,349.65128711684883,19.80933780155192,49.55438796982848
221.3455901459191,349.4902941493872,19.521758533270635,49.87637390475177
220.85771621520922,348.890154961438,19.431078570772385,50.010224456732196
218.5272506350609,348.2665934323628,19.825101698112107,50.19062050664331
217.24626905293212,348.304005318939,20.23431755718364,50.11579673349089
215.9492667045979,348.28664361059725,20.663116731401743,50.15052015017444
214.17286209741692,348.3019108740318,20.943715778508906,50.119985623305254
212.50431328853924,348.2087880101733,20.994975254660783,50.30623135102239
210.96605622108206,347.65337365532764,20.774855301657887,50.318182031407844
210.64612341103333,346.6042917099009,20.319579450300097,50.22606297935083
208.81530761328042,346.0424753931494,19.638367299651815,50.26398467631529
207.4716341611124,344.9098621494935,19.103453363451955,50.38103726993654
206.58379066339972,345.5960367818085,18.74680278298714,50.07485679325171
205.0765898837563,344.9133439211534,18.595124127651438,50.38488244302104
203.994449575737,345.4562125616621,18.64527175137735,50.35621165815997
202.26662693964974,346.0077578784227,18.92823466621487,50.310681810417854
200.78655237131753,345.5131227942636,19.764368836809993,50.23794449570128
199.44250777228888,346.757996703212,20.30052213506648,49.900132577605355
198.2036152221662,346.37821564512916,20.616957136676977,49.57901964445362
196.16968503117127,346.42665648379193,21.439806792205452,49.482137967128075
194.28710983457339,347.0184929238246,21.920446221786367,49.39330207493438
193.23842030306537,347.0774456734303,21.813784616034027,49.27539657572304
191.74858272058626,345.7301509766256,21.49815907846893,49.7731188343168
190.40297191459788,344.80541255600394,20.889142544830918,50.52251629368868
188.98955110822777,343.7060531958116,20.415622894235803,50.520994171849836
188.154308072206,342.9362489179787,19.90276600937909,50.96893124906545
186.64468453597365,342.35335403519866,19.655152844943146,51.04576760232535
185.60443687863688,344.75267845802546,19.56441148732837,50.589592101248385
185.17381962236834,343.4818164636037,19.34820626855864,49.8989968961715
182.3643873587915,343.197053450153,19.648852229256843,49.4048792097818
180.66084917187408,343.60544088222036,19.870169056619282,48.58810434564715
179.3620390444695,343.40569121869555,20.359585978615705,47.93350200629041
177.8555738335006,343.1656046693451,20.212502458516354,47.36033712431218
177.35349011083977,343.9257315101774,20.174221894130934,46.88253145235471
175.96023419661188,342.42377151383147,19.85615509566225,46.78187281812204
174.69157143155678,341.64173434893746,19.31014620565111,47.318169007869585
174.42112305463723,341.0514939306076,18.82521613309452,47.4728230181336
173.0581908985339,341.59727127593345,18.492865931457704,47.400673165429666
171.70750217938271,340.52156743411115,18.15697966798894,47.527238381226866
170.37990276418444,340.9537870543081,17.787536639172878,47.67101309390377
168.8727037056638,340.3455736486375,17.791048861465818,47.88381127366224
168.150894744185,339.94139209797794,18.227926074849538,47.68543366540748
166.03729830807734,340.5645496901881,19.41984312630764,47.450877087906264
163.88336932900853,341.24372521352456,20.638624188416557,47.12221833990951
161.81867931792962,341.35363289626036,21.628426502734488,46.902402974437905
160.54390758769955,340.3499684315431,22.05653274536077,46.78829468603851
158.7410364663599,339.8683618524019,22.4626618431022,46.684970129341686
158.2094950094609,339.9692709186943,22.45363860212946,46.483151996756824
156.8496770378818,340.04755769209885,21.966264565894594,46.326578449947796
155.14238935340853,339.04001540079304,21.14790209288645,46.22519411158203
153.45791122419752,338.6004665148395,20.34702870942571,46.06183447301836
151.83202935116276,337.87341043346646,19.494709548113615,46.489925908919076
151.08833241974628,338.9043954900523,18.94779255143453,46.46226665525944
149.80390769573384,340.57120725496287,18.495525564409906,46.14975956048786
148.9320010974766,339.13857624988657,18.250387015289313,46.03159395218794
147.30570350221308,338.8940002442997,18.53778979607695,45.53234849344841
146.1887771559356,340.6257540723476,18.798971354124113,45.027847539114376
144.55281642534325,340.23379890438247,19.11979117216572,44.82805732733043
143.5864369856318,339.3092013770568,19.079553957512147,44.70425628790516
142.69684939948596,338.6275803675714,18.890737232419326,45.08350235818371
141.30535294027456,337.9064256798803,18.7153337385649,45.53967959614016
139.950459166413,337.3530693957169,18.456319396282947,45.656791534465356
139.14573447911954,336.27906649735627,18.092414224985358,45.83144278530211
138.38406017669217,335.7125405726516,17.650374159459663,45.98180029952123
136.10198350948554,335.5688532396269,17.329853281852497,46.26917496557065
135.81361104249189,335.0250518115189,16.931304773300102,46.38148437924697
134.89366882926444,335.93196999378233,16.831767874907072,46.507069339568
133.84348315753778,335.90052245685087,16.992725202809055,46.569964413431016
132.13677963028076,334.91714594167865,17.485578819682523,46.58968181868169
130.19530650984098,336.06547013791845,18.420449340485625,46.258417239586365
128.70226078647562,335.72179520290825,19.41714172167695,45.95106757683708
127.37415489761136,335.8915377743838,20.057361761782207,45.611582433886056
126.15097917113782,336.1016965145134,20.474927698783947,45.1912649536269
124.41517048638428,335.7007247562257,20.8996399321751,44.97757342483016
123.84250274473895,334.68860929028205,21.025009744738288,44.9618730152627
122.01475563691324,334.6858658025226,20.59279286857292,44.967359990781624
120.27065342972267,334.18111908334714,20.023207162667,44.962405899060784
119.66720070781025,334.13290556313905,19.221355290426906,45.05883293947693
118.95625313414683,334.00668019901565,18.659986395211842,45.31128366772374
118.14287711630071,332.90608722418847,18.316093804160456,45.54182499063448
117.8107713089047,332.81639474527265,17.99778427204768,45.72120994846616
116.85606418817173,332.94084729127036,17.948365414297236,45.472304856470714
115.3728744489815,334.0646452415863,17.989885321278166,45.17461533677194
114.83238122926628,333.74231142363686,18.09945922064641,44.84787043260854
113.36394317100782,334.71423391710255,18.13034462000224,44.84135259045113
112.89490612164502,333.84556562209525,18.099298479140018,44.640448701290104
110.99186378750835,332.71910229443694,18.042692980716886,44.96203027325849
110.61839498773014,332.71298978874427,17.820335407386082,44.9742552846439
109.3211374336306,331.8061866794289,17.51834949708474,44.856860824274186
107.9521811255068,330.44041221408906,17.38103359949362,44.713181241115166
107.0958664464338,331.01381321286476,17.185893112342907,44.520264166212144
107.31784277215749,329.9625586106751,16.74194046089554,44.727542987084604
106.03506619427417,330.37059069694106,16.479667604291166,44.85408748534303
105.62810187590294,330.30891272695516,16.353905436706295,44.977443425314895
104.1776515636409,329.88608330576426,16.43725618796513,44.88391897660822
103.5302791384238,329.9881098536336,16.792649325817194,44.67986588086953
101.85861545166927,330.5718867366693,17.307461314688183,44.45515057634414
100.63097124865556,331.2301999409373,17.865031299965437,44.087383378183134
99.41350380437062,330.938978955235,18.392906558870042,43.716295534755176
98.24518129469296,330.38301508815005,18.814436976717303,43.870665968170954
96.59770750510529,329.99880006947694,19.207632243219017,43.67184523462612
96.03521351512941,329.4949857045391,19.36130948864083,43.70816322997172
95.11009891955244,328.90442431642725,19.262452448617516,43.91474289060686
93.88012423104455,328.18870063620153,18.795011886966353,44.37039360483593
92.64118075463611,327.12943096156795,18.350499897196954,44.540666992378895
91.37714016560929,328.7105034500387,17.972467191168526,44.284635899519415
91.13846872563082,327.64162209154915,17.491524001941247,44.50582647813006
90.26217964686654,327.53008752465604,17.338335707562404,44.728895611916286
89.88101404842665,327.1240216463697,17.14732153974604,44.587682003792786
88.54821042314015,327.19923932388565,16.96925524641015,44.43724664876098
88.11556843522253,328.729821918375,16.8920046264139,44.20368524727661
87.2324241859462,327.70555629042224,16.782702878813804,44.37662625702953
85.8482634464148,327.1672193491552,16.73608998229455,44.5149886810364
85.35823072622387,327.11569853007796,16.776698841435344,44.61803031919081
84.06302492971965,326.791422618469,16.542115905797054,44.324917299526376
83.26277406324945,326.40896429807435,16.276140452263398,44.15659534707878
82.84495163114566,325.6288740870252,16.185754783733433,43.864714703701914
82.0751806938388,325.71799659477904,15.884856973626611,43.68646968819428
80.7755684987049,324.2128120343591,15.747383625614347,43.9601410707541
79.90851683001141,325.10888847110334,15.654172738742176,43.9953024215247
79.45939909836116,325.2187543787784,15.639938531321151,43.77557060617465
78.01593109544116,324.2929999290428,15.799658582396878,43.808935535802945
76.50838457191327,324.36608017385583,16.077424312620945,43.66277504617691
75.25908488084497,325.324815764508,16.745277671762445,43.57604988786759
74.06117529195903,325.0608621653096,17.288793603197547,43.177805463096114
73.40671303027958,324.77684665250786,17.66756395984313,42.81568232198622
72.75804176346482,324.43558315086506,18.033224931482227,42.56652776328129
71.70465015978824,323.96972566176646,18.27086624941861,42.56367179677015
71.22440559274715,324.2005514382088,18.29262132619622,42.10202024388545
70.00764399405357,323.27126268017537,17.928834949721317,42.09572471071091
68.78840674304612,323.2829004647486,17.589558325255968,42.072449141564455
67.58287802374193,322.7223010992802,17.241907657131012,42.274078503590246
66.79524840395108,322.6634590611653,16.98456685046898,42.39176257981992
66.48996677087239,322.19795379354224,16.681721605109676,42.409364603549434
65.650338498253,322.75936969451,16.544477410855276,42.19478317136053
65.24663851324368,323.75124229936023,16.449168100856657,42.01645652169461
64.81970720132098,323.3779540174607,16.404591007869023,41.86459336866058
62.626096074629885,322.9554331226528,16.314519593977796,41.81417642482177
62.10977398977177,323.38342780155796,16.45404248691546,41.85130834379007
61.6568775615855,322.87571330501135,16.463682592259946,41.97058458585524
60.747513757241556,322.97460613540386,16.486329964550396,41.77279892507017
59.87497682353643,323.6041138676544,16.44020118013657,41.4093847864811
58.721516048932386,321.24663936902493,16.078475508327525,41.67658841537822
57.45940200647253,321.3152660283614,15.941962680061671,41.53933509670527
57.55205584694983,321.2728324034403,15.756654999107072,41.62420234654744
56.306821939629835,320.2859484259742,15.605979206383276,41.83720789657042
55.080934012422304,320.2349715113296,15.415589042961878,41.93916172585965
55.12781272000286,320.058622391048,15.321831627800774,42.29185996642284
54.1567013360109,320.58237183252555,15.49985538718382,42.1264605877682
53.18825966044518,319.65466892874946,15.670837801853473,42.21596545885854
52.027364250671546,321.6356708545621,16.217993568356714,41.80323171332133
50.51345224182425,320.8432568096652,16.57211425139515,41.60559091334425
49.901196011425306,320.4089747001277,16.90189781037564,41.57942623060185
49.28932873613019,320.45383785357717,17.225398491151154,41.48969992370297
48.798714774123674,320.11290481876654,17.301933365144887,41.266872943304904
47.52182001375352,319.7249927634998,17.147220353859836,41.13986287649656
46.30107815883777,319.1660931671027,16.893937876507202,41.35940667356267
44.75341429582603,318.6414873910927,16.4015820617163,41.51169734037908
44.835007739316616,318.8839355692271,16.238395174735135,41.02680098411035
43.55051382205538,319.5000321020645,16.16606779619844,40.67504632278863
41.82281013238663,319.09397143863254,16.12513426458008,40.61308242191357
41.92561254545994,320.07583308791675,15.919529438433463,40.39428374589933
41.56954258314167,320.16889503029114,15.766029973202087,40.20815986115052
41.015439916402066,319.8510270938007,16.014018564366296,39.98367899181646
39.69319778666857,320.31359837945854,16.074243955998465,39.91995604311238
39.236635416561725,319.829953082292,16.125792189406283,40.02567013063971
38.37604789766297,320.3831761050523,16.118930721205082,39.78324233811843
38.42448992140688,319.36667237052194,16.022046673717274,40.095442281712494
37.259914759011075,318.43745388905046,15.761681648852209,40.22753567821764
36.01711795377687,317.63615402648145,15.66602293572774,40.10930052096049
34.78530526246683,316.8968684615641,15.558632573835224,39.87386115445335
34.43945303566269,317.50711377384886,15.398638731592934,39.50506882573448
34.07751159260284,317.9513969661344,15.278988911461058,39.46003514741501
33.331942990928084,317.1151216463604,15.088643370214276,39.4511030423666
32.88880472099015,318.42747508140485,15.137722565822214,39.33798820508147
32.03960946778025,317.21909904847064,15.163203652041283,39.245376140648716
