130.5,132.5,31,115
127.79002302004614,136.90794343029648,31.015907775857734,116.19422859953207
128.58623043061274,134.20514327343417,31.642624043804304,117.16156673509721
128.67491506796395,133.7347883265728,31.46525476910188,118.10227662881994
127.1577115992508,131.99754751407622,32.24521930901068,117.06787345877814
126.92809179355477,131.28082986650668,32.70445892040275,116.2467714267103
125.60084436298169,132.34711797790663,33.10739060415027,116.365758381309
125.28550377744914,130.26144407408373,33.73807177521538,116.01555774415525
123.88661915179303,130.95409443207265,34.268247341104,114.63025702817741
122.22621294288538,131.18872903108564,35.33119338636578,114.16098783015147
122.97618712191002,131.29621002597787,36.10215147470605,113.94602584036701
123.4021714101799,132.50714793869017,35.25018289816626,116.08831299166735
122.4538521965199,131.16582954679058,34.85011038362609,116.47423883360634
123.41124514064637,131.21591251727747,35.23007986001953,116.37407289263255
123.2472899838761,129.88771429981813,35.55799017356009,116.73008497342525
121.66717182620732,128.02911921515425,36.40672708980878,115.82427634457525
120.27604950982477,127.77403156607333,36.87462761782486,116.3344516427371
118.4780735331142,126.5840088378305,38.14037340816932,116.38429093614607
117.25133818136639,125.66764672088388,38.23966645181499,115.86283751018937
118.478664203621,123.60263595510435,38.133596785163526,115.29569428603303
118.64286701239806,122.74137728006681,37.805191167609394,114.6796395617968
120.10903336104126,125.0302101307622,37.19665132745953,114.74955957467913
121.57423699094996,123.5575778597381,36.579867207601836,113.06757783680791
120.7744683647941,123.75350020072429,35.901008492078475,112.67573315483556
121.00736969176683,124.88855396689782,35.435205838133015,112.66597337098071
121.09515757655743,122.69913887372321,35.2596300685518,112.54154812520491
121.02504333257369,121.93945071622748,35.399858556519305,111.81429983743536
120.60256470387758,119.98785972126309,36.244815813911515,111.23969676218857
120.92382408668462,119.6097158628368,35.602297048297444,111.99598447904116
120.56604559891808,118.83268863194846,36.31785402383051,111.30483938751222
120.66907629267482,121.00847011104074,36.11179263631705,111.45034708508712
120.6082354427069,118.98298433054455,36.233474336252876,111.00767801368534
121.0146624555619,121.5400823779418,35.420620310542844,112.62177108812861
120.95025859031821,118.70328965373984,35.549428041030254,111.54316132762571
120.71682722147656,119.05150186044843,36.016290778713525,110.84673691420855
119.47661471486062,120.717316318885,36.260226400001365,109.75159738927948
118.50735123792091,119.86652817919546,35.973360509655436,109.22778082443325
117.58304410277339,118.5113691251034,35.60928842975933,109.72541258242617
117.39468153394704,116.95884165220397,35.98601356741201,108.4043040052102
117.14136263995591,116.10647029747312,36.492651355394266,107.90784246013577
117.6565334468378,117.06228232699233,35.46230974163049,108.19961902921514
117.73707665729376,115.14351690067873,35.30122332071859,107.65975562328842
118.18369530546002,117.486591066761,34.407986024386055,107.32974192352336
119.3885267766948,115.72031504913532,34.15529686595082,106.54834639070603
120.62395591634223,115.93977082729387,33.82566865866988,106.10943483438894
120.7285786388411,117.34714051337237,33.61642321367212,105.42362881931027
121.10678114796147,115.20645596939296,32.86001819543138,105.47430545406141
120.3495391522265,115.14498185801837,32.27238026126241,105.5972536768106
120.40732023698752,113.9479573428112,32.15681809174038,105.89830094369589
120.14728005428418,113.24159186627575,32.67689845714704,105.21590652340356
121.91376131231473,111.86116215325109,33.33409014677325,105.88168884660928
120.96997662351134,112.98111750522727,33.10501368212384,105.75842398491307
120.2353186368004,112.07688215816525,32.463657188383415,105.4562222118748
121.50240544769174,113.20758971954909,32.02402589593502,105.28934941844139
120.34452886882589,113.29782841712377,32.2557360005284,105.10887202329204
120.49230864869533,111.59868904054392,31.96017644078953,104.33559970296801
119.53923634422829,114.8152425093906,31.796968102886446,104.11055160578623
118.82866896196974,114.78711137676513,31.154958055862863,104.16681387103716
119.25170151285843,113.30788320897102,30.308892954085472,105.07322863306025
118.9621488871339,112.72376283418308,30.887998205534544,104.19235501143633
118.74372636046401,111.12800505584927,31.32484325887433,103.2889802615579
118.72096477013832,110.09674181639454,31.370366439525696,103.30873924057205
118.55478180303874,110.90605758133536,31.702732373724867,103.73399830972537
118.7130005568364,109.18621478752854,31.38629486612954,103.06154963860779
118.54338767549521,108.61654520757543,31.725520628811935,102.16020352319447
118.61576413537895,111.6856440900532,31.580767709044423,102.12456880167801
119.96987252928703,109.4755370286321,30.903559227643342,102.48276631169009
118.15997435808698,109.35156097148445,30.476262693896707,102.7307184259854
119.14574350905743,109.49997843073588,30.52384823999423,102.43388350748253
120.11577647402606,108.16515104589806,30.599591557306034,103.0877290299091
120.67099206568693,105.45191512998302,31.51562470147381,102.43480787927055
119.02739354287023,104.57351789576258,32.76862127943779,102.15740188004199
118.60331803585237,102.85982506029298,33.6167722934735,101.47804260029673
118.83325332036847,105.79988958648161,33.15690172444131,101.7757578988406
118.89191946178025,103.09709303682664,33.039569441617736,101.01609879927854
118.87980503647444,103.96889925395476,33.06379829222936,101.31461929737985
119.16784458430581,103.80838450361904,32.48771919656663,101.6356487980513
119.28181219725809,104.69678017423627,32.25978397066205,101.89965401506197
118.84999257537457,103.8426511764531,33.123423214429096,101.56756463735896
116.76142295649646,106.6898372440036,33.19754141183035,102.02772406279043
116.81458464523118,104.76719860226106,33.09121803436092,101.75417917849029
115.96040749366526,102.18809109965392,32.7460006146312,100.7516790151199
115.4125053316728,103.80287482566942,33.841804938616136,99.55509870999866
115.61158634358088,100.88384456246231,33.44364291479995,99.28510353476878
116.0001953031525,102.80962361233867,32.66642499565674,99.48334953973006
116.85540747068107,101.26170149605885,32.96949826994044,98.55219855360795
116.17037835033099,104.07466908879249,32.333756495412224,98.94366341382585
117.53622660314889,102.27253845213536,31.601783515406566,98.54847763587976
117.70179509114024,102.89093300139433,31.27064653942387,97.31168853736183
117.8760227023754,102.25707672121877,30.922191316953565,96.62239137436217
116.99803963675424,101.62874353241423,30.73734487970699,95.93824518348235
117.93972734476391,101.72665784799156,30.781667194775054,95.7424165523277
118.034131333924,98.90102793456377,30.592859216454883,95.61648100216965
117.77066171598449,99.29354782866683,31.119798452333885,94.83144121396353
117.79880996264687,99.8251440834887,31.06350195900914,95.68724320057353
117.86134229777642,97.74283596436888,30.93843728875004,95.99160677049304
117.98830891351156,99.00341811716856,30.684504057279746,95.40259548527918
117.16776771823415,99.06918061746698,30.406467411334656,95.27107048468233
117.73152162461162,98.63436299826957,29.278959598579704,96.14070572307716
117.72559108362029,98.0088206458636,29.29082068056237,95.48813615166907
118.7603540522894,101.1822630058393,29.115925413424385,94.8251434423184
117.66259451294248,98.55798575029293,29.429441845643037,94.42769001398554
116.67181820974753,101.46740907731274,29.52883151951465,94.25533215750079
116.72142863663305,98.10254139287392,29.429610665743603,93.45885562016873
115.53924085181278,96.47820680625696,29.92556083487286,92.97067399238006
115.50744433790092,97.93953491822418,29.989153862696583,93.78926922373272
116.51804186046544,97.12554943689392,29.851378901164022,93.53382010279677
117.51007622008683,96.33468391302512,29.74456827849785,93.23829305395778
117.63931583661494,95.62468783315188,29.48608904544166,92.78718837289135
117.83233676248764,96.59483070667935,29.100047193696252,92.70683762301088
117.11666849550065,95.67527665641447,28.679703073412547,92.69426506928295
118.2108649120941,97.0091402214372,28.33505262380751,91.87028032281933
118.29729462001923,95.30619881500755,28.16219320795724,91.62477349361387
119.24451499920606,94.32686263441886,28.0867722919136,91.76442601246123
118.11654913365854,92.63654959002457,28.523101007507464,91.50584607024746
118.07663820004039,92.6205229689985,28.60292287474376,91.53789931229959
118.12676009557957,92.45806401904724,28.502679083665402,91.86281721220212
118.218960132739,94.09442058571398,28.318279009346544,92.24747729854563
116.97733749429618,92.39906008573197,28.97079506811926,91.9767398622837
116.21034635281838,93.93618392040528,28.665836824710517,92.58037324566578
115.31993747973523,92.34080458755729,28.60478265668384,92.08738808297593
115.33120031950132,93.87103563688012,28.582256977151665,90.86068196339154
115.1168073912743,93.58038296355141,29.011042833605707,89.62604294358079
114.34428120529417,95.65802269211454,28.749787510597947,89.08337887639067
113.18659755415024,94.02881352186856,29.271356585353317,88.75420076181769
113.10844813172126,93.32070491781693,29.427655430211285,88.37172802710353
112.16975295193816,91.53574952021509,29.50893506957526,88.34941738190277
112.14535953990887,92.37090398456624,29.557721893633833,88.47638877144514
112.54063374870232,90.98729925901469,28.76717347604693,89.44361827254723
112.6045765866414,91.94959916892486,28.639287800168773,89.31825317734786
113.47445978856865,91.1832467584369,28.694624113757776,89.05585528088028
112.51744764129649,90.76507118404533,28.81625495991159,88.09981298127286
113.21761966810061,91.92927058541008,29.196952132786702,87.5524554050267
113.20978038445975,90.31387276565275,29.212630700068424,87.22279100967461
114.01125348212241,90.34431199220847,29.38550900904589,87.16191255656315
113.12100353156349,88.67985856995475,29.38789133957735,86.9345842598978
113.02680154441514,88.73633238106711,29.57629531387405,86.82163663767307
113.012700017326,87.73007794305337,29.604498368052326,87.05739195936974
113.13192234534338,86.70791330033407,29.366053712017568,87.32109389952666
112.37120830716651,87.67689608635963,29.107453028422622,87.16315708742425
112.63369146473602,89.4169973358777,28.582486713283608,87.2290586230022
112.93403160142527,88.38252525775412,27.981806439905093,87.53362865745399
114.21526155447141,87.71417798901791,27.177013872334477,87.11265585640474
109.75678893054267,90.7609956202496,27.4096449637876,86.22960908778398
110.62186900167026,89.23273987682265,27.408108946198453,85.82887232530582
111.4680525446007,88.53077268663955,27.438649020929383,85.50989954508026
111.54309887526765,89.45942463656691,27.288556359595475,85.37153545439068
107.05530441292511,87.04674655352194,27.693074546303112,85.05424917769417
107.68554853929759,87.12867602155056,28.149727190761162,84.89039024163694
106.62094396884241,84.64302240817143,28.55575390853532,84.69215019898658
107.40123600192514,87.93636413300027,28.72295670764759,85.01661421043997
106.65810747270646,86.18882504516759,28.473751684224027,85.04076822238345
107.4842889224911,86.99650920651875,28.55264040215297,85.15665151717937
107.30864869001309,85.53455940427162,28.903920867109022,84.6118635863942
108.38089566472928,84.72530459746261,28.49242530984705,84.49737480784178
108.67812868287494,85.51829851765899,27.89795927355572,84.63524308537895
108.60338348263856,85.43784628496587,28.047449674028496,84.79614755076516
108.44620689271048,83.07185402963233,28.36180285388465,84.36822606666996
108.30764694880027,82.6019080035993,28.63892274170508,83.58848791279786
108.23246371473626,82.76875158842698,28.789289209833107,83.25480074314251
107.3179278605443,82.22450098914783,28.906798729641096,82.6317397531249
107.24769520061028,83.726794088759,29.047264049509135,83.03677559600096
107.46631107679376,81.89587955819519,28.61003229714216,83.27231429259454
107.68377236884574,83.78076449859157,28.175109713038207,82.919637652783
107.95288550505109,82.85210892018199,27.636883440627503,83.08136022144572
108.51368378221368,83.71108507439311,26.515286886302345,83.05146224557866
109.78231379311492,83.88696573240094,25.64507242961781,82.69970092956298
105.38135181943447,83.31830557368794,26.216942582842798,82.19101048816182
106.0568493855965,82.40013625699626,26.51528670461273,82.37800986745121
105.95719708984379,80.83174121330151,26.71459129611812,82.1998353481078
104.9893010431629,81.40994636578293,26.99177104264539,82.7020373899795
104.49408275774849,80.36108165798001,26.31137018028406,83.12892937239518
103.52668887374024,79.51942109165887,26.58176754890939,83.14786010564632
104.55838564961316,80.2423912613687,26.18801149495394,83.37155726401704
103.60117815294332,79.38777909876762,26.43686762220528,83.41522272313085
105.41226903641675,79.31645738782483,26.156216052527395,83.55786614501645
105.35223213267703,78.58799236598924,26.27628986000682,83.34718133643338
105.2629745849925,79.45353235410028,26.45480495537586,83.28294206423438
105.01097233496483,79.47843273880041,26.958809455431204,83.2331412948341
105.50990783260082,79.0651762028426,27.638718533387745,82.38187429352121
105.15666190449207,77.86297770958525,28.345210389605263,81.43000736329867
104.99184986342956,77.0559206078027,28.67483447173027,81.36667162499911
104.75578006385871,77.15214584664966,29.146974070871977,81.17422114730519
104.01764539362772,77.0990070993871,28.934891563451203,81.28049864183032
104.26057309315689,77.72864573733382,28.44903616439285,81.70724775969063
104.60330318403535,75.84286561022876,27.763575982635928,82.11221954791361
105.75230277644384,74.57419858992756,27.14215032684192,82.97298005949304
106.13980680981095,76.11151588955855,26.367142260107702,83.25324120988839
106.0931932646979,77.73172665478329,24.793187396153805,83.34718358779892
106.52402185222041,75.37235834194115,23.93153022110878,84.7871214788345
105.70938410075362,75.45732546267112,23.917123505796795,84.61718723737452
104.81622460243527,71.90075368343419,24.062427181032046,85.16626951024259
105.19301842821942,71.05422921943284,24.960318427810186,85.20783953989883
106.5639400775987,66.0985914283428,25.556104183164138,85.1062279597414
107.76156567414422,67.4006522426026,26.517747865219285,84.18055376879491
102.99527295621576,70.2120736781477,27.634758477428246,83.6070557918935
103.10574857971379,72.65238419409954,27.413807230432184,83.81291852339918
98.75552134569817,74.05796298678189,27.642402695800826,86.08487633963202
93.8828815944943,92.79270540078022,27.002569075038146,90.15584400431709
100.76179949701,119.03403611420737,27.458643582559986,92.7520850386067
97.33387028448539,113.00971071842696,27.026770132836276,97.51300395539452
98.94414184765859,115.84719646544536,27.56840213850146,101.24347029138663
98.85183085068485,84.91906235794356,27.75302413244894,104.78533902058294
98.44002882628521,68.02955006239819,28.576628181248193,108.60724565478672
99.75456152732623,81.19507049176232,30.08041638725114,111.20618005265341
101.42947243797434,100.2414443284068,30.99322976633374,113.60846678296315
103.17779190350552,102.4207153885626,31.861191933562864,115.79682631008876
102.84803513984996,98.52860018380494,32.52070546087398,116.89278905824624
103.69969198018441,101.77418971352598,33.07462532709531,117.17331063947486
104.54708960091226,98.0026032354156,33.65138714874709,117.90181240637324
105.47413341418226,91.75588523786135,34.08991430095757,118.93217450772933
106.00585821576885,94.3301424197071,35.341811357125785,118.41435346272061
106.83639589184111,98.5702870271272,36.01206686506461,119.25938768821385
107.73484149363043,98.6813422430823,36.570898816089496,121.39300041090718
107.17599498755631,96.06452231869584,37.688591828237755,124.23035610515856
107.5874463581602,95.1254493636708,39.322855226532475,126.10850201520864
106.64162771370037,96.81903308578131,41.21449251545212,125.23533390589006
107.01864657273883,97.28232587435159,42.996849649372194,124.30874832874952
106.30940171340823,97.44665116715257,44.41533936803339,123.98009774314757
107.20761443875693,99.28587708977132,45.19574547868035,122.87847745925441
107.02154652514709,100.79280600250537,45.567881305900045,122.4398100838022
108.34513696784273,97.90872362725275,45.496322674944,123.05673032543702
108.31477441040047,100.63204959405427,45.5570477898285,122.7764147174469
105.61990594135382,99.38392268980762,45.786287016610835,122.69241967028469
105.65185833191931,99.2007294576574,45.722382235479834,123.05880613458513
107.25093491774365,99.42063095672103,45.11150454262798,122.61900313645789
107.71734127849402,99.46767241166481,44.17869182112723,122.52492022657032
109.55561996512941,103.62278443527285,43.053877430280465,124.42166810905026
108.70437050172289,101.8219140279202,42.19796921860004,125.46500178526207
110.33353769185754,100.75290809629956,41.49729755668779,127.60301364850335
110.63674492687866,101.25989685820122,40.890883086645545,129.16427828736352
112.03692126932557,100.91600727695717,40.676792069980124,129.8520574498516
112.03989105139455,102.06447884031108,40.67085250584219,130.1471863238859
113.63442389109969,105.98195082911579,40.07793466219901,130.1006858535779
113.63825033814766,104.12892279616935,40.0702817681031,131.22220547773287
113.64390967413578,102.26654647853984,40.05896309612684,132.346674936271
114.82646109371292,102.7007902080905,40.30985661328654,131.47818747716968
114.67221866136555,101.73189761766719,40.6183414779813,130.80763004946806
115.73884820299328,105.19535001048988,41.08962478955423,131.69435244830788
115.52884987860347,104.42793414880877,41.50962143833386,133.22918417167008
115.15660939117157,104.20669875099475,42.25410241319763,133.67165496729814
114.58609147937338,103.81452443199956,43.39513823679404,134.45600360528852
114.13616645474028,104.59768529553929,44.294988286060246,132.88968187820905
115.25253426734201,105.3776581705526,44.76395367976557,131.32973612818242
116.75753181989693,106.63455310661229,44.44201326584115,131.50400094724847
115.30008258638486,106.97151461843896,44.67225096602714,130.83007792359513
116.94844239771652,108.71494322039355,44.05479289691896,130.02248227324108
117.41225910677242,110.89199194301764,43.127159478807165,130.98135960558045
117.84236843750637,111.10298333096583,42.26694081733926,130.55937682968408
119.4316016856474,112.93150706923898,41.71985905730396,129.53371408938452
118.3875269720908,112.97662138338188,41.201246956726045,129.4434854610987
119.04321868107989,109.0073343848852,39.88986353874785,129.5942388943619
119.53429203347058,110.90629570326175,38.90771683396648,130.9440818019151
120.99318426107581,111.425658792903,38.564721580515304,132.4801448243919
122.32304300146023,107.47800403124009,38.49512778190372,132.605083301246
122.31793220380624,109.4391692431091,38.5053493772117,133.86393769371378
123.72554047167934,110.87826743351374,38.29869602943191,133.59430450087092
125.02146634848104,109.4121465172098,38.30774457078511,133.9256460385222
126.41143586746436,110.07398160747256,38.133552557631184,135.2077228828094
127.6278420525502,107.80832325197467,38.32132567938223,134.4978686099598
127.63778853906345,108.36097378272854,38.301432706355754,133.39256754845206
128.92570514435135,109.22709588039021,38.32370249380008,131.66032335312872
129.1096065265088,111.14612935474521,37.95589972948517,130.39630757659492
129.2648880539952,109.96921797164956,37.645336674512336,130.20078919360748
130.81388035786568,111.21538613727694,37.08814427167589,130.24924506725722
130.82896610832367,111.37129050791518,37.05797277075992,129.93743632598074
131.02155242245425,108.96942062139692,36.67280014249877,129.68894664281856
131.35392363966227,112.83350565674323,36.00805770808273,129.50701027271077
132.84507167382893,110.38652367283777,35.52616642791077,129.400164664199
131.71915462592347,111.53859736493537,35.28813699863441,129.58588080509108
133.19857219937316,112.81241981574466,34.81731269081809,129.52624674255557
134.51173518894822,116.80576510201857,34.6693066182097,128.97451588963293
134.53312281272756,110.2449221619901,34.626531370651044,129.75735716718913
133.38164628256538,111.706717892077,34.451503061225054,129.31174707676564
133.49493273089485,109.33796393966223,34.224930164566146,129.11242562646473
133.36334288566053,109.22947989503385,34.48810985503477,129.3293937157215
133.3887025210831,111.77036695867308,34.43739058418965,129.186324511712
134.80516281412554,112.03234073736094,34.07085407433428,128.66237695433628
134.88541907715387,109.57514819649613,33.910341548277636,128.67254937652532
135.12288721887217,110.87567225877036,33.43540526484108,128.52072406664573
136.44417536239806,111.04991350303843,33.23095197785284,128.1722415781096
136.71328319965457,105.745753386947,32.692736303339814,129.0631144589483
138.24756788397872,106.21410775482053,32.05585590389492,130.55809469240467
138.4630250125434,108.4393888576672,31.624941646765592,130.98867280682865
138.75448791205875,106.97011994334068,31.04201584773487,131.48881217513207
138.90275052775436,105.59871866442957,30.745490616343655,131.79733985644768
140.69046221370527,106.99760611843419,29.602987897216178,131.43248560121276
142.3547652000053,109.37404493635684,28.68028287251915,131.49140986117348
142.1906881800528,102.94693120422129,29.008436912424155,130.01191945310038
142.15272070915,103.47837249568187,29.08437185422972,128.9490368701792
143.23604381143207,102.99885063406865,29.27894961632208,127.54685662674922
143.3417106281556,106.21365241565252,29.067615982875004,128.15332291038618
143.37054736376717,108.32568429910972,29.009942511651822,128.62881891375815
144.1747179205132,108.82022019430582,29.75691938933725,127.63974712336598
144.0357147937107,106.35370194495904,30.03492564294224,127.86115275283433
143.62196230816176,107.91450181055811,30.86243061404015,127.10378726239963
143.53190503246805,110.66795671632758,31.042545165427555,126.3357242948391
143.13876363292331,107.36760206647853,31.828827964517043,125.85017813886645
144.04454238576452,108.65818818639592,32.387475566701255,125.63921100689831
143.7908521599922,110.19507961406498,32.89485601824586,124.94324856445871
143.50015814680108,106.96032472034841,33.47624404462813,124.2798949990954
142.5271660657765,109.15783741071715,33.04298917148401,124.64334768874448
141.37101651803002,109.72995512971679,32.97909220039078,125.87530831733143
140.97817701121133,109.36720302917143,33.76477121402815,126.60081251842212
140.22104368478782,109.6093910547927,35.27903786687516,126.11643646717961
139.66227401988897,110.60086700245344,36.39657719667287,126.5724291873572
138.63940285550356,109.87694540689364,38.44231952544369,125.55400917156334
136.3703330071729,110.36937873884327,40.490592140828994,124.56914250766408
135.37657155452501,109.51857225579091,42.478115046124714,123.75711038302794
134.5805429088868,108.44868757202579,44.0701723374012,123.35843670899412
133.8086441018251,109.99353145464374,45.61396995152454,122.83044022849867
133.36864316838972,107.29854277032798,46.49397181839532,123.05631908449405
133.11918019192876,106.14909455876234,46.99289777131723,122.75407863143491
134.51011322265708,106.1189416597057,46.816800234300736,122.8143844295482
134.7167299695985,107.13352447297058,46.40356674041788,123.38868947642646
134.97712256804226,106.02024815577568,45.88278154353034,123.01096652129894
135.36709474510553,105.61969424885257,45.1028371894038,123.81207433514516
137.03648926152778,105.70057134227399,44.350921132613934,123.65032014830231
138.7584077178376,101.40522225766085,43.47803505246682,124.52816582011098
139.08339695914884,101.58112661750813,42.82805656984429,124.17635710041642
140.56746847653358,101.64736908750884,42.41071003012118,124.04387216041502
140.60351359976576,100.81026566314094,42.338619783656796,123.17677731361397
140.68098077622219,102.08951597199135,42.183685430743914,123.14590417545196
142.37989168618006,100.55469026487619,41.310227032502844,123.69119216800763
143.8809746626166,100.53059031730083,40.82424035749388,123.73939206315832
143.8156770206565,98.0620491476373,40.95483564141412,123.66053887948019
143.82464696737622,99.60897422114795,40.93689574797461,123.07592707587668
145.21164573785722,98.56534561247992,40.66349028440112,122.66259221582426
144.0075130261605,97.93829122359335,40.58204989855747,121.42699518436025
145.40882725784425,99.51707163411345,40.25005392461237,120.74006685274247
144.35626598714924,99.79935451786596,39.90039432787295,120.17550108523746
144.51275484793075,101.265694249499,39.58741660630995,119.68317050024139
145.7342892529607,99.40596935600333,39.57196124962397,118.54739338048486
144.62335970682577,99.97993225457861,39.38265063126657,117.39946758333429
145.82931358830737,96.72659510132442,39.362110186170135,116.7320399362424
144.6972392184668,99.39353503872022,39.24477033101195,116.16113725112939
144.66758021428177,95.71892820581243,39.30408833938204,116.39670730881738
144.43450673492464,98.36928953665955,39.77023529809625,115.84729073935556
145.5990563135921,98.28130007854122,39.8174658167457,116.02326965559223
142.0677338809339,96.82923324375562,39.741013106941516,116.5477041334566
144.27817667171672,96.61653655665545,40.091687119060126,116.97309750765695
143.01346667474758,97.95466911173409,40.22286966143563,116.69506984906239
142.98437160218913,97.08206082741417,40.28105980655256,116.04362225585615
144.12933385214862,99.53047893423648,40.379567903209,115.92365123536243
142.8116635022945,95.99015428397117,40.62639530653544,115.8387606467476
144.03875536607555,97.5023982391951,40.564001121204555,115.20606227853094
142.94844861488124,95.30258751464012,40.362990856153544,114.84243619276162
143.2190292218689,95.11867258272652,39.8218296421782,115.21026605658884
142.2669524002601,94.19870174877914,39.35779681131527,114.682021250403
143.80815164899093,92.65459754788475,38.62759922298258,115.4180287430628
141.68315465731527,92.94033906369765,38.17888484861772,114.84654571143699
141.9426202964845,91.51204494275741,37.65995357027927,115.37012275599457
141.0843303255487,90.3153166095327,37.045586159949515,115.43263207024265
140.0886495783829,93.11419082147324,36.71639760772453,114.47598373947464
138.09552405233535,90.81519254695759,36.100827255292614,114.47215888397889
138.54465353538654,91.19596842734738,35.20256828919021,113.71060712319931
138.87859424102322,91.39032841138788,34.53468687791684,113.32188715511829
133.13063839815743,89.8919656141633,34.80917002228452,111.83004133302188
132.99221871309547,91.38320681358053,35.08600939240843,111.0757804410785
129.47409615895302,90.73230029689634,35.45436394821438,110.15496329028724
128.58332081811812,90.85873873790952,35.019576752877704,109.90208640826089
128.9097549278485,92.00416940511974,34.36670853341694,109.81597428013062
123.43250707994278,88.84783599002948,34.36372603670948,109.55415419479974
122.13678056531502,87.17410378338187,34.76745177669549,110.71389131882547
118.5243678917066,88.50529589702435,35.35740695791626,110.26313048020587
117.20986345420657,88.5351107576308,35.770324546123526,110.20350075899296
113.08957875522556,91.10016964438213,37.34239657675053,109.51904789704696
108.73317508601258,90.39405147783405,39.329609787372604,108.68941952087513
108.12900199825164,92.7658726654686,40.537955962894465,108.47803075948826
100.67675378912311,92.63059823488733,41.73293546909497,106.46366013530806
94.38702863758202,49.58253302417111,40.647579060975715,110.57095028953185
93.21146072561756,40.73528145372859,40.68184149022519,112.0473396676608
92.88863310465541,51.65141811994963,38.98887724652331,115.93988067710661
91.66763298364488,48.339989209944605,36.704100569970876,120.1993500378299
91.3551739178847,75.32747002590774,34.947167142393226,125.77067738335418
90.86438762474727,68.58696071918679,33.500885675326174,131.9681338367703
91.28371708302603,72.94580171363856,32.662226758768654,135.68941478133792
85.57723698163701,71.07110957206244,33.979016042055974,134.39071360474483
79.04187639163317,79.99086017478797,36.92626589194345,129.20555156194405
74.61556793005806,83.73895395036416,40.75223409542484,124.2226883706261
73.04889367493354,90.90594500539856,43.88558260567387,119.94278945772237
69.406676951096,96.57801623030441,46.15100592098031,116.12716220646362
67.77214702972047,99.38887324312518,46.9246095052897,113.00090443926378
56.788521116942746,93.38533968366843,46.71420028606292,110.22286419498909
53.07112113231973,90.78314855781609,44.467681287907105,113.00691670484329
50.580141004859996,78.30816499236714,42.18820081082771,116.17256163974454
52.69665471475731,87.30304972358294,40.380048595806116,117.58179381549706
48.48451367900483,88.70790177457559,36.74347779792073,124.42077200902406
47.20263873377223,77.35317405108157,34.422586509369516,127.59166273994653
45.772268753550776,62.32843030078952,32.39600434434408,130.7608785504546
86.89510013533447,33.203937229648695,35.89622412729294,122.86304101399513
86.99677749790109,33.10967042639704,38.09740855411546,113.43341801267552
86.05544752563537,32.802894975427435,39.980068498646894,104.80133992400522
85.25356088532983,32.875733322461485,41.583841779257966,95.76702851674972
85.53231701484965,38.46120247555254,41.02632952021833,88.837115163958
87.07134721578319,42.293723165440156,39.95841428805089,83.1822189538824
88.30214842787589,38.912754108636754,37.49681186386546,78.48942081787625
90.50132929081568,39.07299241294325,34.89625935130895,74.57332578261719
91.77709812923798,40.38357364455799,32.344721674464324,71.95216331938771
92.84910964679885,40.74073371213724,30.200698639342598,69.62525299747253
93.59150599577016,40.478362587120465,28.715905941399967,67.06777971728634
94.23643148574024,42.12083230582017,27.426054961459826,65.26070706790361
93.26535920567221,41.507876974460125,26.510381612825896,63.62879982185372
93.61016150190844,42.87477221740552,25.820777020353447,62.28410960246895
93.23515903327274,42.64469636168337,25.213334765903696,61.386814122192135
93.68200615224897,42.97938029376033,24.319640527951236,60.71744625803823
94.85352535354569,43.77209979763212,23.284741921488745,60.44014704642559
94.53955696247549,44.45486446272905,22.6270444812479,60.36025193861297
94.22040461437703,44.76671268183,21.992683859382723,59.736555500411065
94.49768659076854,44.8256996066068,21.438119906599717,59.61858165085748
94.00266265418728,44.4715708806261,21.187591477268242,59.08626280032484
94.08488660400839,43.33145360854348,21.023143577625994,58.9096400193704
94.19297393668914,43.290131781728554,20.806968912264487,58.992283673000244
93.53774201663337,42.95252872760366,20.89725080601556,58.44730783488957
94.25890637250001,43.475639724932186,20.668957166153145,58.615120912103365
94.50854101733658,43.32607435246912,20.169687876480005,58.914251657029496
94.06782255949332,43.53913984518592,19.84365181348962,58.488120671595894
94.82277328633508,44.16771714768045,19.529203111641547,58.426418818442265
94.09422779654882,44.596964309827094,19.79746574948123,57.56792449414898
94.88350953319188,44.04816506901649,19.400398454015455,57.48402679794983
94.40604392471526,43.672346379039716,19.182273174611566,57.062607681546254
93.96207937406028,44.258166505791614,18.907132380379597,57.05403732358438
94.38828362537318,43.45696069392815,19.212638276362913,56.34062015009309
94.26530322575832,43.06046537888013,19.458599075592648,55.980270592288704
93.66076166754266,42.84533082811786,19.514998904631987,56.41053969381325
93.90088228631524,41.845609805112744,19.03475766708685,57.250134443466436
94.58297493244635,42.95586164587998,18.833613386786737,57.35571278585621
94.18772799853751,42.221144274370275,18.463249213676534,57.664289487947734
93.79663905649002,42.913752101282064,18.086986041768487,58.59595594613019
93.16597395522062,43.804696405160506,18.183597388922923,57.97878619375767
93.14364990267443,42.039007884915364,18.228245494015304,58.03690464177989
93.12405723388827,41.47074952389193,18.267430831587617,58.0140206547518
92.55838271692858,41.734781452493166,18.238981234778265,57.48595679754933
91.94345417841178,42.741367720154685,18.317056854637865,56.62456571940029
92.02874229519782,41.84027459303578,18.146480621065805,56.14478005091776
91.95420270078533,42.96413006435558,18.295559809890772,56.15914076198412
92.4968156785099,42.33189233851422,18.34431129203509,56.28963877607336
92.16480865860531,43.1114044132668,17.871598368781004,57.00406855269477
92.81026651753879,41.84087220074841,17.718855537741014,57.268787204077626
92.22216815564268,42.71950704186999,17.755946154485777,56.65062362888193
92.23933592103776,41.646598060010774,17.721610623695582,56.534388594195654
91.67499544297175,42.41439701754823,17.721547043293413,56.12753521565496
91.71327189034719,42.01149699211226,17.644994148542548,55.81036347242528
92.23976817487443,43.389810782665926,17.709062272360146,55.28785727706209
92.30428672035885,41.688498735169404,17.58002518139131,55.35801113753994
92.46610599725875,42.13095711850713,17.2563866275915,55.58253878458926
93.14762795527263,41.9120798683155,17.00000312508564,56.020293284972524
92.11999905233658,40.25353915110023,16.839021501926535,56.01301557585625
92.36279286569643,41.21746897162109,16.353433875206836,56.29522119887482
93.10812077564272,40.645964661183704,15.962774446948542,56.338233428115316
93.24027457270131,40.97518887918346,15.698466852831363,56.77309896233508
92.7452386786687,40.662010402617284,15.594039518879109,56.30495679344994
93.2629828497819,41.062641960847635,15.64449425075576,55.50369367698924
91.63647143964927,40.23384611264717,15.670750363005572,55.01010756804652
92.62421007667685,41.25970216851857,15.833502605681907,54.02751021466947
92.52446031073265,39.32659890578602,16.033002137570286,53.66063389520566
92.54065092319159,41.36126495160895,16.000620912652412,53.818464551368336
93.0468979793805,40.418505901795726,16.046548865633497,53.587138520276966
91.26469738024156,42.870595739900146,15.386940991680607,53.96297018435662
91.97947711063503,44.31781916903893,15.006415898235351,53.166592060762476
92.39901439440979,43.12412794308914,15.19802674310132,52.46191827541561
92.56968626974152,43.56225095121549,14.85668299243785,52.609986834938304
93.24424510331913,44.43944418771408,14.527598227347362,52.89566616607057
93.64190972930324,41.87148876847715,14.750165673927153,52.94209351180447
92.67524806623584,42.829569295341585,14.63804191092541,53.07137954721213
92.61040842998273,40.280032768481576,14.767721183431625,53.05822982499933
92.43468426420903,40.827772387247286,15.11916951497903,52.98744038396323
93.34376856863757,42.30021245632251,15.361529296659516,53.133352831619106
93.41006782526772,40.555725926759564,15.228930783399225,53.511787046490184
93.95059255732808,41.410856225080316,15.187596367834772,53.88095654696126
94.07137260979107,39.84531835193273,14.946036262908779,53.879577467981186
93.59204077512653,38.968739178672315,14.865090087816789,53.55351612565984
93.08470967348909,39.45775539906293,14.84625575178891,53.60898022418138
93.09514958472737,39.568504474630785,14.825375929312349,53.38748207304568
93.09265787199456,40.57655576717866,14.830359354777956,52.40179125071307
93.0693718534798,40.12523747655377,14.876931391807478,52.28782452343869
93.47973443858598,41.43968926984144,15.072071527152318,51.690651547977716
93.09323320336459,40.68186139316872,14.834002409982055,51.1841641260971
92.7485926094163,42.90108476632629,14.523802704827592,50.743640951986045
93.19633868922385,40.40691768302866,14.615784958986353,50.794603049712165
93.4108861054824,45.80572234862068,14.18669012646923,51.87591736991802
93.42784017787179,40.398552039363196,14.15278198169048,51.72181355894305
93.52145097606507,41.38207279218528,13.965560385303931,51.743419679006834
93.5286680789959,39.5082806122074,13.951126179442236,51.526562474704825
94.0182953459574,41.13553108386661,13.959657347125763,51.23541863620591
94.59352024481178,42.04212025481922,13.793053429429909,51.389932054326536
95.17284269642083,43.07386531888869,13.617297696255019,51.292220266273965
96.01396977167903,38.914057972899144,13.891452517538749,51.78619907105252
95.36269834123294,40.87972857167685,14.203676944512342,51.81613160917132
95.02845423279813,40.32589847928834,14.872165161381986,51.92718387789904
94.85182326531289,40.33506677235287,15.225427096352458,51.90884729176999
94.16382272494478,39.38154803154543,15.58441834392126,51.78186510705005
94.20991084648658,38.758028583831766,15.492242100837672,52.00702148806566
93.15806387736913,38.337429036017866,15.549220587854434,51.824862858084394
93.65567716505328,39.92117341948743,15.575832138776073,51.72288847001511
94.30480192986572,39.244178686748356,15.298471191457393,52.05598935318704
94.920356589982,38.61131703016513,15.08781056467695,52.30126397290137
93.67307548050854,38.3272856399592,15.54239121637082,51.849335969686706
94.16679066399563,39.45962038584136,15.57701856791544,51.62878191496
94.22123775706635,37.493552069497355,15.468124381773993,51.48260417668895
