213.5,121.5,21,95
209.09465815872016,117.95939769519475,23.61662573559027,94.1557940136513
206.99926734798984,116.61288245112854,26.037844335795985,93.30969845927382
203.72598180583435,117.01594608879111,28.977812210154887,92.50357118394868
201.0486752804525,115.2532494620715,32.48588237569856,92.33587866694783
197.05933650327933,116.55656458414946,36.647818398492475,91.63761918856815
196.0312725500321,115.51333903277366,38.703946304986886,91.75077320086504
197.1756258279696,114.40828821057013,38.4267351636162,91.9493794307678
198.28585842668707,112.71037689819718,36.206269966181246,93.33575305800728
199.42228635378487,109.18915154515406,33.933414111985634,94.4087500049514
203.3257895850149,108.91246888158335,32.01912977376102,94.96211533209282
205.87106849892973,108.79326266421296,30.803199866436724,95.20052776683359
209.76695543742585,108.755745922383,30.68514565514765,95.27556125049352
210.01006553180287,109.6893200149152,32.116251970454805,95.32573956949031
208.509939991782,110.73296540744408,35.11650305049653,95.18271540757091
205.89154875324095,110.93309697355011,38.35658051883381,94.78245227535888
202.95539403508806,111.01157171982804,42.17982763096949,94.62550278280301
200.35985642738936,111.15395326717072,45.256436454042344,94.34073968811765
198.8698950554769,110.11363086094622,46.07221898672985,94.25724428942925
201.84368572631539,108.76602064569789,44.47883696787251,94.77536505851612
202.34947721111132,106.07706545653862,41.31033139679176,95.83943023385697
205.15702635144982,105.7964942962841,37.81196430435484,96.40057255436604
205.4352978172682,104.54276454600948,35.19279901023826,96.84540969243548
208.139121169512,103.35563607904257,33.82891163844542,97.19778696002193
209.547085903837,103.42689776716625,33.01515670565079,97.05526358377453
209.69348564508743,103.75686622607681,34.70767317411129,96.39532666595343
206.89706311293315,104.1955584207891,38.29385472072624,95.51794227652886
204.97504166393907,102.08494744837309,42.137897618714405,95.62209168333985
204.35082299252798,102.18857840730766,45.51451550679381,95.41482976547069
204.92215973059444,98.77744703404699,46.556143957326746,95.68418673199443
204.57122211194147,95.11211406821482,45.051668808388335,96.3958015049256
207.35077222416382,93.85541778572302,41.68309269929104,96.71866995456182
210.95847636596304,93.77751164800274,38.739765075320456,96.87448223000237
214.24784547009693,96.84677328138864,36.33307397220136,96.99402962095361
215.99323819299528,95.6697327756473,34.88687666835836,97.30352249048259
213.86496307687986,96.96884669376327,35.09764240189055,96.72818690359995
211.58547241288835,100.20825579156183,37.63814205320498,96.3048137380085
209.9351355094887,100.43430337378095,40.93881586000431,95.85271857357026
208.12047113700697,99.48124742966122,44.568144604967785,95.64847438841915
208.68896629857804,98.83252845177128,47.77354656376279,96.94591234419902
207.93989499961438,97.5258148043086,49.27168916169014,97.3134229098434
207.5323899982289,102.35975551525631,47.80947755813561,96.75442791324994
212.49525146044746,104.8664153262237,44.6149722408001,96.22858669604958
215.30200947961842,105.83474901809092,41.18191415295455,96.47237726281152
218.02765622152612,108.76833376957143,37.854238197940106,96.97606034625336
217.25783783361038,110.48458844487428,35.25057274241633,97.68685322700289
216.2041995052542,110.34647714426167,33.28793075422714,97.96307582822809
216.3829185756668,112.4210114837614,32.93049261340194,97.82046336010305
213.04750340770397,111.84588034875287,35.61198438780441,96.97605634935854
208.33737470323103,113.11126780873822,38.93826613351919,96.47660665046484
203.21807617886742,113.3433770512273,42.92535675286993,96.01238816548668
198.39759103682624,111.30228613843187,46.12324076657008,95.79917914415608
194.5773358461046,110.61045999002997,47.16223650774538,94.98232656087053
190.81938889913133,107.32845592913027,45.85172492334277,94.92653057390808
189.21294650162525,105.02835212683146,42.515475086621926,95.16064842401703
191.17701757766244,103.82743888944358,38.587332934547554,95.43434320901103
191.66887659630922,102.31500410409318,35.54104873145349,96.39664661391137
190.0205712896262,104.05517347596852,34.79416041834901,96.95980679663123
191.04962511932968,105.90776317092575,34.75235226393579,97.28722641670427
192.61963703507047,104.90537488433725,35.65277098067245,97.27178171577215
190.52876133241546,105.38884951292742,37.79822755395169,96.30483245859179
192.3924258939943,109.28996279255486,40.25389879144354,96.74660638020298
190.91355182271937,108.807495694256,43.21164693399337,95.6004065619649
191.8606579995037,111.15893286268454,45.61091992506752,95.19101756975068
191.2620520635796,110.2968824423696,46.80813179691575,94.73240266600317
190.2976141626437,111.15590643867243,46.54019733970872,95.21116493247635
191.0443123908997,111.09011228539012,45.046800883196696,95.34275323904099
194.89928163815506,111.12251343424381,41.687061188700554,95.27795094133357
197.75587657379305,110.98208672871213,38.08912089646095,95.55880435239695
201.16023832280996,110.2318511783161,35.39133670465425,95.00380580007544
207.60556667091427,108.79086111201623,34.495277926087226,93.88758662679467
213.94704201298026,108.44918903682375,35.580958416747045,92.6039834664951
216.36878270730432,104.88030366241442,38.609848000667,91.86938324274567
214.62915678291824,102.97070334810704,42.089099849439165,91.66550145229331
212.27493748093548,103.33734442209314,44.72765524184524,90.93221930432112
207.7853793429947,102.35002750038684,45.28609161839772,90.80168317290142
201.71929899176257,99.47098207290841,44.740639510797244,90.22096762282588
196.2846675187789,102.8601765572887,43.039947103131624,89.7275563308818
191.9125588906758,101.75144824352726,39.434635142250734,89.8867580888901
190.54381611079265,102.19552297756906,36.179813294743745,88.99860862080651
189.437020146253,98.60989772708223,34.539519744857266,88.46208816384866
189.1839469348544,93.47932573011245,35.04566616765445,87.38367129372207
193.58636959016053,85.85851887061833,35.65813249164683,87.55758639734292
194.58193576253316,80.7615146754637,37.46076925391791,86.37028746660296
194.714869966788,80.79945721088646,39.10659092483532,84.3827123163304
193.67377019165428,79.60692477507544,41.18879047510273,82.94426329996178
195.95007997235672,79.21106510051867,42.41718332688147,81.80897851134745
196.4331169091133,79.5806832717068,43.38268180922531,81.06974216897117
195.60706222117844,81.95385484043081,43.09750631888693,82.1352536301473
196.11852986099382,87.12243405865222,42.07457103925617,83.48650100038762
196.08938401107685,95.61704501978652,40.182594713425175,85.99995933476802
195.71873725786088,98.61771084812725,37.015681222356825,87.81504167308718
199.19034714593232,101.21040747278487,33.92188929126483,88.40379019134835
201.0125949442312,104.50571614143156,32.15540851590405,87.4472173177659
201.88635711844756,106.98112298388781,32.24038212135458,86.16139954061974
203.7940701899351,111.0589721295812,33.87179499416128,85.2681532702753
204.49820628447424,112.2165563916816,36.12763064546132,84.78503866626366
202.9977827872672,119.048907108826,39.12847763987542,84.1766938528603
201.64290909425048,124.44137627112391,41.83822502590884,82.93746280642813
201.321620449322,130.5209916041457,42.480802315765814,82.40707034743417
200.460771097141,128.17171686623047,42.26105204189983,83.22272186680867
199.23073275074947,130.57425109482952,40.82188142005991,84.26652438154507
199.48755356709333,132.86623632884718,38.36827341375208,85.50245303437003
200.06153619717938,133.170285256828,35.30521872381378,86.8094446081746
201.15642638479648,136.54007961978465,33.11543834857959,87.58912642985447
201.47748617899387,136.2625582533432,32.47331876018479,88.14416916273733
199.10184650796285,135.36934199845672,33.528166757836914,88.08238600030535
194.57994134286662,133.68994104850208,36.97298661863986,85.84219743082514
196.56289045742008,132.18015885874166,38.6933856182701,85.07089699118782
195.57096593108173,128.8195956036846,40.67723467094679,86.04843956051876
196.38785603039975,125.45094852852534,41.00689741217386,86.89540489124799
197.50548943126904,119.66690266661746,40.753166068449794,88.55581932499126
198.10125558555254,119.52130714967386,39.5616337598828,88.84701035887846
199.60380311055454,114.99067432173445,38.541135467686566,89.96988898352622
200.22335016086328,116.37281032105139,37.302041367069066,91.17135208115054
202.38302226648688,116.03193710187705,36.93917652200556,91.85309851949921
205.1388129693264,118.23707827873109,37.37239020622246,91.40601289238847
206.61621806431273,120.47018641338792,38.383329467708165,90.90554607453316
209.07024702545007,116.03597883903274,39.45607676431905,91.79955426472942
204.96024974106393,117.95723301882786,39.57402987602099,92.0080666336743
204.16797550726764,113.6793483308397,41.158578343613534,92.44138885925781
206.58763465109632,123.63184610264507,42.51372830027204,91.11979804859462
201.5607008164405,119.43219836270836,42.22074322834773,89.17224078723207
203.2312208017368,122.43621211752455,40.915589709812856,89.2718726337731
205.93255406503596,124.27720411356125,39.54198160310819,89.61894706159329
207.57214911737285,130.37048686962933,40.25368197194403,87.40960773323121
208.53927333296872,130.06618510160325,40.29529351018897,88.0182112692834
208.35374102866479,135.40742032452135,40.66635811879686,85.27749325835366
210.96385816842698,131.46688944969816,39.350151415394514,87.30251364381695
212.61101187859333,134.90553501121042,39.97277425586794,86.30061791200157
212.20226662091645,137.46979808637502,40.79026477122169,85.08171650672062
213.12728014770272,139.4481435972928,42.84286841728053,81.12502548488506
214.47995076822207,141.5234955904129,43.99520449968415,78.90316016036603
217.3830501659344,143.0537505631727,45.8521646149079,75.84265021484642
210.94133951081196,130.2709500045276,47.324490763523386,72.88051342806307
213.4667169175462,130.13660593681587,47.92053492623333,71.26693523809371
212.16338135883962,129.64698201053957,46.79131762983141,72.24618309064631
212.54369165993907,131.31945308464435,46.030697027632485,72.6289618699481
216.09400398895366,125.54318277817792,44.50071963808542,73.0402079459167
218.42489779750994,133.77097025333313,41.67627882501955,76.79544784012036
221.27316162865895,133.81895422941676,39.66993009574024,78.54456935446242
223.3761432296932,136.1222129351093,37.30027505096875,79.44697641496836
224.73528915800577,131.8530248832173,36.39032318586249,80.75199255267708
221.3939484435977,129.0530113348495,37.63883847187809,80.9178535066122
223.49518508447233,129.77055614646594,37.107706704802666,81.31843464071616
225.41844514728592,131.12840395990042,36.9255885580547,82.2671409927265
226.9088051277553,126.52584627258621,35.787653602810735,84.10111634457579
227.38637234504242,123.69932693086314,34.8325191682365,84.20628813550903
228.30421218947103,122.38839041597006,34.830710788961255,83.16041854613128
229.30770678462437,124.67763996774724,34.64246355189212,84.03814530228954
230.12941400475074,122.36056668660977,34.827117045290066,86.84422393091373
230.1033872484985,118.67589634380174,34.87917055779455,84.85458542913469
229.85067512562537,112.43975559251719,35.38459480354085,82.57444627084274
228.4575945167225,110.08131904467098,34.530593877490034,80.01099507882213
226.866533914743,107.935005915855,34.176917772498015,78.99992537302754
225.05217262254243,113.13966019762972,34.31160358551154,77.32570873794725
224.44229648238598,114.65690246803314,35.5313558658244,76.01635877967777
224.63940827261067,115.40304826659934,36.86462270365285,74.52406718254535
222.4629308671588,115.88900120134699,37.75976279228549,73.55216131305006
223.87399923255384,115.2555311107665,38.39790551309058,73.08896176841347
224.94400724077335,114.98629798628093,37.992208574796926,73.62742801738462
228.2085745360049,112.7869212654097,36.668823570936425,74.55568173472531
231.15205654854807,111.0465891393255,34.23381038710444,74.58439514563936
232.4534225078835,111.21060872850366,31.631078468433575,75.9403176090025
234.1846404538914,109.79110074314718,29.826363439935413,77.12161271619784
235.43595278362045,110.92941400611706,28.966271258127875,78.13005114555918
235.80484866870287,111.29267222446897,29.87000710670869,79.04506232760102
235.96302439460027,111.03239151809302,31.2245764044565,79.56562374035293
232.9998123734466,111.70702427373207,33.74559953154335,79.91905868668508
229.64626619114378,112.39423254313533,36.947326186141765,80.29732500288212
228.84281278599966,112.17908339543243,38.55423299643002,80.72762329828795
227.21541876279014,112.11434427846807,39.96015167381303,80.85710153221666
226.44235872669367,111.91996733704651,39.63108726658185,81.24585541505976
224.44843296038903,113.6032506916412,37.993460846395365,81.6296073410676
222.27284737941852,110.47408917220551,34.93571619901741,82.3312435229497
221.89686733595354,111.03233395029588,32.07043115158599,83.02337653394966
221.90044734528044,108.63489483443911,30.29573197996599,84.28317645973084
218.31093346876,111.48196757687099,30.460348140263626,83.84983966942448
215.89596917113994,111.99974340580087,31.78950533197481,82.81428801156471
214.36223439797072,107.99803421441676,33.09747871997888,83.77972176099567
213.0454964947776,108.46704134412187,35.73095452636512,82.84170750158545
211.12849004168507,107.87855636073262,37.7348984277863,82.18860846360005
211.078045834592,107.62640984693394,39.6916249989014,82.6929014911974
209.73813271466219,107.1022589592506,40.47411111905554,83.74120326656407
211.1038268179984,107.83444223062017,39.6689739489591,84.20308776040095
211.32985504346712,104.49926184157815,37.29795243961716,85.11655336327159
211.8190406415858,104.19121156669678,34.42892157500452,85.73265391303431
213.99448005081842,103.84361508917141,31.926729252342586,86.42784686808507
215.61575966673982,101.89406657068153,30.497944906591833,86.69939413288068
214.10817590350698,104.57314873245917,29.92953507045331,86.71659585323174
213.437588931638,103.43641171260415,31.27070901419127,87.20837465605706
211.66319541734575,106.25790300576566,33.006416917726376,87.00462944488233
212.97552209186733,109.2007112027103,34.06474293905852,86.643482106556
212.2741866983567,111.30039535043841,35.46741372607984,86.15468484802955
214.80614920595937,112.16577336260242,36.02327949700758,86.29719241907921
211.7719263781522,106.0026298138448,36.4361450263191,85.42712588855436
211.78186092657552,102.07227616397056,34.536339029072536,85.76808558670345
212.32326587370733,102.02144194687169,33.45352913480895,84.01864130294635
214.69520578057828,100.6415134780919,32.322853615072795,81.35869179949727
214.45344912995458,102.01977208528464,31.0582385646563,80.35030293677568
213.72248896152726,99.57207573904927,30.809163274158756,78.40171311983785
213.99141299183268,103.77155278567763,31.949848005880245,76.7168901959104
211.7201472883839,104.38758141716386,33.14320027379332,75.48483293293793
209.71792626038317,105.63060088199832,33.79189295188593,74.67666869222344
208.65281613117057,102.9406558321575,32.56700071507031,73.34633380142353
206.57897823535177,103.77197315221024,33.44122233866895,71.68369916131806
205.52925083093476,105.46195933262962,33.912782529950334,69.9316214180319
204.25894583577863,105.33894970293767,34.84282839350499,66.95651242390063
204.36076217604324,105.70540717875522,34.639195712975756,64.64052598024779
205.07475388141296,107.20838411398897,33.21121230223635,63.18008260378978
204.8766864832022,110.13573555624133,32.10782780586405,61.82393759766629
205.05389494647454,113.45453165941234,30.29279350080206,61.02881490539347
205.4937410005064,118.02701936343776,29.413101392738394,60.38959279888932
206.7379190749784,122.01148447895089,28.31776862373063,59.38577946754444
208.50781009903307,126.00034434878098,27.496629058405265,58.2046659348442
208.58225352876175,130.57079724794056,27.34774219894792,57.0305020120954
208.196068009413,133.62723951741035,26.812038330121194,56.149917103252754
207.24038817323586,135.9873696964736,26.15159291094303,55.28736438242499
208.28186273783209,136.36897858071754,25.33046117780322,54.5241466139371
208.16956192044566,138.9132111908481,24.318697851037868,54.381141239828686
209.20990878457317,140.19793993790904,23.454556327881097,54.2447881559034
209.39780411907154,141.54843312569497,23.07876565888439,53.94250739346285
209.39916259449492,141.28357821579348,23.07604870803761,53.283878868095265
208.98737115968228,142.67574417278914,23.8996315776629,52.85706677844847
208.70091578322564,142.2295748429062,24.472542330576164,52.562338349506675
208.5913159871439,142.50410079326937,24.691741922739627,53.206101203290004
209.03966560624832,143.93160659953094,25.001058850866603,53.96913808977435
209.61213528667156,143.17402848333393,25.07864807055981,54.26176574162864
209.2685089141499,142.88794545378275,25.76590081560315,54.833931800731044
207.37087294333352,143.6426498893284,27.06420917764455,55.821486509231086
205.80408966278281,145.04924851069995,27.62678367862225,58.150273386735435
204.50013079552562,142.9240961192794,27.57616825797421,59.742045014414074
202.6346708504024,140.66325269841718,27.25239708715573,61.56060448209525
202.1807629846406,139.74875698874067,26.78791974212912,63.38959590144829
199.60180412312135,139.37172816168106,26.383570800071823,65.53422022184142
197.6620854255011,139.00350145003716,26.02005529436166,67.68499127877945
196.383342224489,138.6620682146829,25.70006234143678,69.80659742696251
193.9706467567046,134.8485473297191,26.135265336416378,71.5800552761045
192.3236155327146,138.31065154779816,27.93268664875916,72.1390525181324
190.50190121096503,141.75025151608568,30.039104006922418,72.9449090082367
190.28493473431746,141.20154182790344,32.05925385903594,74.04232838460123
191.84317845535804,138.76948857034415,33.85635691495156,75.63070790105527
191.35385181269447,137.95639341062048,34.83501020027871,77.25689822050259
192.43253452523362,138.87789313964723,34.410979587701235,78.88056838745064
194.24668869619964,140.03728235558643,32.53209175941744,80.0606309828688
198.00633959393355,136.3848664508743,30.21229838320116,82.1659543730415
202.83292441728534,134.8122230716373,29.168160043794774,83.58943487005605
207.43354796569733,135.18224586188137,28.583063960883308,84.57261949235038
208.8583851024046,135.03209397570387,29.186556488451917,84.87292326470538
209.8739969425331,135.8979992058089,30.63907673633269,84.8829847685642
209.48392075012893,134.9961028543102,33.18762481724799,84.91838177545465
207.6887294079902,134.8552097432166,34.96322120218552,85.20016799764186
209.13249086584335,133.66605022618566,35.77676075213669,85.72795579887504
209.81113444159985,130.93231524201823,36.29207385162266,85.57762501421291
210.3791197541872,128.20682683832385,35.156103226447954,85.38991333344241
212.12938819053244,126.62393956648482,33.51226415510354,84.84229227442839
210.57276581975407,122.59518898143017,32.98650605233813,83.8022863337324
212.25295642008584,121.7605330096688,31.421266519948894,83.67645660898083
213.46492571732088,120.6868236086548,30.762571598329828,84.05863173815784
213.97393581525944,119.58067062911273,29.74455140245274,84.51210103290592
213.0941055218837,118.98471992342897,29.75733633369954,83.95712678876878
211.65374653736473,119.71018790399455,30.898871563523066,84.24537356685204
213.02713430390526,118.72132274622848,31.680039607297573,84.45913209395638
211.56070013497322,121.2737565942865,32.8317854592499,84.69763185557579
208.6258377138564,120.61375413077965,35.09103272636586,84.21239799503063
207.09292150426958,121.79239001521492,36.318314912274,83.69367645942566
205.27895338352226,122.29719501506284,36.24070596582666,82.68406645972982
204.89093998054346,122.00361081967505,35.17995221789538,81.43445429661651
204.20520036341003,122.42859210581423,32.95149206590971,80.58449172433815
202.8842696677112,122.21462258269663,30.34879209245394,81.01243077057333
203.52278321058523,123.18470334111228,29.071765006705927,80.78001391048701
204.3657557746692,122.52466369555552,29.06717412252364,80.4187389576149
202.82780032006596,123.82169573058957,28.79087404791757,79.5007803794531
201.62787152792848,126.41993931727004,29.532754167814282,79.27822559922686
200.2422789040565,125.12168674655308,30.635749589125787,78.53835108779577
196.3189364533224,123.07227230638804,31.77286538234859,77.60500313694183
193.15027037067412,125.29415779016227,33.05742631178275,76.52974632663499
191.90342050814837,125.32846678421156,33.859631465293646,76.46112833853644
190.10976411747833,126.74700433260193,34.03765754397466,75.32869659308523
187.91559105439265,122.68008538940316,33.351987495247464,75.00584085465181
187.02947859532068,121.61304070610794,31.775000676354658,75.46532435272388
186.2598764003247,121.70968079774008,30.007376997471955,75.2720441694596
185.57157870499069,118.44947708653405,28.145611274910053,75.31572936541163
183.92329119359948,118.08215149068407,26.6829460324955,74.4639671353793
182.6625706785025,114.05914799888346,26.108796459597425,73.22320230970448
181.88521793312805,114.96298676101235,26.143845129601218,71.4155247854467
180.8640631860619,113.25460825098287,26.691712948303735,70.34895677921641
179.98634996693056,112.31385944188017,26.95810468570649,69.2523849957018
177.8624364673276,112.49181494442084,26.77171242156742,67.41840090283881
174.5164802499527,109.97560264536446,26.221782033139558,65.20898267777392
171.47885605876974,107.38554881115905,25.263288772820676,63.35534870349988
171.94438322131427,104.14859488492533,24.33223444773157,61.65151715143372
173.0437194008278,104.89405526940986,23.455367399108837,60.16059638246466
174.7581427728242,102.03769712692049,22.595875760213247,59.449924904700396
172.79772180473825,99.99549354646479,22.739565439191708,58.49812905602069
173.22141791023765,100.27936408909036,23.14013833126439,57.9303879707695
172.46295302250843,99.2263870464858,23.41010243078764,57.54241070410826
170.18390565242703,99.22876849065048,24.229623054629307,57.5376478157789
168.62091021064094,98.28194303784034,24.83425023414879,56.909935017346456
165.0086677519451,98.467450029604,25.747280789921387,56.53892103381915
163.44426339798423,97.34327540319455,26.33016554082073,56.24134632961559
160.49304126610318,96.17425272547398,27.11728268202178,56.021728123776235
158.97013731929894,96.37340049902434,27.58440566885801,55.623432576675505
158.49175838842166,96.45761111544434,27.249537137871936,55.45501134383551
157.33653843799794,94.83831479250055,26.993259469394765,54.84352763573625
156.84355590544732,95.63293935908435,26.709250473322577,54.524252563742124
156.10201117783024,96.19263909772319,25.671579640196875,54.66523323064439
154.08788318831444,96.06609344056423,24.722323333434588,54.91832454496232
154.90222574459906,97.14490868325709,24.325078215178625,55.22357404820319
153.7043757771671,100.54900872416762,24.26301363194455,55.788667520676164
151.89183990765386,100.96134232594765,24.180159788094127,56.19997551140838
149.77705986870677,102.74383385665412,24.688321705632138,56.35639061035161
145.32121943511524,103.50253368066006,24.838109918871876,57.34238886346638
145.37563162721267,103.55094152545982,24.729285534676986,58.51419439384786
145.33536363813312,104.70023253407868,24.809821512836066,60.066548602517756
145.55694000255164,104.72837693226548,24.366668783999028,61.31774850273789
144.45586614801272,100.75960018120296,23.933577625099453,62.6672048349194
145.47734190018986,98.891768054429,23.219877715847737,63.7443658982622
144.6150934544798,98.79331302544276,23.612550899645154,65.27309966385741
144.38311189056154,107.15299894380226,24.07651402748167,66.24404749762188
142.00185870761385,107.43944575064327,24.689794887376678,67.05422905260662
139.14115512177094,110.60908187961944,26.19394754268621,66.3379628164893
136.63824692014492,105.11898766565804,28.354766409803663,65.93816109987404
135.87217867851558,106.52868282756418,29.88690289306239,66.02905272157942
134.8120572676379,100.59547681234005,30.523709000356526,67.51140775079926
134.3568668618712,99.72392290264816,31.43408981188994,69.25451557018306
135.09910556396076,99.66263203786816,31.507044084749815,70.93452897678205
135.47845742198615,100.77135462634445,30.748340368699044,71.883283279605
136.10602199315096,99.30835946860313,29.49321122636939,73.22581476115585
136.57952270466953,100.19581797021567,28.54620980333224,74.6119891243208
137.89445677005244,99.62157048362785,27.49986869004577,75.76048409749646
139.747551545743,101.534205463419,26.955926010412462,76.67858444553576
140.12079303986528,104.49903954000729,27.79382538925796,77.0864457607196
137.87824330743254,103.37223349424775,29.06811314304793,77.73465199670089
140.76041843965643,106.0311410422564,31.492255687042714,78.96763114743766
140.58681922938442,109.81067251973111,33.53833819722628,79.90298864068589
141.12388864158717,107.17740368703134,34.21297657292212,81.67197190588277
143.77456006288995,112.42268974455436,34.27050373806141,81.89913980632645
150.18950882548978,114.12204412393547,33.974742898014895,82.081612957608
159.73920902676068,111.9530090024794,32.755087664654916,82.84373416668376
167.88564613982948,107.78452735152268,30.679953227304743,84.07182757420351
170.1051628412708,105.91219221351699,29.755984612135823,86.05896545635801
171.0465315675927,109.02486588501094,29.642403492022055,86.91024344348996
169.91473048452238,109.69612173893694,30.126783460510353,87.34695393329024
169.83216806245218,109.55599046056417,30.29190830465074,87.62721649003579
165.21366045023058,108.6766700289981,32.32380121972237,87.58457677582503
161.41178106660016,110.5161786980989,34.415046487027965,87.58056843759366
157.54617516593453,112.46786164234834,36.52117734683376,87.42725651011172
153.88373268384578,114.14501696017933,38.115029019874626,87.8936347352075
149.2561749333209,111.6198539380166,39.58897068393118,87.10808040178802
147.5928486032372,109.4193685847607,38.995960600471115,85.6295569928586
145.31723027100355,109.39500465737004,37.763345570631465,85.67828484763993
144.4468593091876,107.75914072241153,35.69008777534912,87.04301285809983
146.72350301410663,108.38336654612648,33.02683533702742,87.68459618218625
145.69401201343922,106.21795985089672,31.382600579118908,88.31219281340245
146.96477562164645,106.5875678138647,30.671953818434375,89.40385734319642
146.0182713576735,105.06631190841725,30.731426045428563,90.61283285313966
144.6268742204063,103.20507390270865,31.662370770558354,90.6316097657476
143.52038831327064,103.69504216153756,33.8753425848297,89.65167324808979
142.54454484437937,106.49359519266476,35.82702952261222,87.84473251398774
141.70265413386645,107.5373130129017,37.51081094363807,87.6613272971688
138.36532887331248,105.46844253846986,36.46043432117864,87.93655467424875
138.11433390225065,101.78866367093593,35.04580646025493,87.62964119712724
140.76780087468433,94.41851934797995,33.51288430936066,87.27388266714671
140.66678474728786,94.72002593985005,31.860464199049876,86.67086948340655
141.1859965264558,92.15437962103522,30.822040640714043,86.35398757914056
143.06722111179556,93.60315150713365,30.645065474888163,85.24918080937049
151.8498587530308,93.64685949106595,30.817187511641738,85.16176484150589
155.9839836746197,94.77824416588916,31.426967808547168,84.67460151987609
154.47312222701893,97.51677586128363,32.669041430748635,82.75683667508724
157.62322210888013,101.89726024876293,33.466557982843554,81.09358421594594
159.96029497480166,107.37576694646467,34.08647990499795,78.96001691053823
157.7564106278369,109.35949627469088,35.004561306008235,78.48224554700501
158.23088820638287,114.45501362687226,35.80970486786486,77.06170443738509
160.71322266568814,116.61947107223489,36.087751914360396,74.48036153502854
160.44202839191047,121.63222534972603,34.91535340220572,73.02878827859641
161.8279258850507,122.18491428131222,33.816765770582705,71.92341041542404
163.37651554642994,121.78099217255544,32.35752979124657,71.0933112895152
165.3706862099248,125.47675606396392,31.569870598795198,70.10314777577494
164.07317744787107,126.6415273729549,31.02060927371449,69.34574458238704
162.1651667272752,127.77139071185522,30.182139987433008,68.6375148137442
161.79612147325597,127.25346053605882,29.393757936676252,68.14690260654177
159.3013560010713,127.38419980485948,28.361449559442715,67.88542406894047
157.46564874498992,128.4084483920576,27.58264978589422,67.32033165644793
155.43526923630944,127.15399848360987,27.259165732092356,66.90640275923491
156.21211467297192,124.98813830572122,27.155164637963292,65.43936399822857
156.51070704862397,119.92270411476602,26.55797988665921,64.15677756748022
156.1550128790174,115.74833736663459,25.871802534202068,62.722551222050804
155.5791504993557,111.7347169937061,25.65884745233555,62.5617129207682
157.53222935492488,107.64184139929395,25.828410117964253,62.596023356058325
160.74870972546051,102.01087228160462,26.205865848577847,62.96129523674122
161.87912275633985,97.07703674590293,26.69315786746912,63.21055302586987
166.1713926918307,94.13685758074908,26.426422017358504,63.54570867559683
167.25960354007776,94.51190940778449,27.022821109604408,62.795605021526015
169.52972563364412,91.50656243594659,26.640976960899124,63.26176558063193
169.71703086094288,92.645804474804,26.2663665063016,63.755513471319574
171.03321980785472,93.24140967826851,26.407177135116772,63.950897325709974
169.4932671195702,95.34877946113781,26.703251195468198,63.9119047342978
169.6332957740481,96.25056549942423,26.423193886512433,64.90155324151675
167.39461562578703,102.19701903604984,26.682827651515662,65.66182576282225
163.9966605685422,106.50896902676303,26.37129050525043,66.9883519464526
161.29857392089983,109.42509080683281,26.027368260675544,68.33122781113761
157.04672941746225,113.79485851962127,25.842180841303513,69.7287148828491
154.12591307417415,118.10788247831577,25.8244319922525,71.35658465280764
148.76096432478488,119.38398543713672,26.139569955306644,73.26784710761912
146.0363675042512,122.12523630680477,27.02620545289875,73.86875622625003
142.56970380850032,124.09821695523758,27.777556991099495,74.55927681936014
140.78113205078643,127.40502953482694,28.216817564537422,75.79035901515621
139.83529187778652,127.29071762163503,28.514000403532982,77.61348034854429
141.45304514615515,124.73956356796226,28.530430331233802,79.46385199145172
142.24751745292724,126.12594580027293,28.594219801934223,81.64928977956433
145.30535461871972,125.3952679209365,27.533866967235745,83.1106455382372
147.3492960040519,124.64347945905378,26.819154251059587,84.61422246200263
147.93419518018354,121.65972963380955,27.344178478591893,85.49725437310418
147.2214162371707,117.60030386073814,28.769736364617582,86.7480157791616
147.60524563677083,115.38553274902827,29.76304134987005,87.65563043367587
150.53086324967902,110.78381111670303,31.079982504404885,87.89885322288737
153.004429367365,106.93653625484869,31.59130531401023,88.3154628866263
152.7131111997859,105.86964685475117,32.173941649168384,88.61453008331281
153.65782999171878,102.69354933698472,32.13404113609142,89.4181139064795
154.26808890301717,100.59831804125145,32.77382915877434,89.8879648073866
153.97305716157334,98.76822302852148,33.36389264166201,89.79094915137877
154.94267685711714,97.52271806591627,33.31252053257412,90.39409179458946
157.11808976708372,95.32029888029359,32.752851295908464,91.00777358256731
158.7265595649284,93.80927178981032,31.430150710782687,92.13558875297022
160.34759607133432,92.59244789622316,30.074374019259142,92.68294021885626
159.91742881175887,93.78155040831987,29.065436433316734,92.17400729975617
160.0952901068243,92.04210975667061,28.709713843185867,91.96592096871554
157.25306891865512,92.3217127250722,28.892242786182322,91.40671503191234
154.10508853041438,93.73366552087319,29.699988151827778,90.41221457725572
153.3961028242598,93.02862212483633,31.117959564136953,89.992176315622
152.3950343677905,94.08396353926196,31.27004647292278,89.73154349092353
149.74299838511516,95.50352438203439,31.026819118911533,88.74152157849932
147.1298944580458,94.86914971165464,30.761379300017772,88.17972169491465
144.68977452162486,94.26062471849218,30.18850264468115,87.57906617184672
143.10107194316234,95.54355375083846,29.76848640513483,86.81191880538981
140.73059827938067,93.48651759301845,29.169073931478337,87.36575125355002
140.61178840958516,93.40761445888607,29.406693671069377,87.52355752181475
139.26242772897436,93.19475104720732,30.321760756651642,87.94928434517227
139.9567832617587,91.10570409054245,30.73946678632687,88.51454406801429
139.55441638595795,88.6273615646769,31.54420053792838,88.00497729878066
139.94053514215636,85.31332035844616,32.60138352522614,87.31537771246367
140.42600741343017,83.77623939947622,33.469093272251996,86.71223105125664
140.9330301825912,83.1415594403058,34.3006500267945,86.13598867673288
141.81909814118825,81.40018948373373,34.38071683455614,85.9143231399656
142.8425692893825,80.54058860338397,34.18421638694722,85.78308305188551
145.1429501956854,79.6785385337925,33.27354360720903,85.66213867463466
148.39903490716745,77.31371528596416,32.242413091742634,86.73775923195953
152.60789803020958,76.26440013585385,31.120318844551353,87.01248153245692
161.36498391737098,78.97371201789211,29.874133286994024,87.01651984063554
163.46228426484618,79.72123870931182,29.24945700278907,87.30642866316884
163.48841930024122,87.90607123299068,29.197186931998992,86.93596023675697
165.4380935295871,92.2206313640973,28.840755881189857,87.16413349425034
167.705852264822,95.90764555117275,29.609791005232204,86.8628419127823
164.78282640414255,98.66876550408118,30.12198733383981,86.67445739971672
165.5193686757761,100.60020512164832,30.43350040633882,86.38077339611458
166.32384252290416,102.28778343789517,30.61062181375452,86.57775496696449
165.50141794546147,101.52833964117377,30.463372961983907,86.30454455375134
166.44932344234314,101.6567158592942,30.353085102691296,86.04779211751047
165.6919219077636,102.73438257179819,30.08803389759407,85.6723129667588
164.65859629116648,104.38324371952683,30.385006099066267,85.9139487347456
164.45464424614772,104.42463677406948,30.79291018910377,87.60968516451061
162.98431746083682,104.89309223183673,31.92342100189539,88.4829170068063
160.8551431120734,108.60456548270488,32.495526933994284,90.27557741863995
157.56447769005408,115.07454794206672,33.439524524867295,88.61027900624747
156.10843481693036,120.76747322197775,34.47930234126369,86.5859680956807
153.51058979636096,119.1336920653396,34.08938489834168,86.12979208624976
151.619680940252,121.07718694119825,34.17452544660981,85.93947949848224
150.54157957962073,121.45492984245325,34.483606143661916,85.18399369597222
150.60085850878585,119.18241496415249,34.36504828533167,84.20374588446886
148.09526154662316,120.97846811862897,33.899678531625895,82.43716080152626
149.42099402160662,120.53834214632067,33.03998308177181,81.52564324603001
148.98184346529004,120.11362983350685,32.15495692354239,80.6117406007951
152.17575635300034,119.29003615966798,30.97027260145128,80.5245474640297
152.75292359511897,120.92476396982491,29.815938117214007,80.67893096093445
153.32203283605014,121.17357854038377,28.677719635351643,80.18130181981672
153.4823178935295,123.30664348985702,28.357149520392902,79.24648651852849
154.30417938400694,122.99257791513882,28.359914022723842,78.22813018467909
153.6295017155559,123.64781074767578,28.07729139427185,76.91766451960517
153.87027044561563,121.21577010589817,27.59575393415242,76.95738686550027
154.7053584393731,122.04453385403639,27.52555132896147,76.89983275154782
156.3499160547256,118.87826803003318,27.43219339539293,76.84084980528122
155.07878818819557,116.52303393428502,26.78376212443818,76.76528749075533
155.15772151074637,114.99092505697507,26.625895479336574,76.66452427366636
156.00439644982336,113.06518255693484,26.51072660215577,75.78146627082731
154.1002341181018,111.11245971612124,27.19207884781281,74.9964533257754
153.781490403175,108.93254583414091,27.82956627766641,74.66239982884913
154.61726634466345,108.39286471275099,29.300727251239575,74.17040564335394
157.12290239191648,103.94222640936177,30.652268983579532,73.5274615098634
160.74517945346565,103.40396581016553,31.435290602835934,72.99846755978493
160.90663615634284,101.26420638626188,32.72411228095898,72.44278115595992
161.12352800572074,99.61301792427713,33.91670323254829,72.49240877923917
160.09541085567258,99.67415924603921,34.32496206572468,72.37012613571498
160.82488218313733,99.37764716927632,34.51933647211017,71.30983322792576
160.93098829713122,99.08357527828177,34.30712424412242,70.25674590784101
162.08298480337507,98.3468374002595,33.62529383870238,70.1080590568179
162.66922468260586,98.70054280083508,32.452814080240785,71.0087883512947
163.30900616791607,99.20381818061287,31.173251109620377,71.6030203370413
164.83616330291238,97.92776156604356,29.705844681583613,72.56822572422408
164.5025266277985,99.00605019657858,28.798260587848773,73.56136335107911
165.93887561025062,98.95853570603914,29.071475224088736,73.65639233215799
164.5786234270622,98.25386899408568,30.212768353247633,73.48651451884699
164.905761496852,99.1222416061381,31.155608701412717,73.3468857824868
167.11969412126464,100.11242666972743,31.563227964988236,72.97834382610841
167.20577595769822,97.50243771541412,31.391064292121058,73.35721098665194
166.79269499344437,95.35471400257418,30.601082863150747,74.42037169737576
166.56125899914292,94.31794384200816,29.44646462438557,74.87642179113972
167.203698614172,94.29440255963206,28.16158539432742,74.92350435589191
166.61071053001092,93.27971409066993,27.766482221711613,75.37180195287822
165.70681491131404,96.07478639385577,27.993894429076622,74.52279443659276
161.4847606955521,95.92462442429641,28.576423365786304,74.82311837571149
158.74617522407536,97.57984801779808,29.29229517462567,74.68687061145087
156.12184612912034,98.01794395494757,29.74701614442646,75.40865781052165
153.32873866701118,97.11516600076985,30.483752055159727,75.59772071438202
151.12910002306884,96.62054655969342,31.61828939178035,74.95458962090287
148.3554184378251,95.79274336371671,32.235879055810415,74.9669381773705
144.76144552014506,95.6928765338986,32.80636543928162,75.1666718370067
141.4137353178068,94.82290513729849,32.832475982848486,75.23928716492955
139.11823553450932,93.72974760036716,32.416956289545034,75.75676248549271
138.040590639918,94.20805260032884,31.234262365803215,74.80015248556934
137.20658760143988,91.52500059860157,29.633832823195444,75.26360305967789
137.11077659315677,89.82469194626897,28.213072266867677,75.43945521855514
136.25420994046675,91.55291090990931,26.747401749598495,75.1618211139237
136.5841469705266,88.18362778729268,26.087527689478833,75.66464389404658
134.18591787946835,87.35985108938746,26.221629978573116,75.75807865884958
134.01644763348378,88.04887393171788,26.560570470542242,75.93792612559264
133.10914837039098,88.67748050862241,26.808543695468558,76.24733827304284
132.36198031429467,86.8152383720275,26.727331463817134,76.82072585854445
130.13235880365946,85.98019545399507,26.439809314964258,76.90855663790154
131.11105870903722,86.45989773584509,26.060682149345556,77.52742471933833
132.22947316861053,87.97422810408194,25.404024355945864,77.65910623435843
132.53626924266257,87.59031974715073,24.79043220784176,78.42692294822086
132.5888512055745,89.62850688228173,24.685268282017866,79.05948494271256
134.04488792987303,94.24217689090304,24.926552436028615,79.29221773329323
134.57245192089985,101.02177154086226,25.4558553125842,79.99290616085813
137.14173793562364,103.43925081470309,26.733787768509085,79.97032597720583
138.70669973147298,111.86079284682539,28.485630006106547,79.39979467728162
142.37903647028634,116.89771032636412,29.395990602500035,79.2320006070284
149.45505436445208,118.06465447761113,30.229510623024552,78.56317406107394
151.71162700995848,121.73643181075498,30.72776191337404,77.9014815032692
151.74246743986657,121.85950215934963,30.666081053557836,77.65534080607989
151.68597589625801,123.43678053662161,30.77906414077497,76.16602447880697
150.2311913594,120.73246764394666,30.396992051792637,74.99136793876008
149.80296589252336,116.87391503851137,29.63135432073481,74.59802982557545
149.45254320537705,113.55244467852421,28.72943501473882,74.82991182439537
150.88658593448895,111.52093669384513,27.45129446530976,74.12309306736927
150.4821081649605,105.3584197503446,26.70344004007614,73.99364724004582
151.1972291474622,101.99319427744871,26.814640984420755,73.01688363909761
150.23180841700443,100.4495624040683,27.21600305314781,71.515709209293
149.13631533984335,100.09876707879769,27.8917916377317,70.70210229009594
148.30004343609122,99.82087816648362,28.048709087889154,69.7422537573773
148.7464343518701,98.5224837441504,28.66054304885094,69.32981101700447
148.00087105349593,98.9411913960477,28.642106672109723,68.4923957132099
145.76181864127705,98.26956407264723,28.628766303245335,68.33850196224348
137.03798372614037,98.01201013927344,28.14016321457796,68.85360982899104
131.35651587061992,96.30250879780742,27.555569305316077,70.77917130938525
127.50832373583259,96.24528756289334,27.698374821597668,72.40432952987204
122.25372327120698,100.55286937236228,27.451267953847207,76.08208910750753
116.59677051478215,104.31460131310024,27.67127011834963,79.65252857437883
118.36737471260187,102.98184171987344,27.409720758468424,82.31804776083243
136.61231640660313,105.14607561859253,27.726604775716755,83.0086846095648
159.15258954925267,104.26979433403663,28.2399253381107,84.7612471786766
185.9296085982844,91.6695399165249,28.09875901171135,87.5628097868732
218.23513567744612,81.78668572369824,28.616326516046314,87.96595497551996
243.41230547470704,81.10343035224035,29.750611659802004,89.33246571843574
236.29249921943833,75.64213087160104,29.464682462768607,92.99229382592897
228.79775250174794,81.76734129486275,29.55456233715752,95.6414865403974
242.7899380806222,78.01842474215336,30.095395583006702,99.33595905866983
258.13801637863196,70.2318172107206,28.859551379558944,105.08906999067804
255.91074316405883,60.33835517797782,29.269642960524152,108.69817466343909
247.1330204198991,31.443711802682984,30.178999534972682,110.30691132971432
241.2121324116306,30.881724252169747,31.418253093111506,111.4308864307408
236.3230198359783,38.16851738494473,32.55819933506929,111.97428825654772
233.79434933463938,50.693378570631154,33.23850410280216,113.18678329484459
240.36482584672123,50.431934356225554,33.407457002871794,115.9279893776947
238.97456813569664,57.542734611007425,33.92777788020682,119.78794522584461
233.25268075432885,75.17979249791702,33.74956636238482,124.0285828059212
218.7253344916576,93.59173839386693,34.234199600604775,127.67894167077827
205.73163538104114,103.795202119123,35.808143560059904,129.24412305586614
196.3075673959799,112.51619244103287,37.20561071142463,131.74576391919805
189.4049125266936,115.0430933643136,38.238959414192905,134.35513869411918
182.8485056168058,109.50985266528124,40.90967304311971,134.9795199013351
175.94967049429115,115.47409932871977,44.03120477850888,136.39619971150813
170.40646273890158,112.43741225654828,46.87745581951588,136.976130876003
168.76503332075438,104.7908501146054,50.16031465581029,135.42683194343908
171.71021270860305,105.08254703249922,52.803368607886526,134.84343810765145
170.3758763613474,95.55003702511121,55.47204130239785,133.7232817743457
173.55384781684987,93.02442804434892,57.8612413979035,132.94440439819658
178.80949713621294,93.38810085830426,59.13425676859751,132.21705877028592
182.81048341081944,94.94997522300898,60.00613532758634,132.0512604102771
183.22165904925328,88.93283341558212,59.18378405071863,132.2021469506973
184.36642525649597,92.62383316003664,56.89425163623326,133.69596054327928
185.7306273218871,95.15786098976224,54.16584750545098,134.5076389315184
181.37941528165302,99.68636555188753,51.2558335684696,134.159958320355
177.0009203115987,100.2388738732727,48.62870803721534,135.90097054542542
179.11625893691718,97.79178587799987,47.221591366074,135.1480253769799
174.19653072251086,98.46094022751166,45.911990882128045,133.80971667795632
